1003 62023 62559 62013 61756 61920 61202 0 62487 0 61202 0 61966 0 61202 0 61966 0 61202 0 61966 0 61202 0 61966 0 4845 61911 62254 0 61866 61202 0 61756 0 61866 61202 0 61966 0 61202 0 61966 0 61202 0 61966 0 61202 0 62966 0 61202 0 62966 0 61202 0 62966 0 61202 0 62966 0 62054 15024 3709 0 61920 4845 61875 62004 61920 4845 0 61920 61202 62456 63497 63977 61756 53027 18700 63422 62620 62561 0 61985 61747 61747
1667 41095 61985 16719 0 62970 62995 6663 62609 62009 62088 61202 0 61920 63497 62054 4845 62926 61949 61202 0 62393 0 61920 62088 3709 62456 62054 62701 0 61202 0 62393 0 61920 62088 61202 0 62393 63109 61920 61202 62701 61966 3709 62393 0 62248 61920 61202 62701 61966 3709 62118 62053 62373 61966 4845 0 62248 61920 4845 0 61920 0 61920 61202 0 62248 61920 34587 4845 61911 61966 61920 0 61920 61202 0 62248 61920 34587 4845 0 62389 61920 61202 0 62393 61920 61202 0 62118 61920 34587 4845 61911 62047 62487 62047 61202 0 62393 61920 61202 0 62118 61920 34587 4845 61911 62047 62487 62389 61920 61202 0 62118 61920 34587 61202 0 62047 62487 61920 4845 0 61920 4845 0 61756 0 62118 61920 5199 62088 61202 62455 62306 62118 61920 5199 62088 61202 0 61920 0 61920 4845 62058 61875 62349 61920 61202 63274 61920 8881 62926 61756 61202 0 61920 18700 62088 62254 0 62047 61747 61747
61202 0 61801 61966 318 61202 0 61756 0 62704 0 3833 62363 62370 62389 28119 62058 61875 62349 61866 62088 4845 62053 62393 62393 62806 15024 61202 62905 62306 61966 4845 0 62013 62806 62054 61756 4845 63291 62004 62393 61920 61202 62697 62349 0
4845 0 62118 62118 61756 10559 62393 61866 62539 61920 16719 11533 56374 62053 62088 4845 38718
15533 62393 62806 15024 4845 0 61756 0 45945 10559 62393 62118 62248 62118 62248 61920 8881 62455 62373 61801 5199 62088 4845 62321 61971 63780 61985 61202 0 61756 0 61756 8881 0 62013 61966 5199 62088 38613 55171 61202 0 61756 0 15024 61756 10559 62013 62455 62373 61801
1003 61274 50556 61260 140 11701 61202 0 61756 0 62806 15024 62088 61202 0 61756 0 62806 62054 61202 0 61756 0 61966 61202 0 61756 0 61966 61202 0 61756 0 4845 62954 0 61920 8881 61801 62349 62306 61202 0 61971 0 4845 651 61616 31226 61202 0 61756 0 61756 61202 62325 62349 62118 61920 61202 63497 62054 62118 62053 62704 62487 62348 61747 61747
1667 41095 3709 62393 62118 62053 62393 62806 15024 16780 3709 62393 62118 62053 62393 62806 15024 16780 3709 62393 62118 62053 62393 62806 15024 16780 3709 62393 62118 62053 62704 61920 61202 63679 62697 61920 61202 63679 62697 61920 3709 62393 62118 62053 62704 61920 61202 63679 62697 61920 3709 62393 62118 62053 62704 61920 61202 63679 62697 61920 3709 62393 62118 62053 62393 61920 3709 62456 62054 62118 62053 0 61920 3709 63388 61971 3709 63388 61971 61202 63679 62697 62009 61202 63679 62697 61756 61202 63393 62325 62343 61920 3709 62456 62054 62118 62053 62370 61875 62588 61202 63393 62343 61920 11028 62023 49087 61747 61747
1667 38613 62540 62265 5199 25474 3709 63762 61920 3709 63762 61920 15533 62373 62013 62306 27834 61920 62926 62696 16719 11533 42828 61756 55456 61920 62559 62118 62561 27834 62004 61202 63291 38718 3709 63291 38718 21263 63465 4845 62389 63465 61202 62487 62638 62966 33021 61756 61202 62227 0 62746 61756 10559 62013 62306 63159 61920 11028 62058 62620 62047 62701 62348 61747 61747
1667 3709 62389 63465 61202 0 62254 62966 61985 31277 4845 0 62325 0 45945 61202 0 62118 62053 61966 5199 62118 62058 61202 40241 0 61202 62325 62349 61920 5199 62118 62058 61202 40241 0 62047 5199 60831 3709 18473 0 62248 61920 61202 63679 62697 61920 61202 63679 62697 62009 62047 55456 62009 62254 62343 61866 5199 62088 4845 0 62248 62254 0 62746 61756 3709 62325 62363 62118 61920 61202 62325 62363 0 62325 61202 62487 62047 61920 55324 61801 61202 62325 62363 62047 61202 62325 62363 62047 3709 62393 62487 62047 61920 11028 0 62047 0 62047 61747 61747
4845 55171 61202 63679 62697 62009 60481 0 15024 3709 62118 62325 62118 61920 8881 62363 62370 61920 15533 62254 63170 14890 1812 1812
1667 4845 62343 62373 0 61202 0 62966 62363 62343 63274 61985 16780 4845 62274 61875 62274 63627 8881 62704 62058 62047 61202 0 62966 62363 62343 61801 3709 62393 62118 62053 62393 62806 15024 61202 0 62966 62363 62966 61985 10559 62393 62118 62053 62393 62806 15024 61202 0 62966 62363 62966 61985 10559 62393 62118 62053 62393 62806 62054 61756 10559 62393 62118 62053 62393 62806 62054 61202 0 62966 62363 62966 61985 3709 62118 62053 62393 62806 62054 61756 55324 61801 61202 62227 62701 0 62047 61202 62227 62701 0 15024 3709 62456 62054 62118 62053 62704 62487 62348 61920 3709 62456 62054 62118 62053 62373 61966 50462 61202 0 62638 62966 61985 3709 62456 62054 62118 62053 62373 61966 50462 61202 0 62638 62966 61985 61747 61747
41095 61756 61202 62455 62054 62023 62966 61985 15533 62248 62728 63465 1812 1812 4845 62274 15024 11533 8881 62274 62389 62274 62389 15533 62058 62053 62348 1812 1812
1667 4845 61911 62363 62370 62389 61202 62487 62638 63821 61985 6663 55171 61202 0 61966 0 15024 6663 63002 62348 61756 61202 0 61756 62363 62118 61920 4845 61875 61971 62588 61202 0 62306 61966 61202 63393 61866 62306 61966 61756 61202 63393 61866 62539 61920 10559 62013 62363 62370 61920 61202 62701 61966 61756 15678 62697 61920 62455 62373 61801 61287 3709 62393 61756 62363 63419 61920 61202 62455 62009 62905 61747 61747
1667 3379 61202 0 61756 62701 62806 62054 8881 61756 62363 63419 61920 4845 61915 61966 62701 62806 62054 8881 61756 62363 63419 61920 31938 61756 61202 0 61966 0 15024 61202 62935 62701 0 15024 61756 62088 61202 0 61756 0 62966 61985 61202 62935 62701 15024 61756 61202 62935 62701 0 61985 61202 62935 62701 0 62047 61747 61747
1667 3709 651 61311 4845 62373 62325 63274 61866 61202 0 61756 62325 61202 0 61756 0 62054 61920 61202 62227 62363 63274 61985 38613 62053 62559 62054 63785 61920 4845 62954 62935 62389 61202 62325 0 62325 61202 62325 61756 0 62054 15024 3709 62954 62009 62321 61920 36653 62620 61971 62842 61202 0 62227 62047 11028 61985 61971 62047 61747 61747
201 0 62393 62393 62806 62054 15024 62088 61202 0 62393 62393 62456 62054 15024 61801 10559 62393 62118 62053 62393 62806 15024 61756 61202 0 62389 61920 5199 62088 16719 62363 62389 61202 0 62389 61202 63393 62325 62349 61920 10559 62393 62349 62701 62254 62455 61966 15533 0 62047 61747 61747
61202 0 61920 0 62456 0 61920 0 62054 61202 0 0 62325 40644 61202 0 63195 62118
1667 62053 62373 62393 62806 4845 61911 62265 61756 4845 0 61920 0 62456 0 61202 0 61920 0 61920 61202 0 61920 0 61920 4845 61911 62265 61756 4845 62954 62935 62389 61202 62697 62248 61756 8881 62274 62389 62118 61920 3833 61866 0 62047 61747 61747
1667 61202 0 62638 61966 3709 62227 62704 61801 25211 40241 62254 24560 61202 62539 62348 61920 62088 3833 63195 62118 61756 40039 62389 62260 2699 93 11028 62370 59575 870 1812 1812
1003 62023 55171 61756 61202 62325 62363 62966 27832 55324 61801 61202 62905 0 62970 27832 8881 62455 62373 62456 62054 61756 8881 62455 62373 62456 62054 61756 5199 62088 61202 63497 62058 62053 62047 61747 61747
4845 62343 62373 61756 8881 62118 62053 62393 62806 62054 61756 5199 62088 4845 62393 62118 62053 62393 62806 62054 8881 62363 62370 61920 8881 62058 62053 62047 5199 62088 3833 62370 63780 61985 61202 62701 61966 4845 62343 62373 61866 8881 62118 62013 62806 62054 61756 5199 61756 62363 62047
1667 4845 61911 62349 62701 62701 62254 62455 61866 61202 0 61920 0 62325 644 61202 62701 61966 61202 62701 61966 41501 63320 62054 61202 0 61920 4845 0 61920 4845 0 61966 61228 61245 8787 40644 4845 61911 63195 62118 62321 62227 61920 61202 62227 61801 61920 61202 62227 61801 61920 61202 62227 61801 0 61985 3833 61971 62023 61920 3833 61971 62254 0 62047 61747 61747
3128 61228 2653 41 61228 5046
1667 21263 63465 61202 62325 62363 62966 61985 5199 62088 4845 0 62013 62806 62054 61202 62325 62363 0 61920 5199 61966 62697 61920 61202 62349 62697 44373 4845 62389 63465 4845 62620 61971 62842 15024 61756 61202 62697 62248 61920 18700 62373 62539 62455 62561 11028 61985 61971 62047 61747 61747
3709 62265 62004 62746 61202 62487 62638 63821 61985 31277 4845 62638 63993 61202 0 62118 62118 61920 15533 53890 62058 62746 1812 1812
1667 0 61756 0 61966 500 61202 0 61756 0 61966 61202 0 61966 0 61966 61202 0 61966 0 61966 61202 0 61966 0 61966 61202 0 61966 0 61966 61202 0 61966 0 61966 61202 0 61966 0 61966 28119 61949 63679 61920 61202 0 61966 0 61966 61202 0 61966 0 61966 61202 0 61966 0 61966 61202 0 61966 0 61966 61202 0 61966 0 61966 61202 0 61966 0 61966 61202 0 61966 0 61966 61202 0 61966 0 61966 61202 0 61966 0 61966 61202 0 61966 0 61966 61202 0 61966 0 61966 0 61202 0 61966 0 61966 0 61202 0 61966 0 61966 0 61202 0 61966 0 61966 0 61202 0 61966 0 61966 61202 0
1667 4845 0 61801 0 61756 4845 62274 15024 61202 62559 62009 62047 61202 62559 62009 62053 62274 62306 34304 62118 62349 0 15024 31552 62348 61747 61747
1667 5199 63780 0 61756 3709 63002 61920 61202 63233 62118 0 61756 40039 62389 62118 3709 63002 61920 1812 1812 5199 60831 3709 25474 16780 5199 60831 28119 63422 62638 24560 49690 61949 62704 12480 2699 93 3833 23593 870 1812 1812
4845 0 62343 62118 61756 8881 62455 61756 0 61756 8881 63274 62058 61966 28119 62004 62013 62227 61866 4845 0 62118 55324 61801 61202 0 62389 61756 61202 0 61756 62588 61202 0 61756 0 61756 61202 0 61966 62118 61756 3709 61966 0 62343 61866 61202 0 62343 62343 61202 0 62343 62343 61202 0 61756 0 61966 16780 11028 62254 62370 62047 61747 61747
1003 62118 61966 0 61966 61202 0 61920 61966 62248 61756 3709 62609 62118 12305 62455 63159 62047 61747 61747 40242 61756 5199 30692 3833 62265 61756 3833 62265 61756 29568 62373 61801 0 62047 61747 61747
1667 3709 62389 63465 3833 62254 62966 61985 31277 4845 0 61920 62088 25211 62954 61966 61202 0 62966 61985 31938 15533 62321 62254 63204 55324 61801 21263 61966 62746 28119 40241 62254 61866 61202 62487 62047 62970 27832 28119 62058 61875 62349 61866 61202 62487 62047 44373 15533 62321 62254 62325 0 62047 61747 61747
1667 4845 0 61920 61202 0 61756 0 61966 61202 0 61756 0 62118 93 9164 61207 61314 61265 26730 62004 61920 61202 63291 62009 45945 3833 62348 61747 61747 60498 62227 62614 7537 4845 62373 61971 62047 61756 4845 0 61920 61228 0 62118 61920 8881 62118 0 61920 18700 62054 62118 62620 62047 62370 7537 61202 63078 63821 61985 61202 0 61756 0 62248 61920 61579
201 0 61966 62118 61228 23419 61314 3598 61202 0 61920 61202 0 61756 0 62054 61920 61202 0 62487 62325 644 93 0 62966 0 61966 778 8335 3833 62265 61756 4845 61911 62265 62696 61756 61202 0 62118 0 61920 61202 0 61756 0 61920 28119 62254 0 61920 3709 34192 61311 29194 0 62013 62806 62054 28119 62254 62004 61866 61202 0 61756 0 61985 61202 0 61756 0 61756 61202 0 62393 61756 0 61287
1667 6663 55171 3709 62456 62013 62539 61920 61202 0 61756 0 4845 61911 33573 61202 0 62118 61920 4845 62926 62696 61202 0 62118 61920 61202 0 61756 0 61920 3709 61249 11318 61332 6663 500 1740 61301 93 6751 417 61265 61202 0 62393 0 62053 63288 61985 61202 0 62325 0 61966 61202 0 62393 0 62248 0 62047 61747 61747
1667 3833 63195 62118 61202 62609 62009 63821 61985 5199 61966 62363 62966 61985 93 61251 5340 61265 3833 62389 63164 62614 61866 4845 61911 62638 62806 62054 61202 62325 62363 62966 61985 3709 61911 62638 62004 0 61920 3709 61911 62638 62806 62054 61920 61202 62487 62487 62047 16780 11028 62248 62254 0 62047 61747 61747 55324 61801 3709 62539 61801 3709 62539 61801 61202 0 61920 61202 0 61920 0 61920 10559 62393 62325 0 61920 3709 62393 62325 62588 61920 3709 61875 62884 61202 0 61920 0 61920 3709 62393 62325 62349 62248 7537 61747 61747
1667 61202 0 61920 63977 0 62054 61756 3709 61911 62265 61756 4845 61911 62265 61756 4845 0 62389 62343 0 61202 0 61920 63977 0 61202 0 61920 0 62343 61920 3709 61911 62254 62343 61920 5199 62088 3709 61911 62265 62004 61920 4845 0 61920 61202 0 61920 61202 0 61920 63977 0 62054 61920 61202 63393 62325 62349 61920 61202 63393 62325 62349 61920 18700 62455 62455 62349 34682 8881 62363 62370 61920 11028 62058 62053 62047 61747 61747
8881 61756 0 62054 61920 6663 62349 0 61202 0 62118 0 15024 25266 3833 62363 62370 62389 61202 0 62118 0 62966 61985 52 3709 62389 63465 16719 62254 62966 61985 31277 61202 62935 62588 61202 62455 62009 62009 62588 55324 61801 34152 61915 63164 62935 3709 62389 63164 62935 3709 62389 63465 61202 63233 62348 15533 63705 61966 0 62047 61747 61747
1667 4845 61911 62701 62343 0 4845 0 62118 61920 5199 62088 61202 63078 63821 61985 4845 62248 62321 62373 61202 63679 62697 63977 61985 5199 62088 3709 62058 62370 62325 61202 63679 62697 61920 61202 63679 62697 61920 61202 63679 62697 61920 93 0 62389 61920 5199 62088 61202 0 61756 0 62248 61801 61265 8881 0 62248 61920 61202 62697 62248 61920 801 10276 61256 93 2804 61332 9360 61202 0 62487 62053 63288 61985 15533 62254 0 61920 15533 62254 0 1812 1812 2699
1667 16719 61966 0 4845 63078 62004 12480 61801 61202 0 63374 62248 61756 15533 62620 62053 62561 1812 1812 4845 61949 62254 62966 61985 11533 61202 63679 62697 63374 62248 3709 61911 62265 62348 61202 62487 62638 62966 61985 31938 3709 62456 62054 62118 62053 61971 62487 50462 27834 62638 62343 15533 62013 62047 63679 2699 61747 61747
1667 3709 0 61920 63977 0 62487 61202 0 61920 63977 61966 61202 0 61756 62363 61966 61202 0 61756 62363 61966 61202 0 62393 62806 15024 3709 0 61801 61202 0 61801 0 61756 0 61756 61202 0 61756 61756 61920 463 61202 62456 63497 63977 61756 61756 3709 62559 62013 61756 61920 4845 0 61756 61920 3833 62704 62047 0 62047 61747 61747
1667 3709 62053 62373 62274 61949 61202 62487 62047 62047 16780 8881 61866 62539 61920 10559 62013 62363 62370 8881 62363 62370 15024 61202 63497 62054 62118 62254 62370 11028 61985 61971 62047 61747 61747 3709 61911 62265 61756 62614 61866 61202 62487 62047 62047 31277 3709 62058 63002 62348 61202 0 62638 61920 31277 61202 0 61756 0 15678 0 29568 61985 62348 61801 61747 61747
61202 63078 63821 61985 15533 62393 62806 15024 4845 55171 61756 8881 62363 62004 0 61756 3709 61911 62638 62806 62054 61202 40241 0 15533 62254 62088 0 1812 1812
3833 61866 62966 0 62054 3833 63195 62118 61202 0 61756 63195 62118 8881 0 62058 61920
1667 3709 16584 183 61202 0 62393 62248 61920 4845 0 61920 16719 61966 0 61202 62905 62306 61920 3709 8794 5199 62088 1902 61202 63291 62013 62248 61920 10559 62013 0 15024 5199 62088 5199 62088 5786 61202 63291 62013 62248 61920 5199 62088 3709 61971 62009 4845 61875 61971 62009 4845 62926 62696 61920 61202 62905 62306 62389 61920 5199 62088 3709 0 734 13520 61202 63291 62013 61920 61202 63291 62013 62248 15024 5199 62088 1676 61616 9671 61202 63393 62325 62248 61920 61202 63393 62325 62248 15024 50002 61966 61747 61747
1667 4845 63393 62325 62701 15024 61202 63002 44373 5199 62088 61202 0 62966 0 62054 61756 61202 0 61756 0 62054 61920 61202 0 61756 0 15024 18700 63300 62561 53027 11028 61875 62047 62306 4845 61875 62004 61866 61202 63679 62697 61920 15533 62254 63170 15024 5199 62088 40508 61971 62588 61202 63679 62697 61756 18700 62054 62559 62118 63679 18473 61202 0 62638 62966 61985 61202 0 62966 0 15024 34587 4845 62274 62389 62389 61202 62487 62638 62343 15024 5199 62088 16719 62047 0 62118 61920 61202 0 61966 62118 61920 61202 62487 61966 62118 61202 62487 62638 62343 61920 61202 61866 62373 61920 55841 62926 62696 61579 61747 61747
1667 61202 0 61966 0 4845 0 62325 61228 61249 61311 21263 63465 61756 21263 63465 61756 12305 62047 62248 62321 62588 61801 36816 62926 61756 61202 0 61756 62118 61202 0 61756 62118 3709 62456 62058 61875 62349 62455 5199 62088 61202 0 62389 62343 61920 5199 62088 61202 0 62389 62343 61920 3709 62539 61801 3709 62539 61801 11028 61875 62047 62306 3833 62227 62701 0 62047 61747 61747
1667 4845 651 61325 4845 651 61325 61202 63291 62004 62013 61920 4845 0 61920 61202 0 61756 0 61920 61202 0 61756 0 61920 3709 0 61920 0 61920 61202 0 61756 0 61920 61202 62325 62349 0 61202 62325 62349 61920 28119 62373 62455 62349 34682 4845 0 61756 0 61202 0 61756 0 61920 61202 0 61756 0 61920 61202 0 61756 0 61985 3709 10276 61202 0 61966 0 61966 61202 0 62456 61966 0 61985 61202 0 61966 0 61985 3709 0 61756 0 61920 61202 0 61966 0 61985 3709 63291 62013 62806 62054 61920 61202 0 61966 0 61985 3709 63291 62013 61920 61202 0 61756 0 61920 61202 62487 62118 0 61920 61202 0 61966 0 15024 61747 61747
1667 8881 0 62013 62806 62054 61202 62697 61866 61920 61202 62697 61866 62248 14890 61747 61747 16719 62118 0 62054 61801 4845 0 61920 61202 62697 0 61920 61202 0 62325 62343 0 15024 61756 3709 62325 0 61920 61202 63679 62697 62009 63821 61985 61202 63679 62697 63977 61985 16780 4845 62321 62274 61966 61202 63679 62697 61920 28119 62373 62013 62561 61202 63679 62697 61920 5199 62088 61202 63679 62697 62009 62248 61920 3709 62456 63274 61971 61920 8881 63274 61971 61920 10559 62456 62620 62004 61866 4845 0 62248 0 62325 61202 0 62248 61966 8881 62363 62370 61920 15533 62254 62370 61875 62047 61747 61747
1667 41095 61756 8881 62363 62004 62389 4845 0 61920 0 62456 0 61202 0 61920 0 61920 61202 0 61920 0 61920 61202 62697 62248 61920 5199 62088 61202 0 62325 62701 63780 61985 5199 62088 8881 62704 62058 62456 62054 15024 61202 0 62389 61920 61202 0 62389 62343 61920 61202 0 61920 0 61920 61202 0 61920 0 61920 61202 0 61920 0 61920 3709 62456 62054 62254 0 61866 61202 0 62248 61920 5199 62088 3709 63078 63821 61985 61202 63679 62697 44373 18700 62054 62118 62053 62620 62349 62306 61202 63679 62697 44373 5199 62088 4845 61875 0 61920 4845 61875 62227 62363 61202 63679 62697 62248 61920 61202 63679 62697 61920 18700 62054 62254 0 61920 18700 62054 62254 0 61920 36816 62926 62696 61747 61747
1667 4845 0 62118 0 61920 0 61202 0 61920 0 61920 61202 0 61920 0 61920 0 61202 0 61920 0 61920 61202 0 61920 0 61920 0 4845 62053 62393 62806 15024 3709 0 61920 4845 0 62325 0 62325 644 4845 62053 62393 62806 15024 16780 61202 62697 62697 61756 11028 62274 62539 62047 1812 1812 38613 62540 62265 4845 0 61920 4845 0 62393 62806 62054 61202 0 62393 62806 15024 61202 63679 62697 61920 61202 0 62393 62806 62054 61920 61202 0 62393 62806 15024 61202 63233 62348 5199 62088 61202 63233 62348 61202 63233 62348 5199 62088 61202 63233 62348 61202 40241 0 62054 61202 40241 0 62054 15024 6663 0 61801 61202 0 62393 62806 15024 5199 62088 61202 0 62638 47003 61202 0 62393 62806 62054 61920 61202 40241 0 4845 61911 0 62325 0 62054 61202 40241 0 61202 40241 0 14890 61747 61747
1667 4845 0 61920 0 61920 61202 0 61920 63977 0 61202 0 62970 61985 16780 28119 62004 62054 63785 61202 0 61920 63977 0 62047 61228 0 62047 61202 0 62638 63821 61985 61202 0 62227 61966 38613 62053 62004 62054 63785 61202 63393 62325 61966 11028 62013 62047 0 62047 61747 61747
1667 21263 63465 61202 0 62393 62047 62393 62806 15024 62088 61202 0 62487 61966 0 15024 4845 62370 62004 62614 61866 61202 0 62227 61966 61202 0 62227 61966 61202 0 61756 0 15024 61202 63233 62348 15533 62058 62004 62058 62348 61747 61747
31938 61801 28119 62274 61875 62349 61866 16719 62487 62966 61985 3709 62389 62343 62118 62088 73 8787 3494 1804 2906
1667 4845 0 61756 0 61756 61202 0 61756 0 62343 0 61756 5199 62088 4845 62609 62009 62088 61202 63078 63497 61920 61202 63078 63497 61920 8881 50233 62325 4845 0 61966 0 61756 61202 0 61966 0 62343 0 61985 3709 62349 0 61920 61202 0 61756 0 62561 61756 8881 62704 62058 62047 61202 0 61756 0 61756 0 62054 61920 8881 62455 62343 62047 61747 61747
41095 26617 62306 47003 61866 4845 62926 61949 62746 61202 62704 62704 62058 62047 14890 1812 1812
1667 38613 55171 61202 61866 0 62248 61920 4845 61911 62254 62966 27832 3709 61911 61756 62363 62370 62389 3709 62456 62054 62118 62254 0 61920 11028 61875 62047 62306 61202 61866 0 15024 11028 62058 0 62047 61747 61747
201 62013 0 62013 62806 62054 61202 63627 62047 62487 61920 10559 0 62013 62806 62054 61202 63762 61920 61202 62905 62306 61966 10559 62393 0 62013 62806 61866 1328 61202 62227 63320 61920 29568 61971 62588 61801 61747 61747
61202 62456 0 62393 61920 61202 62935 62701 61920 3709 62456 0 61920 500 651 183 15533 62393 62806 15024 5199 62088 61202 63762 62053 62274 63193 33021 61801 16719 62363 62389 61756 61202 63679 62697 61920 11028 62373 62088 62254 0 62047 61747 61747 4845 0 62393 62806 62054 61202 0 62966 62363 63274 61985 61202 0 62966 62363 63274 61985 3709 61911 0 62806 62054 61756 61202 0 62389 61920 3709 63388 61971 4845 0 62389 61202 0 62389 61202 0 62363 0 62343 0 61756 3709 63388 61971 61202 0 62966 0 62343 0
1667 4845 61911 62701 62343 62456 61202 0 61756 0 61920 4845 62926 61949 4845 0 62325 61228 61249 61311 61202 0 61801 0 63109 61920 4845 62926 62696 61202 0 62248 61920 34587 61202 62905 61966 0 62047 55324 61801 28119 62058 61875 62349 61866 8881 61756 62363 62118 61202 0 61966 62118 3709 62325 62363 62343 62248 7537 16780 55600 34682 11028 62254 0 62047 61747 61747
4845 61911 62265 62696 61756 4845 0 61920 63977 0 61202 0 61920 63977 0 61202 63393 62009 62248 61920 3709 62389 61966 62118 16780 28119 62004 62013 62227 61866 61202 0 61920 0 61966 15533 62058 62053 62704 62487 62348 61747 61747
1667 4845 62053 62393 62806 15024 8938 62638 62260 61756 61202 63393 62009 62248 61920 3709 62456 62054 62118 62053 62704 0 61866 61202 62905 62306 62966 61985 61202 62728 62013 61920 61202 63393 62325 62349 61920 12305 62118 62053 62704 62487 62047 61747 61747 4845 62053 62393 62806 15024 61756 8938 62638 62260 61756 61202 61866 0 61756 0 62054 61920 5199 62088 61202 62325 62363 62047 61920 61202 62325 62349 61920 61202 62325 62349 61920 10559 62053 62393 62806 62054 15024 10559 62053 62393 62118 62053 61966 61202 63679 62697 61920
1667 4845 62905 0 61756 55324 61801 61202 62325 62363 61801 62325 61756 8881 62638 62455 61966 8881 0 62013 62806 62054 61202 0 61801 61966 3709 62274 15024 16780 41501 63320 18473 8881 62349 0 61920 41501 63320 61920 4845 0 61920 61202 0 61920 0 61920 34587 61202 0 61920 0 61920 61202 0 61920 0 61920 61202 0 61920 0 61920
1667 3709 61911 62254 62004 0 61202 40241 0 16780 61202 62697 62248 61756 10559 62393 62559 62013 62539 61920 5199 62088 15533 62013 0 61966 61756 61202 62487 61966 0 61756 5199 62088 61202 62325 62363 62697 62248 7537 61756 3709 62697 62248 61920 62088 4845 0 61920 63977 0 61985 62088 4845 0 61920 63977 0 15024 61756 8881 62274 62389 62118 62389 11028 62620 62306 62343 62348 61747 61747
1667 61202 0 61920 0 62325 61202 0 61920 61202 0 61920 61202 0 61920 4845 62248 61971 62588 61202 63679 62697 63977 61985 61202 0 62620 62806 62054 15024 61202 61866 0 62248 7537 61202 62227 62180 45945 62088 5199 62088 61202 61866 0 62325 61756 8881 62455 62373 62456 62054 61756 3709 61911 62884 61202 0 62966 0 62248 61756 3709 61875 62884 61202 0 62248 62248 61920 61202 0 62487 62053 62248 61920 61202 62325 62349 0 14890 61747 61747
1667 3709 61911 62254 62966 61985 31938 4845 62373 62088 63320 62054 61202 61866 61966 61920 3709 63388 61971 4845 61911 33573 61202 63679 62697 63977 61985 61202 62905 62306 62966 61985 61202 62905 62306 62806 62054 3709 61911 62118 0 62806 62054 61756 34587 61202 0 61756 62363 63497 62054 61756 34587 61202 0 62047 63497 62054 61756 34587 61202 0 61756 62363 62343 0 61223 61202 62609 62009 62088 61202 62609 62009 62088 5199 62088 61202 61756 62363 62047 62701 61756 61202 62609 62009 62088 61202 62609 62009 62088 61202 62609 62009 61756 0 62047 61747 61747
1667 41095 61756 61756 61202 62343 62905 61756 61202 63393 61866 62373 61920 10559 62393 62118 62053 62370 61875 62588 61202 63291 62009 63109 61985 10559 62393 62118 62053 62704 62058 62348 5199 25474 61801 48020 37065 25266 6663 63002 62348 5199 63780 62609 12480 61756 4845 62728 62349 62701 12480 8881 33121 61756 3833 61866 62905 1812 1812 2699
1667 4845 63393 62325 62701 15024 53027 5199 62088 61202 62487 0 62054 61920 61202 0 62118 61920 4845 33121 53027 61202 62487 62638 63821 61985 5199 62118 62058 61202 63274 61920 5199 62118 62058 61202 63274 61920 61202 63679 62697 61920 3709 62456 62054 62254 62561 61202 62487 62638 63821 61985 45236 61747 61747
1667 41095 61756 61202 0 61756 0 45945 61202 63291 62009 45945 61202 0 61756 0 62343 0 62054 61756 61202 63762 62053 62274 51312 58 19832 5199 62088 72 16486 5199 62088 4845 62053 62004 62013 62227 61202 62487 62638 63821 61985 61202 62487 62638 63821 61985 61747 61747
10559 62227 62704 62047 61202 0 62047 62487 28119 62254 62004 62455 61985 16719 62047 62487 44373 10559 62393 62118 62321 62118 62325 61202 0 61966 62058 62248 62248 0 61756 93 0 61920 0 61920 0 61756 61265
1667 27839 61949 55171 4845 61911 62701 62343 61866 61202 0 62393 61920 21263 63465 3709 61911 0 62806 62704 61920 28119 62274 61875 62349 14890 61282 3709 1432 61332 61202 62456 62248 0 62248 61920 61202 62697 62248 61920 3709 0 62248 61920 3709 0 62248 61920 31277 4845 62053 62321 62053 61949 61202 0 62248 61920 61202 0 61920 0 61920 3709 4238 61350 61202 0 61920 3709 62227 62704 61920 14890 1812 1812 4845 62047 62389 61228 0 62118 0 62325 61202 0 62118 0 61920 61202 0 62118 61920 61202 62559 62009 62248 61920 61202 62559 62009 62373 61966 3709 62118 62053 62373 61966 4845 62047 62389 61920 61202 0 61920 0 62248 61920 61202 62559 62009 62248 61920 61202 62559 62009 62248 61920 61202 62559 62009 62047 0 61920 61202 62559 62009 62047 61579 3709 10884 61202 62704 62047 0 61920 3709 10884 61202 0 61920 0 61920 61202 0 61920 0 61920 61202 62227 61966 0 62047 61747 61747
1667 4845 0 0 62325 644 5199 61966 62363 62966 644 4845 0 61920 4845 0 62248 61920 61202 0 62393 0 61920 61202 0 62306 61966 61920 28119 62254 0 61920 55324 61801 61202 0 62389 61920 8881 0 61920 0 61920 61202 62487 62638 61920 93 0 61801 61920 61265 28119 62254 63627 61920 61202 0 61920 15533 62254 63170 14890 61747
1667 16719 62559 63078 61202 0 61756 0 15024 3833 62389 63164 63288 61985 6663 62609 62009 62088 61202 0 61756 0 15024 61202 0 61756 0 15024 61756 3709 0 61756 0 15024 16780 6663 62058 62004 62058 62348 93 62023 62053 62254 62004 61866 61202 0 61756 0 61756 0 61985 61202 0 61756 0 61756 61202 0 61756 0 61966 3709 62456 62254 63164 7537 61202 0 61756 0 62248 61202 0 61756 62248 3709 62456 62254 63164 7537 61202 0 61966 61202 0 61756 63891 61985 15678 63195 62054 62118 62053 62321 62539 62047 61747 61747
1667 61202 0 62118 0 62325 644 12613 61247 5199 62088 140 50556 61260 61202 0 61966 0 61202 0 62343 0 61202 0 62343 0 61202 0 62389 62343 0 61756 61202 0 62389 62343 0 61756 61202 0 62638 62343 0 61756 3709 62954 62935 63193 62995 31277 61202 0 62966 0 61756 644 61202 0 61756 0 61756 8881 62455 62343 61920 10559 62393 62349 0 16780 10559 62393 62058 62053 62058 62053 0 61202 0 61966 0 62047 61747 61747
1667 4845 61911 63195 62118 61202 0 62966 0 61756 61202 0 61756 0 62343 62118 93 61245 8787 3494 40644 3080 4845 62053 62728 62349 62349 4845 0 61920 63977 0 61202 0 61920 0 61920 61202 0 61920 0 62047 61202 0 62966 0 62047 61202 0 62966 62487 61920 61202 0 61756 62363 62343 0 4845 61911 61756 62363 61756 62614 4845 61911 61756 62363 61756 62614 4845 62954 62935 62389 61202 62325 0 62325 61202 0 61756 62363 62343 61920 61202 0 61756 62363 62343 61920 4845 61911 61756 62363 62343 0 4845 61911 61756 62363 0 4845 61911 61756 62363 62343 0 4845 61911 61756 0 4845 61911 61756 62363 0 61202 0 61756 0 61202 0 61920 0 61202 0 61920 0 61920 61202 0 61920 0 61920 61202 0 61920 0 61920 61202 0 61920 0
1003 61875 61971 62009 4845 62058 61875 62349 61866 61202 63679 62697 62009 61202 0 61756 63891 61985 5199 62088 61202 63762 62053 62274 62389 61202 63762 62053 62274 63193 33021 16780 3709 62393 62118 62053 62393 61966 61202 62905 61966 0 15024 34587 3709 62363 62389 61202 63679 62697 61920 5199 62088 40039 63780 61985 8881 62455 61875 62588 61202 63679 62697 61920 34587 10559 62393 62118 62053 62393 62806 62054 61920 61202 63762 62053 62274 62389 61202 63762 62053 62274 51312 5199 62088 10559 62393 62118 62053 62254 0 15024 61202 63762 62053 62274 62389 61202 0 62389 61920 3833 40241 62254 49087 61747 61747
41095 61756 34152 61915 63164 62935 61202 0 63497 63977 61966 61756 4845 62274 51312 61202 62227 62180 62248 61202 62455 62389 62588 11028 62254 62370 62047 61747 61747
1667 40242 61756 1072 61202 0 61920 61875 62343 0 4845 0 61875 0 61202 0 61920 0 61920 5199 62088 61202 0 61920 0 61920 61202 0 62118 61920 61202 0 62118 61920 4845 0 61756 62118 61202 0 61756 62118 61756 61756 10559 62274 61866 10559 62274 61866 4845 62274 61866 3833 62349 62701 62254 62455 49087 61287 61747
1667 61202 0 61756 62363 61202 63516 62605 62248 3833 61866 61966 61920 38613 61202 63078 63821 61985 61202 63516 62605 62248 61202 0 61966 0 5199 62088 61202 0 61756 62363 61756 62363 8881 62704 62058 62047 5199 62088 3833 63195 62118 61202 0 63497 62054 61756 0 62054 61756 61202 0 61966 0 14890 61747 61747
1667 0 61966 0 61756 61756 10559 62393 62254 0 61920 61202 0 61756 0 61966 61202 0 61756 0 61966 0 61756 61202 0 61756 0 61756 61756 4845 62609 62009 62088 61202 0 61756 0 62053 63288 61985 28119 62254 62004 63679 61920 4845 0 61966 0 61756 61756 61756 11028 62455 62373 61801 0 62047 61747 61747
1667 0 61756 0 61966 644 61202 0 62393 62806 62054 61202 62935 62701 61202 62935 62701 61920 61202 0 61920 0 61920 3709 0 62389 61920 3709 0 62389 61920 61202 62935 0 61920 61202 0 61920 0 61920 61202 0 61756 0 61920 61202 0 61966 0 61920 61202 0 61966 0 61920 61202 0 61756 0 61920 61202 0 61756 0 61920 61202 0 62254 62966 61985 3709 62053 62254 62966 61985 3709 62053 62704 62348 61202 0 62254 62966 61985 61202 0 62254 62966 61985 3709 0 62254 62966 61985 61202 0 61920 0 62047 61747 61747
1667 29194 63516 62349 63254 61801 31277 3709 61911 63195 62118 61202 0 61756 0 62966 61985 5199 62118 0 61756 61202 0 61756 0 62966 61985 3709 62456 62054 62321 62539 7537 3709 62456 62054 62321 62539 7537 36816 62926 62696 11028 62455 62588 61971 62047 61747 61747
1667 4845 0 62389 61920 4845 0 62118 0 61966 0 61202 0 61756 0 61920 61202 0 62389 61920 61202 0 61756 0 61920 61202 0 62389 61920 61202 0 61756 0 61920 61202 0 61756 0 61966 61202 0 61966 0 61920 61202 0 61966 0 61966 61202 0 61966 0 61966 61202 0 61966 0 61966 61202 0 61966 0 61966 61202 0 61966 0 61920 61202 0 61756 0 61966 61202 0 61756 0 61966 0 61920 61202 0 61756 0 61920 61202 0 61920 0 61920 61202 0 61920 0 61920 61202 0 61920 0 61920 61202 0 61920 0 61920 61202 0 61920 0 61920 11028 0 62047 0 62047 61747 61747
1667 61911 63195 62118 61202 62905 0 62248 61756 55324 61801 4845 0 62389 62343 61202 62325 62363 62343 61756 10559 62013 0 61801 61966 10559 62013 0 62013 61966 61202 63274 62058 61966 61202 0 61966 61202 0 62638 63821 61985 61202 0 62393 62806 15024 4845 55171 61202 62349 0 62349 61920 55324 61801 61202 62487 61966 0 62054 61756 61202 0 61756 0 61920 61202 0 61756 0 61920 61202 0 61756 0 61920 3709 62118 62053 62373 62013 0 3709 61911 62265 62348 61920 3709 61911 62265 62348 3709 61911 62265 62348 3709 0 62118 62053 63274 61985 16780 4845 55171 61202 0 62638 63821 61985 16780 61202 0 61756 0 61756 93 0 61920 0 61920 34587 8881 61866 0 61920 34587 61202 0 62389 61920 61202 0 62118 62047 62047 5199 62088 61579
1667 4845 0 0 62325 644 61202 0 61756 0 61756 61202 0 61756 0 61756 61202 0 61756 0 61756 61202 0 61756 0 61920 3709 0 61756 0 61801 61202 0 61756 0 61756 34304 62349 0 61756 18700 62054 62118 62620 62561 41501 63320 44373 31552 62348 61747 61747
1667 3709 62609 62009 62088 31277 4845 0 62393 62806 15024 61202 0 62393 62806 15024 3709 61911 62118 62053 62370 62389 61920 34304 62118 62053 62370 61966 3709 62926 62696 24560 55324 61801 4845 0 61966 61202 63762 61920 25211 62004 63762 44373 3709 62118 62455 61756 62588 62588 61920 55600 61202 62559 61920 62926 62696 3709 61911 62118 62620 62343 61920 61202 0 61756 0 15024 61756 3709 62023 62321 63365 24560 2699 61747
72 16486 61228 23419 61314 6663 62274 15024 61202 0 61756 0 15024 6663 62456 62620 62004 0 61866 8881 62704 62058 62047 25211 62004 63762 61920 61202 0 61966 62487 61966 0
3709 61911 61866 62966 0 61866 62054 61756 31277 61202 0 62343 62343 62343 4845 62053 62349 62701 62254 62455 61866 4845 0 62325 61228 19115 61202 63679 62697 63977 61985 3709 63388 61971 2683 15750 63291 61920 31277 11028 62013 62349 0 62047 61747 61747
1667 4845 61911 62559 62393 62456 62054 61756 61202 0 62118 62248 61920 8881 62349 0 801 1442 61256 93 2804 61332 417 61265 15678 63959 31552 62053 62254 0 62047 61747 61747
1667 5199 62118 62058 61801 62248 62321 62588 4845 62274 62393 62806 15024 16780 4845 62349 0 61920 16719 62487 61756 62054 61920 34304 61756 38613 62456 62248 62321 62588 62047 40242 61756 40242 61756 3709 62058 63002 62348 61202 0 62248 62053 63288 61985 61202 0 62393 62806 15024 4845 62954 62009 62321 61920 61202 61866 62274 62004 62047 61747 61747
1667 40242 61756 3709 61911 62265 61756 4845 61911 62265 61756 4845 55171 61202 0 61920 63977 0 62456 0 61202 63393 62325 62349 61920 61202 63393 62009 62248 4845 62926 61949 4845 61911 62265 61756 4845 61911 62363 62370 62389 61202 0 62806 0 61202 0 62966 0 15024 61756 10559 62013 62620 62455 61966 3709 61875 62884 4845 61875 62884 61202 62697 62248 4845 62926 62696 61756 8881 62926 61756 34304 61756 62363 62455 61966 4845 61911 62265 61756 4845 61911 62265 61756 4845 61911 62265 62696 8881 62349 0 61202 0 61966 61202 0 61966 0 15024 18700 62054 0 62047 61747 61747
1003 62389 63164 61920 61202 63627 62047 62487 61966 0 61920 61202 0 61756 0 61966 0 62054 61756 61202 0 61966 0 61966 0 61228 61911 61966 0 62118 62487 61966 0 62054 0 62054 61756 93 13192 61245 61265 3709 62393 62004 61920 11028 62373 62274 62047 61747
1003 0 61966 62746 14499 62274 63109 61985 3709 61911 62265 61756 3709 61911 62265 62696 61202 62487 62047 62487 62970 27832 29194 62539 61920 16780 15533 62274 63159 63159 62348 61747 61747 4845 61911 62254 62966 61985 61801 3709 55171 16780 3709 61911 62254 62370 62370 15024 3709 55171 16780 11028 62254 0 62047 61747 61747
1667 3709 61911 62588 61966 62389 61202 0 62118 61920 3833 33573 61202 0 62118 61920 8831 27303 2335 8422 769 11028 62047 62905 62054 7537 4845 61911 33573 61202 0 62118 61920 55324 61801 4845 0 62487 47003 61202 0 62487 62047 50002 62349 61747 61747
1003 62487 62638 62970 62609 27832 93 62023 0 61920 63977 0 62456 0 61202 0 61920 0 62054 61920 61265 61202 0 61966 0 15024 10559 62013 62638 62343 61920 3833 62265 61756 3833 62265 61756 28119 62349 62701 0 45236 61747 61747 5199 62088 61202 0 62118 0 62053 63288 61985 3709 62456 62254 62088 62254 0 50462 61202 62487 62047 44373 3709 62609 62118 62248 3709 62609 62118 61202 63109 62966 61985 50002 61966 61747 61747
1667 61202 0 61920 0 61920 0 62118 0 62638 0 61756 3709 61911 62306 62806 62704 61985 31277 11028 62047 62588 61202 0 62966 0 62054 61756 11028 61875 62047 62306 15533 62274 62393 0 62047 61747 61747
1667 41095 61756 8881 62118 62393 62806 62054 61756 61202 0 62393 62806 15024 61756 3709 62620 62004 62013 61866 61202 0 61756 0 61966 61202 0 61756 0 61966 61202 63393 61866 62373 61920 3709 63388 61971 10559 62013 61866 62306 61202 63762 61920 8881 62053 61866 62373 61920 3709 63388 61971 61202 0 61920 0 61920 61202 0 61920 0 62054 61202 0 61920 0 62054 61202 0 61920 0 62047 61202 0 61756 0 62047 61202 0 61756 0 62047 61202 62935 62701 0 61756 61202 62935 62701 61202 62935 62701 0 61756 61202 62935 62701 0 61756 5199 62088 62009 4845 0 61756 0 61756 0 62487 61920 16719 62487 44373 5199 62088 62009 62248 62248 49670 61747 61747
1667 6663 63388 61971 61202 63706 61756 61202 63706 61756 3833 34547 62254 61866 1812 1812 60738 5199 63780 61985 11533 3833 61866 63365 2699 93 11028 62370 59575 870 1812 1812
1667 4845 62638 47003 61202 34547 0 61920 38613 50002 61966 93 61911 62482 61300 29568 62047 61801 870
1667 4845 0 61756 0 61756 3709 62053 62321 62274 61949 55324 61801 8881 53890 62118 8881 62254 63164 61920 6663 62053 62004 62013 62227 11028 61875 62047 62306 61202 63679 62697 62009 61202 63679 62697 62009 62047 11028 61985 61971 62047 61747 61747
3709 63388 61971 16370 55171 61756 61202 62487 62180 63977 0 61228 0 62047 61202 0 62047 0 61202 0 63821 61985 3709 61911 62254 62088 0 61202 0 62806 0 61202 0 62966 0 61756 61202 0 61966 0
1667 8881 61756 62363 63419 61920 16757 61202 0 62254 62806 62054 8881 61756 62363 63419 61920 61202 62935 62701 61920 55324 61801 4845 55171 61756 8881 62118 62393 62806 62054 61756 61202 62935 62701 61756 55324 61801 4845 0 61756 0 62047 61202 0 61966 0 61756 61202 0 62254 0 61920 10563 61202 0 62254 62966 61985 3709 63233 62348 61202 0 62254 62966 61985 3833 62254 0 62047 61747 61747
1667 4845 0 61756 0 61920 62088 4845 0 61920 0 62456 0 61801 61202 0 61756 62363 62343 0 61202 0 61756 62363 62343 61920 61202 0 61756 62363 62343 61920 61202 0 61756 62363 62343 61920 61202 0 61756 62363 61966 61202 0 61920 0 61920 61202 0 61966 0 61966 61202 0 61966 62118 61202 0 61966 62118 61202 0 61756 0 62248 61920 61202 0 61966 62118 61756 61202 0 61756 0 62248 61920 61202 0 61966 62118 61202 0 61966 0 62248 61920 61202 0 62248 61920 61202 0 62393 62248 61920 3709 62248 62254 0 62248 61920 61202 0 62248 61920 3709 62248 62254 0 62248 61920 61202 0 61801 62248 61920 61202 0 62013 61966 61202 0 61801 0 61966 0 61202 0 62349 62053 49087 61747
16719 62118 62047 61756 15149 62487 62265
1667 0 61801 62118 47003 61866 61801 61202 62487 62389 62004 0 61985 3709 62389 63465 61202 62487 62638 63821 61985 31277 28119 62455 61875 62349 61866 61202 62609 62009 62047 3709 55171 61202 63393 62325 62349 61920 31277 41095 61202 63393 62325 62349 61920 3709 62539 61801 61202 63679 62697 63977 61985 3709 62539 61801 61202 63679 62697 63977 61985 61202 63706 61756 0 62047 11028 61985 62047 61747 61747
1667 3709 62058 63002 62348 31277 41095 61756 3709 62227 62180 62248 62088 3709 62363 62370 61202 0 62389 61920 5199 62088 4845 62363 62370 62389 61202 0 62389 63821 61985 21263 61920 62926 62696 15678 0 61202 63497 62363 62047 11028 61985 61971 62047 61747 61747
1003 62023 63291 62009 61949 44373 61282 1282 37 61228 61245 21 9 3884 2119 118 93 61245 21 9 3884 28880 769 8726 305 1550 80 112 61245 8980 769 8726 305 80 84 61289 61298 2939 8726 305 1550 110 61223 8726 305 837 110 61223 8726 276 6503 110 61223 96 276 146 22730 110 84 61289 61298 2898 8726 55 125 110 61223 8726 159 110 87 110 84 61289 61298 3137 17 23120 61228 61274 80 61228 61274 35 3685 125 1322 61223 58 19832 61228 23419 61314 3598 3056
1667 3709 55171 8881 0 62013 62806 62054 61202 62697 62118 62248 61920 31277 61202 62697 62118 62248 61920 10559 62393 62118 62053 62704 62058 62561 61202 62487 62638 63821 61985 4845 62248 62321 62373 61866 61202 62325 62349 61920 61202 63679 62697 62248 61920 5199 62088 3709 62393 62248 62321 62588 61202 62227 0 62248 61920 61202 62227 62363 62370 61920 3709 62393 62118 62248 62321 62588 61202 62227 0 62248 61920 61202 62227 62363 62370 61920 3709 0 62389 61920 61202 62487 62638 62343 61920 61202 62487 62638 62343 61920 61202 62487 62638 62343 61920 61202 62704 62047 61801 61202 62704 62047 61801 3709 61875 61971 62009 4845 61875 61971 62009 14499 61756 0 61920 61202 62697 62088 62393 62806 15024 15678 63959 15533 62455 62373 61801 61747 61747
61202 63785 0 62487 0 3709 55171 61202 0 62487 61966 0 15024 15533 62373 62455 62343 0 61282
5199 25474 61801 3833 62265 61756 3709 62373 61756 63891 61985 31277 3709 62905 62393 61920 3709 62456 62058 62053 62348 61920 16719 62047 62487 44373 3833 62348 61920
3709 61911 62349 62701 62254 62455 55324 61801 28119 62349 62701 62254 62455 61202 63679 62697 62009 62047 3709 62274 61866 61202 0 61756 62363 62343 61920
1667 61202 0 61756 0 61756 0 61202 0 61756 62363 62389 61920 3709 62456 62054 62118 62254 0 61920 61202 0 61756 0 62053 63288 61985 3709 62456 62054 62118 62373 0 61920 4845 0 61756 0 62053 63288 61985 61202 0 61756 0 61985 61202 0 61756 0 62248 61920 4845 0 62325 0 61920 61202 0 62325 0 61920 61202 0 61756 0 62248 61920 18700 62054 62118 62455 61966 63679 61920 8881 62926 61756 61202 63497 62054 62455 62343 62047 61747 61747
1667 4845 62954 62935 62389 5199 62088 61202 0 61920 63977 61966 0 62054 61756 61202 0 61756 62363 63419 61920 3709 62265 62348 61202 62227 62180 45945 10559 62393 62118 62455 62588 61920 10559 62393 62118 62455 62588 61920 4845 0 61920 61966 63977 0 62054 61756 61202 0 62118 0 62118 61920 61202 0 62118 0 61920 61202 0 62118 0 61920 4845 62274 62389 61920 4845 0 61920 0 61920 61202 0 61920 0 61920 61202 0 62118 61920 0 61920 10559 62265 62348 61920 10559 62265 62348 61920 53027 10559 62265 62348 61801 8881 62455 62389 61920 8881 62254 61756 62054 61756 61756 8881 62455 61875 62118 61756 61202 62455 62389 62118 62004 62265 61747 61747
1003 62053 62728 62349 62227 61866 61202 0 61920 63977 0 62456 0 61202 63393 62009 62248 61920 3709 0 62118 61920 61202 63679 62697 44373 3833 63195 62118 61202 0 62325 8881 62455 62373 61801 15533 62455 62373 62393 62047 61747 61747
1667 4845 0 61920 0 62325 5199 62088 61202 0 61756 0 61920 5199 62088 21263 61966 62746 61202 0 61756 0 61920 5199 62088 4845 0 62393 61920 61202 0 62118 62047 62047 61202 0 61756 0 61920 55324 61801 61202 0 62393 63109 61920 61202 0 61756 0 61920 61202 0 61756 0 61920 61202 0 61756 0 62248 61920 61202 0 62248 61920 61202 0 61966 62248 61920 34587 61202 0 62389 62248 61920 34587 61202 0 62389 61920 63977 61756 34587 61202 0 62966 0 62054 0 62054 61756 5199 62088 61202 0 62393 62248 61920 61579
1667 26730 62004 61920 61202 0 61756 0 61756 61202 0 61756 0 62118 61202 0 61756 0 62054 61920 93 9164 61207 61314 61265 61202 63291 62009 45945 3833 33573 61202 0 61756 0 61920 61202 0 61756 0 61920 11028 0 62047 61747 61747
1667 3709 62370 62966 61985 16780 61202 0 61756 0 15024 3709 62609 0 61920 11028 62274 63159 62348 1812 1812 5199 62325 0 62248 61202 0 61966 0 62054 61202 0 62047 0 62047 61747 61747
1667 4845 0 62118 0 62325 61228 0 62325 61228 61249 61311 61202 0 62456 62054 61920 4845 62926 62696 61202 0 62393 0 61920 55324 61801 4845 61911 33573 61202 0 61756 0 61920 61202 0 62047 0 61920 12305 62348 61920 4845 0 61756 0 61920 3709 62456 0 61920 61202 0 61920 0 61920 3709 62456 0 61920 61202 0 61920 0 61920 93 7052 61332 6663 8337 2815
1667 4845 0 61756 0 61966 61202 0 61756 0 61966 61202 0 61756 0 62118 61202 63291 62009 45945 26730 62004 61920 61202 63291 62009 45945 3833 62348 61282 61202 0 62487 61966 0 61202 0 61966 0 62118 61202 0 61756 0 62118 61202 0 61756 0 62118 61202 0 61756 0 62118 61202 0 62118 61920 61202 0 61920 0 61920 61202 0 61920 0 61920 61202 0 61920 0 61920 61202 0 61920 0 61920 93 38964 61265 38613 62248 62321 62373 61866 4845 0 61920 4845 0 61920 0 62118 61202 0 62118 0 62118 61202 0 62118 0 62118 61202 0 62118 0 61966 93 0 62047 0 62047 61202 0 62047 0 62047 61202 0 62047 0 62047 0 61265 61747 61747
61202 0 61801 0 62325 61202 0 62325 0 61756 61202 0 62325 0 61756 61202 0 61756 0 61966 61756 10559 62013 62620 62343 62343 61202 0 61756 0 15024 3833 62254 62004 0 62047 61747 61747
3709 0 61801 61966 26176 4845 0 62343 62118 61228 23419 61314 3598 4845 0 61920 61202 0 61920 0 61920 61202 0 62343 0 61920 10559 62013 62363 62254 0 16719 62487 61756 62054 61920 38613 62456 62254 0 62047 15533 0 62047 0 62047 61747 61747
1667 41095 61756 4845 61911 62254 62088 0 61866 61202 0 61756 0 62053 63288 61985 3709 62393 62254 62088 0 16780 6663 62274 15024 34304 61756 62614 61866 3709 62588 61966 61202 63706 61756 62373 62013 62306 55324 61801 61202 62884 61966 0 61756 61756 61202 63497 62054 62118 62053 62704 62058 62047 61202 63497 62058 62053 62047 61747 61747
1003 62013 62227 62701 63780 61985 61202 0 61756 0 15024 61756 10559 62013 61866 62539 61920 61202 63497 62054 62227 61966 62638 8881 62926 62696 11028 62498 62088 62047 61747 61747
1667 4845 0 61920 62118 55324 61801 61202 62227 61801 61202 62227 61801 61202 62227 61801 61202 62227 0 4845 43122 62349 34682 4845 43122 62349 61866 8881 62058 62053 62088 61202 62325 62349 61920 5199 62118 62058 61801 0 62047 61202 62325 62349 62118 61579
28119 62004 62013 62227 61866 61202 0 62306 61228 0 62047 61202 0 62009 62047 61202 0 63109 61920 61202 0 61756 0 61202 0 61756 0 61920 61202 0 61756 62118 61920 11028 62926 62088 62047 61747 61747
1667 4845 0 61966 62227 61966 61202 0 61756 62363 62966 61985 5199 62088 61202 0 61756 62363 62966 61985 61202 62935 62701 11028 61985 61971 62047 61747 61747
61202 0 61756 0 61966 61202 62704 61966 62248 5199 62088 4845 0 62696 61756 61202 0 61756 62363 0 61756 61202 0 61756 62363 0 61202 0 61920 0 61966 3709 0 62118 62053 61801 61966 5199 62088 3709 61911 63195 62118 0 61920 3833 61866 0 61966
1667 4845 61911 62013 0 62013 62806 62054 61756 8881 0 62013 62806 62054 61756 8881 62620 62047 62058 62047 61202 0 61966 0 61202 0 61966 0 61202 0 61966 0 61202 62227 61801 0 61756 61202 62227 61801 0 62054 61756 61202 62227 61801 0 62054 61756 61202 40241 0 15024 5199 62088 40039 63780 61985 16780 10559 62393 0 62013 62349 61920 61202 63679 62697 61920 3833 62254 0 62047 0 62047 61747 61747
1667 62013 63516 62349 63254 61801 4845 0 62248 61920 4845 0 61920 4845 0 62248 61920 8881 62254 0 61920 4845 61911 62254 0 61920 4845 61911 62254 0 61920 61202 0 61920 0 61920 61202 0 61756 0 61920 4845 55171 61756 61202 0 61920 0 61920 8881 62118 0 61920 3709 62609 62118 62248 61920 34304 62118 62487 61966 14890 61747 61747
1667 61202 63078 63821 61985 61202 63516 62605 62248 61202 63516 62605 62248 61920 15533 61756 0 62047 61747 61747 15678 63441 15678 63195 62180 15678 63195 62118 62053 62274 0 62047 61747 61747
1667 38613 62540 62265 61202 62905 61966 0 4845 0 62704 61202 63516 62605 62321 61920 61202 0 61866 62248 61202 0 62343 0 61756 61202 0 62343 62118 644 4845 0 61756 62118 61202 63274 62058 61920 3709 63388 61971 15533 62373 62349 0 62047 61747 61747
1667 0 61801 61966 1328 61202 0 62393 62806 62054 61202 62935 62701 61202 0 61920 0 61920 3709 1072 61312 3833 62254 62966 61985 31277 3709 62954 62935 62389 61202 63291 38718 61202 63291 38718 61202 0 62970 27832 3709 61875 62004 61920 8465 61202 63393 61866 62248 7537 61747 61747
1667 48020 61801 16719 61966 0 62054 61920 26730 62004 61920 28119 62004 62054 63785 61202 0 61756 62248 15024 3709 62254 63164 61920 93 62023 61801 62559 63078 61202 62609 62009 62088 25266 61202 0 61756 62363 62370 61866 61202 0 61756 62248 5199 62088 61202 0 61756 0 62806 62054 61756 61202 0 61756 62248 61866 61202 0 61756 62248 61920 5199 62088 61202 0 61756 0 61756 61202 0 61756 0 61966 61579 61747 61747
4845 0 61920 5199 62088 61202 63078 63821 61985 4845 61911 63195 62118 61202 0 62343 62118 61202 62325 62363 62966 61985 10559 62393 62325 62363 62118 61920 21263 63465 61202 63274 62058 61966 14890 61747 61747
12613 61247 4845 0 61920 0 62456 0 61202 0 61920 0 61966 61202 0 61966 0 61966 0 61202 0 61966 0 61966 0 61202 0 61756 0 62343 0 61202 0 61756 0 61966 0 61202 0 61756 0 61920 61202 0 61756 0 61920 61202 0 61756 0 61920 61202 0 61756 0 61920 61202 0 61756 0 61920 61202 0 61756 0 61920 61202 0 61756 0 61920 61202 0 61756 0 62248 61920 61202 0 61756 0 62248 61920 61202 0 61756 0 61920 61202 0 61756 0 62248 61920 61202 0 61920 0 61920 61202 0 61920 0 61920 61202 0 61756 0 61920 61202 0
61202 0 62966 62088 0 62343 0 15024 4845 61911 33573 3833 33573 61202 0 61756 0 62047 61202 0 62009 62047 61202 0 61966 0 62047 11028 63109 62343 62348 61747 61747
1003 62023 63291 62004 62393 61920 61202 63274 62058 62053 61966 1003 61239 13116 15686 64 18291 4450 2024 1941 61579 61202 0 61966 61202 0 61966 62746 61202 0 62393 0 62053 63288 61985 61202 0 61966 61202 0 61966 0 61966 61202 0 61966 0 61966 61202 0 62393 0 62248 61920 3709 62456 62248 62254 0 61920 61202 63291 38718 61202 63291 38718 61202 63274 62058 61966 0 15024 61756 10559 61911 62118 62053 62704 62058 62561 3709 61911 62343 61920 4845 63274 62058 62053 61966 16719 61966 0 62806 62054 15024 3709 62456 62054 62118 62053 62254 0 61920 5199 62118 62053 62254 0 62047 61747 61747
41095 61756 61202 18473 0 61756 11028 63274 62487 62561 5199 62088 5199 63780 61985 5199 62118 62058 61202 63002 62746 61756 3833 62306 63664 1812 1812
1667 61202 0 61920 62118 62118 6663 61911 62638 61920 25266 5199 0 61920 31552 62053 62004 63664 61801 61747 61747
41095 5199 60831 3709 62325 62118 61920 61202 0 61920 61202 0 61966 55324 61801 61202 0 61966 61202 0 61920 15024 61202 62701 61966 3709 63078 63821 61985 53027 61202 62701 61966 61202 0 61756 0 62561 61756 34304 62455 61875 62588 5199 62088 61202 63674 62638 62966 61985 31277 8881 62274 62389 62274 62389 61756 8881 62455 62373 62047
1667 61202 63078 63821 61985 4845 61911 62254 62088 61756 61202 62227 61756 62701 15024 3709 62456 62054 63465 61920 3709 62620 61966 63204 61202 0 61966 0 61756 4845 61911 62254 62343 0 61985 61202 0 62389 61920 4845 0 62389 61920 61202 0 62389 61920 15533 62013 62343 0 62047 61747 61747
1667 5199 63780 0 61756 3709 62620 61971 61202 61866 63649 3833 34547 62363 1812 1812 60738 3709 62306 62806 61202 62455 62806 61202 62455 62806 62054 3833 34547 62363 2699 93 11028 62370 59575 870 1812 1812
1667 4845 62254 61756 0 61920 61228 0 61920 61228 0 61920 61202 0 61920 0 61920 61202 0 61920 0 61920 61202 0 61920 0 61920 3709 62393 62118 0 61966 16780 15533 62013 62704 62487 61966 8881 62363 62118 61920 5199 62088 4845 62363 62363 0 61920 8881 62363 62118 61920 61202 62487 62389 62248 61920 61202 0 61756 0 61756 61202 0 61756 0 61756 3709 61911 63195 62118 61920 61202 0 61756 63195 62118 55324 61801 3709 61911 63195 62118 61920 61202 0 61756 0 61756 61202 0 61756 0 61756 61202 0 61756 62118 61920 3709 62456 62373 62013 62349 61920 61202 0 61920 61202 0 61920 0 61920 3709 62456 62254 62047 61202 0 61920 61202 0 61920 0 61920 11028 62373 62047 61747 61747
1667 62274 0 62088 0 61920 61228 0 61920 0 61920 8881 62363 62370 62806 62054 61756 8881 62363 62370 62966 61985 38613 61202 0 62389 62343 61920 38613 62456 62054 62118 62053 62704 62487 62047 61747
1003 61911 62265 61756 24560 61801 61202 62325 62180 62053 61966 61756 61202 62227 62180 62053 63288 61985 8881 62363 62370 18473 5199 62088 4845 0 61756 0 61756 0 15024 61756 4845 0 61756 0 15024 61756 8881 0 62343 61920 18700 62054 62118 62053 62370 61875 18473 61202 0 62393 62806 62054 61756 18700 62054 62118 62053 62370 61875 62047 61747 61747
61202 0 62966 62088 0 62343 62118 93 15616 61314 61265 61202 0 61756 63891 0 15024 16780 61202 0 61756 0 61920 11028 0 62343 62047
1667 3709 62227 63627 62389 61202 0 61756 0 62054 61202 0 61966 0 62054 61756 61202 0 61966 0 62054 61756 61202 62487 62638 62343 61920 10559 62013 62058 62053 62004 62058 62047 4845 62954 62935 62389 61202 63193 62248 61756 61202 63193 62248 10559 62013 62058 62053 62004 62058 62047 4845 0 61985 61202 0 62966 62363 61202 0 62966 62363 61202 0 62966 62363 5199 62088 10559 61911 62455 62884 62456 15024 61756 10559 62053 62455 62373 62456 15024 61756 34304 62118 62343 62343 61920 11028 0 62047 61747 61747
1667 61202 0 61920 0 62118 6663 62053 61756 0 61866 61202 62905 61966 0 61756 61202 62905 61966 0 62343 62118 61202 0 61756 0 61920 61202 0 61756 0 61920 17167 29194 62970 5199 62023 0 14890 61747 61747
1003 61911 33573 61801 61202 0 44373 3709 62456 62118 61920 16780 21263 61966 62746 61756 61202 0 62118 62393 63109 61920 61202 0 61756 0 61920 61202 0 61966 0 3833 61971 62047 62053 61866 61801 61747 61747
1003 0 62004 0 62704 61202 0 62456 61801 8881 62088 61756 0 61202 62456 62118 0 4845 0 62013 62343 0 61202 62456 0 61202 62884 61971 61920 18700 62054 62013 62539 61866 61202 62884 61971 61920 18700 62054 62013 62539 62047 61747 61747 1003 61293 48659 61202 0 61801 0 3709 62306 63159 61920 4845 62248 61971 62588 61202 0 61756 0 15024 61756 3709 62393 62118 62053 62274 62306 16780 3709 62393 62393 62393 0 61920 16780 61202 61866 63422 0 14890 61747 61747
1003 62058 63002 62348 61202 62487 62638 63821 61985 4845 0 62325 61966 62118 0 61756 61202 0 62966 62363 62343 0 61756 10559 62393 62009 0 61920 61202 0 62966 62363 62343 0 61985 10559 62274 62393 61966 61202 0 62966 62363 62343 0 61985 3709 23463 62539 7537 53027 3709 62970 33021 16719 62047 0 62970 33021 61756 11028 61985 62348 61747 61747
1667 4845 61911 62265 61756 61202 0 62118 62053 61801 62248 27832 3709 62559 62013 61756 61920 26730 62004 61920 24560 10559 62013 62274 62455 61920 11028 61985 61971 62047 61747 61747 3833 62265 61756 3833 62265 61756 61202 63679 62697 62009 62746 3709 62023 62373 61756 55324 61801 61202 63291 63291 61920 61202 62905 61966 15678 63195 63300 62561 11028 62058 0 62047 61747 61747
3709 62023 62265 62348 31938 61202 62935 61966 62935 61966 31277 61202 0 61756 0 61756 61202 62053 62393 5199 62088 61202 62227 62363 62389 4845 61911 62638 61971 0 61202 62609 62009 62088 61202 63393 62325 62047 14890 61747 61747
1667 62389 63465 61202 0 62254 62806 62054 15024 34587 61202 62487 62638 62806 62054 15024 62088 61202 0 62393 62393 63109 61985 4845 63762 61920 8881 63109 62806 62054 61756 34152 61915 63164 62935 61756 12305 62274 62539 62348 61747 61747
1667 5199 0 62325 62389 61202 0 62393 63109 61985 61202 0 61756 0 61966 0 61202 0 61756 0 62343 0 61985 18700 62054 62118 62053 62254 0 61866 10559 62393 62455 62373 0 61985 4845 62926 61949 8881 62455 62373 62456 62054 61202 62325 62349 61920 61202 62325 62363 62966 61985 18700 62455 62373 61801 61202 62325 62349 61920 18700 62455 62373 61801 36816 62926 62696 61579
1667 4845 62274 15024 61756 4845 62248 61971 62588 8881 62274 62389 62274 62389 18700 62054 62118 62620 62047 61202 0 62393 63109 61985 6663 0 62393 63109 61985 5199 62118 62058 61202 63233 62559 0 61985 61202 0 61756 0 61966 62054 15024 3709 63291 62004 62393 61920 61202 63291 62004 62393 61920 11028 62321 62118 61971 62047 61747 61747
1667 6663 63762 61920 61202 61866 62539 21263 61920 62620 62047 63679 6663 63078 63821 61985 53027 6663 62053 62373 62306 61202 61966 62373 61920 3709 62265 62004 61920 136 61202 0 61966 20215 61202 0 61920 61265 61202 62343 62588 15533 63274 62487 62561 61747 61747
1667 4845 61911 62373 62393 62456 61202 62325 62363 62966 61985 4845 62905 61966 63170 62054 61202 62325 62349 61920 61202 62325 62349 61920 28119 62373 62013 62349 55324 61801 11028 62373 62013 62047 61747 61747
1667 0 61966 0 61966 61920 4845 62954 62935 63193 62995 4845 0 61756 0 61920 61202 0 62389 61920 61202 0 62389 61920 61202 0 62389 61920 11028 62274 62539 62047 61747 61747
1667 4845 61911 61756 62363 61756 0 4845 61911 61756 62363 62343 0 4845 0 61756 0 4845 62954 62389 61202 62325 0 62325 61202 0 61920 0 61920 61202 0 61756 0 61920 61202 0 61756 62363 0 61202 0 61756 0 61202 0 61756 62363 0 61202 0 61756 0 61202 0 61756 62363 0 61202 0 61756 0 61202 0 61756 62363 0 61202 0 61920 0 61920 61202 0 61920 0 61920 61202 0 61920 0 61920 61202 0 61920 0 61920 61202 0 61920 0 61920 61202 0 61920 0 61920 61202 0 61920 0 61920 61202 0 61920 0 61920 61202 0 61920 0 61920 61202 0 61920 0 61920 61202 0 61920 0 61920 61202 0 61920 0 61920 61202 0 61920 0 61920 61202 0 61920 0 61920 61202 0 61920 0 61920 0 61920 61202 0 61966 0 61920 61202 0 61920 0 61920 0 61920 61202 0 61920 0 61920 0 61920 61202 0
1667 6663 62053 62373 62393 62806 61202 0 61756 0 61920 61202 0 62389 62970 27832 10559 62013 63516 61801 61966 5199 62088 62349 62701 49670 61747 61747
1667 4845 61911 62254 0 61866 4845 0 62118 62487 61920 3833 62701 62343 61920 61202 63393 0 61756 61202 0 62325 62325 644 6663 62456 62054 62118 62620 62343 62455 61966 61202 0 62966 61985 61202 0 61966 0 62047 61747 61747
41095 61985 11533 6663 0 62970 62609 12480 61202 62905 62393 61920 11028 61949 62559 62047 61756 905
1667 16719 61966 0 61866 15533 62274 62054 0 62047 5199 62088 10559 0 61756 63195 0 61866 61202 0 61966 0 61966 10559 0 61756 0 61966 10559 62321 61966 10559 62321 61966 61202 63291 38718 61202 63291 62013 63109 61985 31277 61202 62325 62349 62118 500 61202 63291 62013 61920 61202 62325 62349 62118 500 61616 10884 61202 63291 62013 61920 5199 62088 1676 11980 61312 61202 63291 62013 61920 5199 62088 11549 61202 63291 62013 61920 61579
1667 6663 12613 61247 61202 0 61756 0 62053 63288 61985 11028 61875 62047 62306 16719 62487 61966 55841 62054 62118 62620 62047 61747
1667 4845 62609 62009 62088 61202 0 61920 62047 63497 62054 6663 62053 62254 62004 0 61202 0 61756 0 61966 61202 0 61756 62363 0 62054 4845 0 62325 61202 0 62325 61202 0 62325 61202 0 61756 0 61966 61202 0 61756 0 61966 61202 0 61756 0 61920 61202 0 61756 0 62248 61920 61202 0 61756 0 62248 61920 61202 0 61756 0 62248 61920 61202 0 61756 0 62248 61920 61202 0 62393 0 62248 61920 8881 62704 62058 62053 49087 61747 61747
1003 61875 0 61920 6872 61202 0 61756 0 61920 61202 0 61756 0 62248 61920 3709 62227 62704 62047 61202 0 62047 62487 28119 62254 62004 62455 61985 61202 0 62393 63109 61985 11028 62013 62343 62047 61747 61747
1667 4845 0 61801 0 61866 62053 62561 61756 61202 0 62393 0 62343 61920 60481 0 15024 3709 55171 61202 0 62393 62248 61920 3709 61911 62265 61756 3709 61911 62265 62696 61202 63291 62009 45945 61202 63291 62009 45945 3709 61911 62265 61756 3709 61911 62373 62325 63274 61985 61202 63291 62009 45945 28119 62274 61875 62274 61875 18473 4845 62373 62325 63274 61202 62697 62248 61920 15533 62058 62053 62704 62058 62348 61747 61747
1667 61202 0 61966 61228 5019 61202 63274 62487 62053 63288 61985 3709 62456 63274 0 61920 31277 61202 0 61920 0 62325 61228 19115 61202 0 61756 0 62248 18473 10559 62393 62325 62363 62118 61920 3709 0 62180 61202 0 62180 25211 62004 62013 62248 7537 4845 61911 62321 62373 62227 61202 0 62966 61985 61202 62325 0 62966 0 62054 61756 10559 62393 62363 62118 61920 10559 62393 62325 62363 62118 61920 61202 0 61920 0 62248 61920 15533 62254 62004 0 62047 61747 61747
1667 4845 0 61875 0 61202 0 61949 62118 61920 61202 62697 62248 61920 61202 62697 62248 61920 41095 61202 0 61966 62363 61966 4845 61911 61756 62363 63419 61920 4845 0 61756 62363 63419 61920 61202 63516 62393 62806 61202 0 61756 0 61966 61756 3709 0 62806 62054 61202 0 62806 61966 61756 61202 0 61966 61756 10559 62013 62701 62227 62047 10559 62013 62701 62227 62047 11028 62274 62455 49087 61747 61747
61202 0 62966 62088 0 62343 62118 44373 93 0 62013 62806 62054 61202 0 62389 62343 62118 55324 61801 4845 0 61920 4845 0 61920 4845 0 61920 4845 0 61920 0 61920 61202 0 61756 0 61920 61265 5199 62088 61202 0 61756 0 61920 93 0 62013 62806 62054 61202 0 61920 0 61920 55324 61801 4845 0 62013 62806 62054 4845 0 61920 4845 0 61920 0 61920 61202 0 61920 0 61920 61265 11028 61985 62348 61747 61747
