1084 140 50556 61260 574 219 139 191 14269 106 32881 106 4494 106 463 16072 106 140 11701 5345 281 33976 1393 7069 7694 16361 1439 373 1511 61228 61217 22 746 383 32246 1439 106 31 61231 61288 25720 44485 448 11019 3037 32246 61 238 306 710 192 106 238 128 61260 373 106 238 128 61260 1511 61228 61217 22 7069 61216
1667 29461 36746 6681 8924 24 5334 21392 106 238 481 282 373 106 31 61231 6156 60855 3037 6701 61540 919 427 1021 4718 1418 106 26607 1945 24 373 1021 2158 22761 106 56225 2890 1021 132 1150 31 61231 6447 18644 61223 238 7855 61211 594 52934 3735 61223 238 51949 61253 61223 238 1901 71 105 1571 9 2979 61223 238 1901 71 105 7388 871 61223 238 1901 71 105 26 38133 2361 871 373 238 29 2861 92 155 6681 1196 2786 3025 24 61223 5474 155 6681 1196 2786 3025 24 37533 61231 61387 39708 61228 677 61223 1021 3761 106 73 8787 3494 40644 26262 9624 1061 56225 52934 61288 13 61231 1851 1901 71 105 15112 2800 106 7612 61216 2699
1667 1084 318 30464 61223 31 61231 5193 60310 93 5193 60310 61265 4 945 5729 448 2005 52963 7750 372 24 21679 238 38552 37 314 448 603 6462 24 373 448 4718 3707 1439 10863 5188 61216 2699
2125 28 61231 61220 4 1196 13 61231 185 4466 2277 32732 81 238 10629 4091 2277 245 13966 61216
35663 85 3901 13 61231 19466 8046 1021 310 3087 2277 31 61231 36434 1061 238 20803 114 106 31 61231 30 2234 114 448 4718 3707 1439 373 13 61231 10 30438 11 448 4718 3707 1439 1061 793 19051 448 23 11852 20318 106 58861 802 314 1061 448 6000 373 106 155 1196 40217 4494 106 513 5312 1172 60334 212 12567 34094 61216
5218 25035 52309 106 27721 106 238 140 50556 61260 373 1021 4793 1036 106 5108 4136 24 106 140 50556 61260 43 61540 1562 468 448 3792 1775 13 61231 2308 1453 377 2277 34605 81 191 603 25720 44485 2625 4352 106 416 5812 183 901 61469 631 390 1393 7069 61216
1667 29461 13 354 1761 6681 191 14685 4494 52934 1036 2277 1021 4718 3707 1439 603 61213 365 14 23109 17523 13 61231 21798 4718 15845 13 61231 3806 577 585 1061 31 61231 2308 27263 106 31 61231 61288 49572 6681 59727 4494 25078 16095 61216 116 706 1359 238 38552 37 314 106 31 61231 61288 49572 485 5758 3735 61223 15614 1021 4718 3707 1439 149 1626 224 35487 1061 31 61231 61288 49572 212 33978 106 238 6713 61288 106 8 61231 437 9418 427 245 44330 106 238 26 185 114 106 31 61231 61288 49572 485 45928 61288 390 1021 4718 3707 1439 212 9804 215 61231 104 33048 106 38552 37 61288 793 75 2979 61216 2699
201 13848 9364 61223 1087 155 3 61231 24 13405 61228 7422 1196 5409 497 106 38777 106 233 4158 1061 1602 11 1061 238 58453 61223 41054 427 106 14269 1775 25487 13 61231 1351 28762 2890 245 28899 4743 478 21325 3343 24 2277 27691 3929 238 31802 114 106 238 1901 71 105 2890 245 28899 798
1667 18440 106 14269 1775 11019 61223 245 29899 106 307 1216 106 26607 8 61231 129 603 6679 14 61288 37533 61231 61387 1546 3444 215 61231 3087 155 6681 1196 212 39860 106 26069 2452 245 14269 3684 39 448 3761 61223 373 595 485 39026 427 1021 4793 1036 19960 50 7352 59567 2277 31062 9624 816 2022 1036 390 238 3684 18271 448 4793 1036 19960 50 7352 61223 448 3175 61208 55375 2800 448 310 3087 3037 6202 2888 43360 9624 816 2022 24 106 238 10629 4091 61216 2699
5218 36746 106 1546 13045 6681 1227 26185 4522 1296 1021 603 5327 503 6681 19681 61228 47719 9175 1061 31 61231 2474 236 448 59501 490 180 61216
1667 5362 14257 1061 804 9418 31 61231 1283 8843 448 7449 13 61231 3806 577 585 603 1000 577 61288 61282 504 44191 49075 4718 3707 1439 5573 448 16 4713 27695 2252 1244 9248 3930 61223 1021 4718 3707 1439 3280 327 7931 13 61231 1283 203 94 3025 2800 106 8058 13 61231 2084 919 312 3058 6681 3684 104 19 2277 15614 1021 4718 3707 1439 13 61231 3806 577 585 603 1000 577 1036 61223 31 61231 10152 204 106 8 61231 437 9418 427 31 61231 374 61227 5926 61222 485 106 8 61231 437 9418 798
1667 2246 221 7 10538 3815 180 61223 373 27691 3929 1021 57 23538 1172 1021 3792 1775 2105 61210 61216 2699
5218 12681 448 23722 106 31 61231 40074 5573 8806 61288 49075 61228 5555 13 61231 23539 60334 2277 155 1196 7033 8046 238 1901 71 105 2277 775 22595 3165 16426 1244 9248 1359 10863 495 390 1021 43 16765 3565 61223 212 447 139 427 41794 13 61231 23539 60334 155 51627 1196 212 8271 106 11841 2886 61216
1667 1084 3379 30464 61223 245 25394 106 238 19614 50821 26126 38552 61288 26844 1021 603 6462 24 106 238 19614 50821 61223 1021 19010 1036 373 1021 574 21615 280 942 13359 38552 61288 61223 373 1021 942 235 1418 942 13359 8013 61598 11354 106 32602 448 1196 17257 106 238 58453 448 30963 61216 2699
1667 2134 57109 1061 31 61231 14284 9248 951 106 238 590 61653 3829 594 106 5272 84 61249 61251 2939 1021 90 20571 2277 31062 9624 191 603 44749 2585 2890 31 61231 551 40646 230 106 238 590 61653 3829 594 61216 2699
1667 1009 4 8622 61288 5334 4718 3707 1439 106 31 61231 61643 49572 373 106 31 61231 41882 963 3025 106 29613 31 61231 25656 9248 1359 106 885 12014 2590 245 705 35857 106 31 61231 6447 18644 61223 106 31 61231 15789 10456 585 373 106 238 58861 802 314 61216 2699
1452 4770 3025 106 238 73 8787 3494 40644 7710 5420 25984 61216
1667 1149 181 61540 1537 61223 212 16285 14879 61223 595 8 61231 10152 229 564 21047 106 2877 11 2890 245 29899 106 16426 1230 13430 2277 685 564 133 81 1021 25573 106 238 8456 61216 2699
201 8567 142 238 2231 1359 22441 1208 497 61223 2346 2515 15744 3901 61228 63 373 2814 61233 798
19531 5867 61225 631 21047 23322 7 31 61231 10152 50 94 3025 106 10538 19960 50 23924 2800 448 19960 50 23924 2800 448 3684 8048 28 61231 65 28078 12964 132 61231 104 61216
1290 10464 428 448 24997 850 13 61231 3806 577 585 603 1000 577 61288 373 32602 22286 453 34978 13 61231 3806 577 585 448 4718 3707 1439 61282 32732 81 1021 24997 850 13 61231 3806 577 585 603 1000 577 61288 7089 1021 6000 373 1021 4718 3707 1439 61216
1667 61325 18440 3165 5736 449 4718 1839 4279 3735 1061 448 16 12662 162 2128 24 453 73 8787 3494 40644 9726 61288 61223 34847 104 2918 281 28 61231 61204 8305 13718 61288 106 58 19832 61228 61245 8787 40644 2890 238 43 871 2800 106 19623 30963 106 244 3867 37 441 2890 245 23254 61223 5474 2890 1021 14110 30963 39294 10420 806 2890 1021 603 25720 133 631 106 7855 6006 125 3930 13 61231 47912 1439 106 244 3867 441 7089 31 61231 7358 61246 32969
2125 3280 327 7 2890 1021 2284 41816 7089 245 390 127 273 36424 61216
19295 30457 128 61260 373 1021 49743 106 307 1216 3675 8283 155 26262 1196 9624 855 677 806 427 1021 25573 37429 9175 524 6048 1061 31 61231 2474 236 106 31 61231 25470 155 26262 9624 21518 6048 61216
1009 4 10996 61288 3165 1622 594 13 61231 16601 28762 36563 14110 30199 61216
1667 1084 500 30464 61223 238 306 710 192 448 4718 3707 1439 9450 1039 1036 390 448 4718 3707 1439 13 61231 5471 951 524 1036 1227 73 8787 3494 40644 39294 212 481 282 61223 20401 3379 61301 16072 13 61231 3806 577 1439 39294 9450 1039 1036 61223 48483 245 19228 9 61223 20401 21324 61309 16072 13 61231 3806 577 1439 942 13359 8305 9450 1039 1036 61223 373 23838 449 31 61231 61029 61223 20401 19029 61309 16072 13 61231 3054 3707 1439 942 13359 8305 10583 1036 61216 2699
1667 2125 42 4 448 404 61214 1277 106 20825 390 448 24930 3037 28 61231 468 1196 106 1292 24 61223 1901 668 61288 1061 47158 39860 61223 18158 485 25984 8806 3735 61216 2699
96 219 3901 16168 2264 61210 21679 106 149 2231 7161 373 27691 449 61233 61228 22571 106 4068 5898 238 2231 1359 23603 106 238 1340 158 61216
1667 18440 31 61231 185 291 2277 245 13966 61223 595 485 8349 1043 58301 2346 1121 61288 2890 245 253 61220 556 3165 901 1851 2800 3165 29 15 3626 106 238 43 5830 61223 3037 485 7745 3735 2890 31 61231 110 282 2277 245 13966 61216 2699
1667 116 61231 40577 1879 485 191 26 844 2091 61228 61208 411 159 92 8384 347 61223 5474 1546 28 61231 129 1196 21941 8384 347 61223 2277 1546 427 6202 2177 4520 61233 25984 149 419 5356 158 1021 2264 61210 13 61231 1851 44445 35543 4980 2094 37533 61231 61387 1328 2039 24 61223 1546 3037 8 61231 437 314 215 61231 44 8 61231 437 314 427 33976 1581 150 556 106 238 435 556 149 29 14203 61223 373 23838 449 6202 106 8556 15815 7 37533 61231 61387 3165 4672 13 61231 104 28958 2277 8 61540 1161 61209 1946 29527 585 31 61231 40577 1879 61216 2699
1667 754 14269 1775 11019 5573 61223 212 47296 61223 5535 21760 61288 448 4 1478 285 8710 61223 448 3259 5566 61223 448 3259 5566 373 106 31 61231 2066 3735 106 238 39906 4836 61223 2800 5573 38552 585 2786 3025 61203 1061 31 61231 2066 3735 2890 448 26722 42178 42096 10583 6048 61216 2699
1667 2125 42 4 14110 10112 106 1571 9 194 8283 256 282 5083 93 9164 61207 61314 769 191 3037 144 779 1359 3165 1901 71 105 106 31 61382 9802 18322 27771 4836 373 31 61382 104 3037 4 8305 4530 15676 1188 59634 3165 1901 71 105 106 3280 327 11077 32969
1667 58 19832 61228 23419 61314 3598 13966 61223 73 8787 3494 40644 93 61245 21 9 194 81 110 8820 778 8335 485 3165 1901 71 105 106 3280 327 11077 162 2128 61203 17523 31 61231 877 3318 4 8305 3096 7821 3735 2277 238 37682 26917 212 50078 778 61311 1061 78 11093 61223 84 8681 61206 61223 212 481 282 61216 2699
1667 3440 68 428 230 61223 118 9612 61332 60513 9360 106 500 1740 61301 3761 106 73 8787 3494 40644 3037 28 61231 194 13359 1196 8305 1553 229 1036 1061 31 61231 61212 61494 61219 1988 61223 42 22722 1227 26185 3165 3979 106 26607 1233 60768 5573 8305 10996 6048 61216 2699
1667 1452 306 710 192 448 53097 19960 50 23924 93 61251 5340 61265 20017 212 33978 106 12567 15838 3025 22396 19 2062 2800 41054 215 61231 3087 28 61231 468 1196 2888 35503 123 31 61231 10152 50 94 3025 1172 238 1901 71 105 26 348 61211 3735 61223 11521 595 485 49144 21339 2890 1021 4718 30557 2096 61228 18682 13 61231 185 4466 42592 14 23109 61223 6681 603 135 15 133 1036 1227 24445 106 31 61231 4653 60802 453 19960 50 578 61216 2699
1084 29899 106 16426 106 31 61231 16601 1028 5697 1230 13430 2890 1021 4718 15845 373 238 50510 1773 27676 3735 2890 31 61231 3054 1839 106 238 7855 61228 61217 20566 7855 61214 282 3684 14666 230 22441 23322 105 373 595 42 4 12607 61277 60978 1296 6172 12774 133 441 106 238 307 1216 3675 2979 2890 1021 2757 61339 8342 238 16426 106 238 27719 13 61231 724 1350 33892 61228 61210 5714 944 3025 61339 31936 16426 453 14269 106 238 15766 7855 61214 282 61339 15291 238 550 7 453 162 909 61 61339 373 19694 238 12801 448 25573 61216
1667 1111 33978 448 1162 7121 106 25078 16095 1162 7121 2800 448 3815 5984 3058 25394 6197 61223 1021 3995 61210 106 51746 2093 106 1260 564 14282 37533 61231 7352 42085 110 1885 7352 61223 245 3995 4 8305 2786 3025 2890 38444 11019 2800 485 1946 29527 585 38552 61288 61216 2699
1667 1452 10420 951 2800 31 61231 19569 951 106 3733 106 26607 1233 12957 1310 373 1021 36746 29893 106 31 61231 16601 1028 951 106 238 26607 93 61210 354 441 61223 44646 3735 373 56564 6683 61265 1172 13 61231 21798 2158 22761 106 56225 685 5984 110 39294 59567 2277 1021 801 1442 61256 93 2898 61332 32751 448 3761 93 61205 497 556 15970 2277 1021 3761 93 61205 497 556 17910 2699
1667 2717 6202 28 61231 43133 1196 106 2180 980 61223 26 20566 61233 61228 22571 6202 61228 61215 12892 373 34605 81 448 38900 1521 24 1061 9620 1172 238 3979 49639 20401 6202 3432 61233 61216 2699
1667 13969 31 61231 6156 60855 61223 1061 2068 6040 61223 1021 4718 3707 1439 106 31 61231 41882 963 3025 33263 39 27735 383 61 33976 1393 7069 1227 26185 463 16072 106 10945 2890 245 177 44454 106 51 1229 18435 106 31 61231 41882 963 3025 106 5380 281 61216 2699
1667 2125 13405 9624 816 2022 13 61231 59155 10713 12957 23903 1061 31 61231 1351 8317 230 13 61231 1851 13652 10863 495 61223 373 504 6202 307 1280 61233 3684 14666 230 2890 3165 13652 10863 495 61223 41794 11019 155 6202 39411 17386 1196 106 2877 11 1021 4 1478 285 8710 61216 2699
116 61231 3054 1839 13 61231 21798 30963 19461 524 3735 1061 238 38552 37 314 49639 61216
73 61231 129 245 38829 13315 106 238 6570 129 61288 30520 61216
1667 1084 44330 106 685 564 133 81 448 603 25720 133 631 1172 2600 7057 3761 19461 245 4494 52934 61288 36563 1021 30963 106 12602 106 734 13520 2843 373 1021 30963 13154 61218 1036 106 1676 1061 4497 2843 7089 245 44330 245 4494 25078 726 36563 1021 30963 13154 61218 1036 106 1336 1061 1902 2843 373 36563 1021 24930 13154 61218 6048 106 5786 2843 2800 4494 93 61222 9135 682 1389 2351 647 2699
1667 5218 51746 2093 106 101 1729 92 1574 373 1021 24930 106 238 26607 1233 60768 6681 1021 4494 3553 3930 373 30723 1021 27691 3929 106 19773 1761 527 94 1036 61223 3 1150 427 1021 4 1478 285 8710 106 1260 564 4 1478 285 8710 61223 245 51746 448 3792 1775 106 6478 61228 61213 8577 192 585 61223 373 37489 1021 9223 4210 61223 37533 61231 61387 31 61231 29718 30838 448 26722 15112 230 10583 6048 61216 2699
1667 1723 142 595 28 61231 61220 4 1196 25984 38777 106 28796 312 3058 1172 245 73 8787 3494 40644 61223 595 8 61231 52518 448 25573 9631 24 215 61231 2226 485 4494 1901 71 105 491 373 1946 46529 390 13045 1061 31 61231 16601 1028 5697 2284 11062 61223 373 427 245 58 19832 373 245 72 16486 485 26185 1901 71 105 491 5474 4494 3684 94 8090 61216 2699
1667 18440 31 61231 49375 106 42733 19960 50 23924 1061 31 61231 4789 61215 6447 164 428 448 5998 4466 6434 7352 61223 31 61231 74 3367 61288 4352 2277 238 13622 114 106 19960 50 23924 390 31 61231 4789 61215 6447 164 428 448 5998 4466 106 31 61231 3054 3477 5135 106 3684 1623 449 19461 106 4920 61325 25600 2950 106 10945 93 10 6773 769 191 58155 3037 7710 5420 106 14719 61309 417 453 44330 46275 39 798
1667 29986 13 61231 143 257 61223 10538 25573 6681 33927 8283 61223 373 11460 43624 4 8305 2786 3025 61203 390 448 25573 22396 19 9530 524 6048 1061 238 7943 106 3175 25350 31 61231 25470 453 8771 4836 106 238 26607 2890 238 25885 3025 106 1946 61288 158 245 14269 106 2757 212 8911 26005 8384 347 373 106 238 25885 3025 106 31 61231 49375 106 238 6153 175 19960 797 61203 61339 3 42143 427 1021 25573 59243 8283 6681 59567 61223 46121 26262 2877 11 1021 52128 61216 2699
1667 17134 899 61223 95 4 2716 14 61288 106 28824 14257 10863 16287 1172 1021 25573 106 16426 10001 22621 1681 61223 245 29899 13 61231 2308 1453 377 106 238 128 61260 373 448 1553 81 1025 209 3037 757 33356 61 448 40309 1511 28 354 1036 1172 31 61231 3526 61229 373 13 61231 21798 20959 61223 20401 238 25885 3025 106 42247 7 1061 31 61231 2136 108 5159 9081 448 25573 27582 2232 373 453 34978 13 61231 29652 10689 4 8305 3684 1623 105 7089 4114 5509 1061 448 49201 914 24 215 61231 44 8 61231 61220 4 643 22 61216
1667 116 61231 6602 4830 77 3224 106 31 61231 5193 60310 93 5193 60310 61265 3175 12469 448 1244 61288 2119 13 61231 3054 3707 1439 10583 1036 390 245 73 8787 3494 40644 3037 757 33356 61 245 14269 13 61231 3054 3707 1439 28 354 1036 2890 1021 28 297 7352 106 31 61231 1423 34363 28 354 1036 2890 1021 28 297 7352 734 1061 318 453 23974 106 31 61231 1423 34363 373 448 4718 3707 1439 28 354 1036 2890 1021 28 297 7352 106 31 61231 3806 577 585 10629 30 61223 106 31 61231 3806 577 585 3675 2979 61223 3675 2979 61223 19681 61228 61215 6447 164 428 373 23384 61228 61215 6447 164 428 61223 19197 427 448 4718 3707 1439 28 354 1036 2890 1021 28 297 7352 106 31 61231 1423 34363 521 61251 297 7352 500 1061 836 4625
1667 1452 10534 3542 314 453 13966 2890 245 15863 5197 881 11062 46299 2107 11062 13547 7 31 61231 61288 5018 2107 105 11521 191 461 357 44 686 2979 448 4755 2594 1946 61540 9161 61216 18440 238 10534 3542 314 106 238 969 63 61223 595 42 4 191 1626 224 9603 13 61231 104 17151 347 2890 245 37573 1021 1438 61288 1491 12581 13226 93 61246 769 238 10534 3542 314 93 61247 61265 373 245 457 9693 93 61239 61265 6681 4279 1036 5334 1438 61288 1491 12581 49576 61216 2699
1667 754 14269 1775 2346 366 94 3565 373 448 2346 3933 1036 775 1453 40867 5573 13982 1959 61288 1021 4793 1036 45 77 4421 61223 373 41794 5573 38552 61288 3371 5 585 31 61231 163 20320 61216 2699
51 411 1021 603 25720 133 631 70 61469 110 6681 56898 2977 1036 2277 31 61231 16601 1028 5697 373 238 73 8787 3494 40644
1084 58 19832 5380 1136 61226 1662 373 191 835 868 603 1607 13430 453 18590 448 1571 9 194 8283 106 31 61231 29718 61209 4684 3025 757 11062 427 1021 1571 9 194 8283 524 1036 1227 58 19832 5573 8305 4279 1036 1061 1260 20495 3188 2890 1021 3 6279 24 106 233 2564 3930 61216
73 61231 129 4186 585 1227 57372 106 590 603 998 12214 61216
2125 485 10629 5759 427 31 61231 1351 2094 106 28824 14257 149 2687 448 11019 666 57109 1061 11460 49081 1227 68 38777 13 61231 10152 50 94 3025 2890 238 24662 453 24178 61216
1667 2125 901 199 12276 43699 427 238 4151 3735 13 61231 104 3025 2277 1021 13982 61540 1277 106 31 61231 61288 49572 3675 2979 155 20017 1196 11004 60768 1061 1328 3873 61223 373 427 2277 1021 4718 3707 1439 106 31 61231 3806 577 585 106 31 61231 3806 577 585 53598 93 61213 61288 1104 14 61265 155 20017 1196 4494 106 4088 3873 61216 2699
1667 13121 26185 16741 2244 1567 4718 3707 1439 373 19623 1414 19178 26262 9624 9450 1039 1036 106 31 61231 1283 599 7397 23125 2979 3037 8 61231 129 1188 449 19681 42161 13 61231 1851 39483 1161 793 75 2979 61216 1084 5180 13 61231 3806 577 585 793 75 2979 212 1619 9248 1359 61223 1021 14110 56153 4494 5088 61210 106 238 901 65 61228 2874 49094 27546 1021 360 38195 61223 6681 1021 15095 209 106 238 901 65 61216 2699
1667 5218 24930 51604 448 3733 106 26607 1233 12957 1310 51604 448 26 21641 106 73 8787 3494 40644 7089 3165 1785 12214 106 31 61231 61624 471 61223 13 61231 12655 24519 2800 13 61231 1216 61219 24519 61223 30723 5646 61288 1104 14 585 56104 7161 7089 19623 3175 29698 2093 106 307 1216 106 26607 61216 2699
1667 13969 31 61231 6 314 1230 37346 61223 238 16426 106 31 61231 16601 1028 5697 485 12745 127 25262 13 61231 104 3573 106 23417 5326 13 61231 61288 25720 133 631 13 61231 61288 25720 133 631 13 61231 61288 25720 133 5984 441 61216 2699
201 61253 61288 17680 11 238 4151 3735 448 8939 1036 13 61231 6447 18644 603 1000 577 6048 1172 238 5623 448 37478 5133 13 61231 2136 1395 105 448 4718 3707 1439 61282 855 11 123 245 14879 13 61231 5161 1229 127 18053 106 15614 212 25035 453 23974 106 31 61231 2136 1395 105 373 448 37478 5133 13 61231 3806 577 585 448 4718 3707 1439 61223 212 47296 2277 1021 24445 106 12602 61216 2699
1667 13121 2346 6804 106 31 61231 4653 60802 106 238 12954 105 2800 448 19960 50 23924 61223 95 28796 35978 21941 14685 106 28796 312 3058 1172 238 23723 61223 238 15838 3025 453 90 5340 2890 31 61231 33635 3025 61223 106 238 13832 235 5 61288 482 1359 373 106 238 233 556 17070 32969
19531 18507 11 631 191 1893 7 106 43842 212 32031 13 61231 437 819 1816 1021 2005 52963 1061 31 61231 61288 1161 16091 22648 373 5334 3792 1775 13 61231 2308 1453 377 26050 13 61231 437 819 1816 1021 603 25720 133 631 106 238 41276 106 19623 25573 373 106 31 61231 437 2549 114 448 603 25720 133 631 13616 23109 1061 31 61231 724 61219 1424 61540 159 373 106 238 7855 61228 61210 5714 3025 61216
1667 61271 24 5998 4466 106 31 61231 3054 3477 5135 6681 448 5998 4466 8789 19 23109 61223 35849 2277 40713 11 238 23723 373 31 61231 10152 50 94 3025 2890 191 14269 3791 19 29444 5088 448 24930 945 3814 21641 453 73 8787 3494 40644 11900
1667 31861 61217 245 14269 20942 30 448 2757 10996 1036 5334 23586 61228 55326 61223 106 31 61231 61247 1835 15825 61223 106 31 61231 6156 60855 61223 106 31 61231 7213 4966 15825 61223 106 238 6748 61223 106 238 481 282 3520 871 61223 106 31 61231 61029 373 453 11897 61204 2861 61228 41882 61223 1143 1359 15614 1021 11019 5573 10996 61288 1227 26185 191 2757 61216 2699
1667 14982 10157 11 13615 585 11460 14282 61223 6537 24601 427 6202 373 1021 14110 22336 24930 942 17846 36317 528 16168 2264 61210 1061 31 61231 41756 61216 2699
1084 56225 106 238 28506 3025 7089 238 28506 3025 36563 1021 24930 20042 24 373 448 20959 1233 12957 1310 485 245 4494 52934 61288 61216
1667 33746 1901 71 105 485 191 3630 7 106 1571 9 194 1478 110 61223 3037 485 106 238 16285 4352 3025 2890 245 37573 8 61231 970 61211 7686 41794 10112 106 58 19832 61223 72 16486 373 13 61231 104 3630 7 13 61231 5161 124 882 61216 2699
1452 359 594 106 390 94 22 41 2899 93 94 22 1592 163 6 281 61265 13405 34605 81 448 9235 67 5133 27771 12662 1061 25345 106 31 61231 19569 21 1899 61216
1667 754 14269 5083 106 10538 20959 106 26607 1233 12957 1310 6681 8349 1043 8709 1227 11897 61204 2861 61228 41882 212 1619 9248 1359 1296 1172 238 5623 448 25573 106 31 61231 2136 61207 61228 874 26621 3735 778 3161 238 25193 15019 2962 3735 5334 20042 24 448 23586 61228 55326 19461 106 13272 61249 417 373 106 26844 1021 1901 71 280 6074 164 3930 106 15614 1021 3743 61540 1565 93 61387 31 61231 2308 27263 448 1901 71 280 6074 164 3930 52934 6048 20766 3165 28958 1901 71 105 6074 164 1359 61265 19461 106 13272 61325 417 106 31 61231 61288 2178 105 278 46914 7069 61216 2699
1084 14269 1553 30838 106 3761 106 26185 106 73 8787 3494 40644 106 26185 106 644 2843 4 8305 10996 61288 13 61231 7422 1108 61217 48130 1061 31 61231 61212 61494 61219 1988 14149 8372 2800 13 61231 7422 1108 61217 48130 1061 31 61231 2613 61298 93 4049 22 647
1667 1149 35466 61223 238 306 710 192 448 49743 155 8135 61 1196 448 5574 1205 1061 31 61231 25656 9248 1359 106 238 481 282 93 848 77 61228 7422 2277 27691 3929 13 61231 61288 61225 3929 31 61231 4789 61213 7904 448 816 61213 35515 373 13 61231 61288 61225 3929 13 61231 6339 81 448 6713 1036 2277 31 61231 194 54 13 61231 104 51746 92 647 2699
1667 31861 61217 238 10629 1467 114 453 73 8787 3494 40644 61223 245 12613 61247 373 245 140 50556 61260 140 11701 5573 1521 212 1379 245 4204 13 61231 16601 1028 5697 1230 13430 2277 12774 14257 238 18058 106 238 73 8787 3494 40644 2890 238 37046 991 3025 373 1546 33392 2899 3820 61203 238 5623 106 11460 49081 61216 2699
116 61231 374 61227 5926 61222 106 11200 168 5380 1136 61226 1662 93 61245 8787 3494 1804 8335 1296 52841 2899 2277 31 61231 13279 230 114 106 238 16426 390 245 14895 106 27721 373 106 238 25035 50212 4182 283 212 4473 2459 26168 93 61245 8787 3494 1804 8335 1296 19032 59778 26524 35791 47 3947 43817 1406 47 3947 18966 64 18056 373 9663 12225 5297 93 61245 8787 3494 1804 54947
1667 5218 30963 603 2314 1036 373 19623 1414 19178 5573 25984 1887 448 1256 1205 4494 29893 61223 17523 12567 20825 485 9747 528 61223 238 10629 16871 377 4 38221 61653 1829 448 49201 524 1036 5334 307 1216 106 307 1216 106 835 69 1775 373 1021 1414 19178 3037 155 26262 28824 14257 2890 10538 4292 9 55 3058 5573 8305 13 354 127 1036 390 47794 61 61216 18440 238 3684 5046 106 238 38552 37 314 106 31 61231 61288 49572 61223 31 61231 5193 60310 93 5193 60310 61265 4 42871 61288 31 61231 50456 106 7449 13 61231 3806 577 585 603 1000 577 585 373 13 61231 2084 507 503 13 61231 3806 577 585 6300 180 373 106 16 4713 27695 2252 3037 26262 9624 27676 1036 1061 31 61231 36434 448 603 6462 24 373 5334 4718 3707 1439 106 31 61231 3806 577 1439 106 31 61231 3806 577 585 603 1000 577 1036 373 106 31 61231 3806 577 585 106 31 61231 3806 577 585 373 106 31 61231 3806 577 585 106 31 61231 3806 577 585 603 1000 577 585 61216
33746 3815 5984 436 8 61231 2084 20600 1061 238 4771 106 238 26607 50212 448 16361 1439 106 238 4567 188 21 1817 61216
1667 61251 22556 1866 1216 61223 31 61231 15114 2979 3224 106 238 6748 373 245 8362 4836 106 238 20207 61288 4 8305 9726 3735 390 245 1072 3656 6773 191 2757 106 238 15724 175 22301 31 61231 40074 212 6748 61216 2699
1667 1084 279 61214 106 157 20372 4 8305 3027 113 61288 61223 373 245 279 61214 90 15682 3037 8 61231 129 2036 61214 5460 23964 61209 5868 40826 373 2068 56475 4 21047 8305 3027 113 61288 245 279 61214 90 15682 5460 245 4303 17665 61216 2699
1667 14982 685 179 5898 31 61231 970 282 61223 1021 9404 7821 3930 5573 27676 61288 245 3630 237 48852 61288 390 1021 26 20566 2093 233 48245 212 26572 800 26176 2277 6006 61219 8776 1021 1438 61288 1491 3520 6197 212 26572 800 53470 2699
1667 1084 644 30464 61223 23963 448 4718 3707 1439 453 28899 774 800 5573 8305 10583 1036 390 238 38552 37 314 448 603 6462 24 61223 17523 45968 11019 574 219 13359 448 23 11852 20318 10420 10806 373 1339 11019 106 38976 2537 49639 61223 17523 836 3396 16072 13 61231 47912 1439 373 46503 5573 8305 10583 1036 61216 2699
1667 116 61231 12655 1478 436 485 427 61223 212 4329 61223 31 61231 2705 22968 314 106 10538 25573 162 2128 24 22441 8924 61203 5334 46986 2716 14 503 57255 1955 2456 40861 61223 3 1150 215 61231 8709 6681 59567 93 61246 597 65 6447 164 4613 184 980 15970 11900
1667 1149 35466 61223 238 1438 61288 282 239 21 348 9 365 10919 2979 701 9 55 1043 2226 61223 3175 12469 3165 1302 2551 3025 59243 2979 212 3175 61208 39206 3165 3 61624 1161 106 1877 3318 61223 17523 238 140 8131 61228 61213 8577 184 2062 28590 564 2890 245 688 3939 12662 140 8131 61216 116 61231 1851 448 3520 6197 9973 7947 106 31 61231 437 819 25739 485 238 60821 453 3630 237 2806 871 61216 2699
1667 13848 4494 448 5998 4466 25885 8283 2277 461 8835 191 38829 19960 50 578 19960 50 578 2800 2772 81 5471 797 2890 245 686 890 1359 2277 238 37682 26917 61223 1021 13622 1439 30723 8 61231 437 9418 427 448 1256 1205 1172 1021 50340 1511 13718 1036 26429 6447 74 230 28 61231 468 1196 8305 13718 1036 93 61213 304 31 61231 724 12031 7397 61223 245 29899 106 10629 4091 61223 7310 5014 28 61231 468 1196 8305 26429 19 1036 7089 448 15838 9261 1260 564 5083 2800 106 15838 9261 26069 1829 171 3930 61223 7310 61216 2699
2125 34286 21941 14685 106 12313 1866 577 1761 1172 238 6796 106 238 20290 9081 106 73 8787 3494 40644 2890 31 61231 3054 14 106 18982 20387 2277 13982 1959 11 106 31 61231 2308 58893 1671 347 61216
1667 1111 481 282 61223 1021 4793 1036 106 31 61231 61212 23520 39 5573 8305 2130 110 1036 106 3175 25350 448 38501 180 5334 56541 19446 61223 373 1021 46234 56541 19446 61223 212 47296 1021 24930 56541 205 12662 61223 5573 1887 32392 13 61231 7422 1289 9407 1036 106 12567 461 192 585 1061 31 61231 36434 13 61231 10527 503 106 5736 6028 38900 390 19623 32453 3054 8283 106 4246 3565 61216 2699
1084 72 16486 61228 23419 61314 485 4948 61214 2890 1021 1595 2827 390 31 61231 4789 61215 6447 164 428 448 27 577 24 1061 31 61231 4789 61215 6447 164 428 448 27 577 24 61216
1667 13121 10636 106 31 61231 33133 30520 61223 31 61231 25470 485 56104 132 3735 2890 1021 2683 56774 106 31 61231 877 3318 448 2757 9726 1036 27546 31 61231 49375 2890 31 61231 50456 453 73 8787 3494 40644 2890 245 28368 106 31 61231 50456 453 73 8787 3494 40644 11900
1667 1084 6594 61245 28 61231 194 790 427 801 1442 61256 93 2898 61332 32751 448 40309 1172 1021 20959 1233 12957 1310 1172 1021 1072 61256 11549 61301 448 132 1150 245 6594 61245 4 8305 10996 61288 61216 2699
201 61271 24 1256 1205 242 2474 1550 3930 6681 106 473 110 701 4536 5777 2277 39708 3037 6681 6644 61223 5474 2890 41794 3761 1571 9959 8090 61210 6681 448 404 61214 1277 13 61231 1851 28590 1124 106 238 5957 3025 448 1553 229 24 61216 201
1667 90 22556 1866 1216 61223 9065 155 52000 1196 1061 31 61231 6 314 1230 37346 1196 2016 61210 504 1546 23974 106 16426 3175 12469 3791 19 29444 106 25573 2277 1021 47287 280 13 61231 4789 4091 49639 2800 238 3175 61208 8594 13 61231 10527 503 390 6085 19 61228 61217 15 3542 24 8223 790 5334 49953 106 31 61231 39783 61216 2699
19295 30457 1438 61288 1491 701 2688 5 9530 19505 61 191 60090 106 36260 333 61273 61228 18469 9970 24 6793 61228 25046 61288 1491 93 13192 61245 61265 212 22954 7089 448 1438 61288 1491 701 2688 5 9530 93 13192 61245 647
201 61271 24 816 61213 35515 1021 4494 29893 6681 1172 1021 51746 2093 3037 149 4530 1607 3684 14666 230 2890 448 26722 9450 1039 6048 61223 5474 38444 11019 1021 35779 52797 106 34603 57232 2277 1021 51746 2093 20764 7352 3037 3976 35487 61216 2699
1667 1149 1025 10538 3761 61223 359 5509 13 61231 1851 3713 41518 93 2335 24326 2335 54723 61325 9360 19461 1227 26185 191 4718 14 1233 30838 2800 191 2158 15708 106 56225 61216 2699
1667 14829 3792 1775 93 19279 7352 106 16426 61265 6681 1230 54118 38533 7431 373 2890 1021 2770 21839 20401 595 42 4 4494 106 2757 61223 595 13405 9624 3971 61288 13 61231 7422 212 39860 13 61231 1283 61211 314 1021 3792 1775 13 61231 61 68 61653 18053 8384 347 61216 2699
1111 1619 9248 1359 61223 31 61231 15362 10882 4222 61211 4006 132 282 485 4494 60987 390 13045 1061 238 34171 4006 132 282 61216
1667 1111 32031 106 238 34973 453 5380 281 44 106 7275 11 1021 4718 3707 1439 1061 238 58453 27546 245 162 47411 106 31 61231 2136 41 281 373 106 238 34973 453 5380 281 44 13 61231 374 1159 81 448 19324 813 19 2399 180 61223 238 590 61653 3829 594 13 61231 6156 28100 4 8622 61288 1667 3165 2344 3025 23249 797 61203 5646 61288 1104 210 373 1671 347 1863 245 1571 10361 9065 13547 24668 191 1256 37 38780 8830 2890 245 9235 26477 106 238 38552 37 106 31 61231 41882 963 3025 61216 2699
201 61247 61211 40646 61233 61228 63 106 31 61231 12075 4836 61223 31 61624 1161 61233 61223 373 48483 29 15 2733 61233 16168 2264 61210 798
1667 116 61231 61212 7484 428 106 238 39483 1161 93 61286 61300 61251 4776 3635 92 3735 93 61286 61300 61251 4776 504 2800 61206 61223 37040 245 23974 2699
1667 18440 245 28368 448 34135 52014 373 448 816 61213 35515 61223 31 61231 94 197 106 5574 1205 2277 24609 1172 245 32392 106 12767 2800 13 61231 12075 123 13405 15432 1816 4494 49538 427 5025 585 61216 2699
1111 1152 449 61223 31 61231 12 33909 106 10538 60978 106 140 8131 19681 61228 61218 2763 8060 1359 42592 1776 61228 61210 383 13430 485 5320 61214 3735 2890 19623 16 61274 8131 61210 31287 23109 61228 61210 383 1036 162 2128 24 61216
1667 1084 1686 30464 61223 1021 43 16765 3565 106 16757 11019 942 13359 3027 26621 61288 238 38552 37 314 106 31 61231 61288 49572 2800 31 61231 194 13359 38221 61653 1829 212 13083 51210 61223 17523 10563 11019 39294 914 24 20401 1021 603 6462 24 106 11019 39294 38552 1036 373 3149 11019 39294 914 24 20401 31 61231 61288 49572 19461 38552 3735 1227 23974 4136 61216 2699
5218 19960 97 1216 106 238 140 50556 61260 140 11701 3037 4082 61 1061 238 16426 106 31 61231 16601 1028 5697 46275 2226 1061 31 61231 16601 1028 5697 233 2564 1359 61228 4615 30194 5573 775 1039 61288 1061 685 564 133 81 448 603 25720 133 631 106 3761 757 33356 139 1021 1052 3930 106 238 116 13192 61229 61216
1420 24572 6202 51610 11 3165 4302 61216
1667 17839 1597 61540 61215 585 61223 212 33978 106 238 13433 56763 2786 3025 61203 13 61231 1216 61219 1255 2890 38444 2770 21839 13 61231 47453 3025 37313 11460 41555 61223 31 61231 12 33909 31953 39026 230 2962 448 2757 4494 29893 61223 373 61223 11521 245 43842 373 31 61231 2308 1453 377 61223 31 61231 2308 58893 13405 2877 11 61216 2699
1667 18440 41794 2757 61223 36268 155 13405 1196 9624 3072 61223 6644 427 6202 307 1280 61233 39341 373 8223 790 24 5334 36216 5133 52215 5142 2277 31 61231 59155 61216 2699
1667 61260 6158 985 61282 101 3054 94 2107 194 8283 118 93 61245 21 9 194 8283 43 2816 62294 171 3930 61223 5380 9 194 8283 1595 2827 112 61245 8980 769 1595 2827 5380 9 194 8283 84 61289 61298 2939 72 1106 5 5380 1136 61226 1662 61223 96 276 146 5280 24 481 59 127 71 2043 5380 1136 61226 1662 84 61289 61298 2898 140 411 61210 1205 481 59 127 71 5380 1136 61226 1662 84 61289 61298 3137 5380 1136 61226 1662 162 2128 24 1061 238 37612 106 1334 21 93 61239 19832 61228 23419 61314 61223 58 19832 61228 23419 61314 3598 769 51 23979 9 229 9248 1359 481 124 71 61209 3735 5380 9 194 8283 84 61289 61298 2953 73 4006 61228 28115 61228 61264 33363 3438 40 16681 61223 84 2474 21 61288 35 93 61247 125 963 61265 93 61247 125 963 61265 93 61247 125 963 61265
1667 14982 8760 11 1021 25573 27582 2232 2890 10538 55036 3675 8283 61223 95 4 10157 61288 245 44330 11004 30838 7089 238 2786 449 11004 60768 61223 212 27676 139 33976 2757 448 2757 51604 448 36746 3871 110 373 4686 47149 448 36746 3871 110 61223 3037 574 219 35487 1021 3038 899 209 3871 110 2890 31 61231 2613 61298 373 1021 3038 899 209 3871 110 373 1021 3038 899 209 3871 110 2890 31 61231 61212 61494 61219 1988 20766 1021 132 1150 46121 155 6681 1196 1905 1036 61216 2699
116 61231 5193 60310 93 5193 60310 61265 526 441 880 15890 3087 23603 106 1546 3037 7568 1296
2328 61228 150 427 6202 33089 448 1292 24 3797 61228 59631 7089 238 3382 42967 2890 17816 603 998 12214 905
191 5108 1571 61219 223 61211 2619 7089 191 2757 603 1607 13430 2800 9726 61288 61339
2125 485 885 25 132 497 427 31 61231 5161 56 24968 106 238 21518 3318 106 31 61231 25470 7089 1021 19012 4136 19 1036 2890 245 140 50556 61260 2890 245 140 11701 47860 2345 22 238 28346 3025 13 61231 59 964 1021 24930 16044 6048 390 448 2757 16044 1036 106 238 73 8787 3494 40644 1061 31 61231 528 2537 106 238 59651 5471 105 61216
1667 5170 37040 427 2277 238 4771 106 238 26607 50212 373 106 238 23723 2890 31 61231 56100 106 31 61231 61247 15584 106 4567 188 21 1817 61223 82 61231 291 34094 106 32602 22286 448 37438 106 26607 50212 48852 3930 48852 6048 390 15614 1021 4157 746 383 106 238 4567 188 21 1817 61223 373 82 61231 291 34094 106 32602 22286 448 37438 106 26607 50212 48852 3930 48852 3930 390 15614 1021 4949 24 106 238 4567 188 21 1817 61216 2699
1009 4 35011 13718 61288 31 61231 50456 106 53097 19911 7089 318 2757 757 33356 1036 2890 238 16426 2346 317 133 3735 61216
1667 1084 73 8787 3494 40644 485 448 24930 3037 6681 1021 4494 13 1164 7 1775 106 238 55565 373 448 12884 24 29893 373 1021 4494 25078 16095 50340 106 10629 4091 2800 448 3733 106 26607 1233 12957 1310 3 1150 427 238 1901 71 105 6074 164 1359 61223 238 1901 71 105 453 26 63062 92 61223 238 1901 71 105 7855 61214 282 52934 3735 61223 238 1901 71 105 106 238 3280 327 11077 59651 5471 797 61203 373 245 14497 61223 6681 448 24930 51604 448 24930 61216 2699
1667 754 1775 10112 106 256 282 1571 9 194 8283 93 9164 61207 61314 61265 93 1752 490 22 3165 1553 129 114 61223 144 779 1359 3165 28958 1901 71 105 106 6150 22 61265 11900
1667 1084 20290 599 1172 245 3259 428 8 61231 3054 184 7280 585 61223 373 238 307 1216 19960 797 61203 485 2786 3025 61203 61216 2699
1667 1084 2277 4449 441 13 61231 556 26185 191 4718 14 106 26607 1233 30838 2800 448 3761 51604 191 2158 15708 106 56225 106 73 8787 3494 40644 36563 1021 3761 3037 28 61231 194 13359 1196 8305 1108 61217 48130 1061 31 61231 61212 61494 61219 1988 93 2898 61249 8980 1172 118 9612 3161 4063 9360 39294 4494 52934 1036 390 1025 1021 3761 3037 5573 34094 13 61231 1851 3684 19241 20320 1061 31 61231 104 3025 106 307 1216 106 26607 93 2613 61298 61265 93 8337 61335 1172 5900 61332 23288 9360 373 1021 3761 51604 34094 13 61231 1851 3684 19241 20320 1061 31 61231 61212 61494 61219 1988 20766 31 61231 2613 61298 54160 61242 11958 1172 22093 2335 15437 40777 2699
1667 6446 3189 61223 595 8 61231 52518 106 14110 10112 106 1571 9 194 8283 3037 816 127 43360 1021 1901 71 280 106 238 5352 114 61282 245 4743 928 2772 9248 1359 1571 9 194 1478 30 1188 22 191 37612 15672 11956 61288 3037 485 3871 564 11521 31 61231 139 1478 145 61540 159 7335 225 2440 11062 93 38964 769 373 245 13966 485 3871 564 11521 4494 9404 40085 106 34603 60333 1524 1359 93 10921 61203 427 245 151 8646 2890 1021 23 11852 631 61265 11521 245 151 8646 93 61293 11701 61265 106 1571 9 194 1478 30 12118 61288 1025 1359 93 61293 11701 647 2699
116 61231 1955 61239 4 48852 61288 448 34499 2277 1021 316 38982 106 12964 3189 13 61231 185 291 2277 245 73 8787 3494 40644 20190 9624 5320 61214 61288 61216
1667 1111 30464 45419 2299 245 58 19832 61228 23419 61314 3598 4 8305 26 348 61211 3735 11521 26 1115 106 238 54387 26005 106 238 1438 61288 425 3520 871 453 13966 27546 31 61231 4789 4091 448 19960 50 23924 61216 2699
1667 73 1179 485 32390 2277 427 61223 504 95 4530 69 191 162 2128 54 2890 31 61231 194 54 61223 595 2888 12214 23322 7 1021 24930 3037 149 6681 804 19 60606 106 31 61231 194 54 2277 1021 5998 4466 13 61231 47453 2828 2800 1061 238 9829 37290 61216 2699
1667 140 2996 61233 359 45778 1061 238 28346 3025 13 61231 2308 1453 377 2890 19623 8927 106 51746 61223 212 47296 504 448 19773 1761 15451 7352 6681 212 8271 106 149 2346 366 10346 61216 2699
1667 2125 28 61231 61220 4 1196 13 61231 185 4466 32732 19 2277 31 61231 94 22775 818 453 13966 2800 106 31 61231 139 348 108 105 2890 245 7855 61223 6644 427 1021 5998 4466 6681 17017 1036 61216 2699
1084 13966 31287 188 61228 61210 383 13430 23217 365 8090 19052 61 245 3630 237 453 13966 106 238 140 8131 26069 1829 1025 1359 373 106 31 61231 16601 1028 951 453 13966 61216
1667 116 61231 1351 28762 61223 31 61231 15114 2979 373 1021 3995 61210 13 61231 61 68 61653 18053 26262 9624 38552 1036 2890 1021 11019 42178 42096 10583 1036 61216 2699
3192 26497 18435 21827 3025 14895 102 3438 55 11571 106 31 61231 28090 951 373 106 31 61231 36 61288 482 39686 7089 3165 26574 1061 9620 106 12602 13 61231 1851 50861 212 53834 373 191 39514 106 26857 5389 106 31 61231 41882 963 3025 61216
14982 33866 245 14269 448 36746 453 8760 453 7855 4171 453 7855 93 61293 18805 61265 373 106 33866 245 44330 162 1641 528 36563 1021 20042 24 373 1021 30963 61223 9065 34479 775 1039 61288 238 27721 9631 61203 1227 10636 106 238 5623 106 25573 140 50556 61260 140 11701 93 61222 9135 682 1389 54947
1667 1111 4329 61223 31 61231 2308 74 3124 106 31 61231 2308 4713 1124 8384 347 106 11460 16426 8911 312 2062 2890 245 29899 2625 4 8305 20803 61288 13 5509 238 8789 44657 175 106 31 61231 15114 2979 9726 61288 453 73 8787 3494 40644 1061 31 61231 26830 282 61216 2699
1667 2895 9 245 90 18805 14995 61223 245 48386 448 279 1775 3037 149 13 1478 8809 61 245 4303 17665 5573 8305 7346 1036 61216 2699
1452 90 15682 4 11695 11460 34973 27546 26054 4530 15676 10210 230 2890 31 61231 185 291 73 8787 3494 40644 13966 13 61231 104 10012 36424 106 122 3302 157 20372 61216
1667 1084 1328 30464 61223 4494 106 55200 448 13982 61540 1277 453 28899 39294 9450 1039 1036 390 1546 23 61624 175 556 61223 3037 26126 8305 22660 38133 11521 191 23 11852 2234 793 75 2979 2625 2890 1072 61312 11019 61216 2699
1667 19592 28958 28346 3025 485 13 61231 8317 158 14110 5574 1205 32333 61210 93 61219 61216 239 4025 191 5574 37 106 22123 108 105 106 238 481 282 373 191 2039 5574 37 13 61231 25656 9248 1359 106 238 22123 108 105 769 5474 307 1280 61233 42987 61 106 155 1196 9624 215 192 5 2800 155 16352 6515 1196 16168 19010 142 4210 212 57372 61216 2699
2125 42 4 106 14269 1775 10112 13 61231 185 4466 3037 27676 61 448 19960 50 23924 106 11167 61254 373 13 61231 21798 53097 19960 50 23924 2772 81 5471 797 24 2277 245 50220 106 73 8787 3494 1804 2906
1452 16426 106 238 140 50556 61260 140 11701 7089 12613 61247 485 39144 105 212 9804 427 4771 106 238 26607 2890 245 28368 106 31 61231 20319 318 106 31 61231 20319 318 106 238 41524 1172 238 4771 106 238 26607 106 238 140 11701 106 238 4182 283 12706 93 6602 499 114 106 43842 448 50081 647
201 28766 42 4 191 3630 237 106 140 8131 31287 188 61223 191 191 61224 1351 139 61223 31287 188 61228 61210 383 188 2890 245 5380 1136 61226 1662 798
1667 61271 61231 104 3025 53244 448 24930 757 76 61540 2583 1061 31 61231 61212 61494 61219 1988 7089 3165 20843 73 8787 3494 40644 15112 61223 373 1021 5998 4466 106 27721 17830 28982 61223 1021 36746 106 39012 47287 280 19681 61228 19466 19 25749 61223 35779 52797 1021 4401 12662 13 61231 185 291 212 32031 13 61231 59 26764 14541 13615 585 1021 4401 12662 13 61231 185 291 212 32031 13 61231 59 26764 14541 13615 585 1021 36746 448 47287 280 13 61231 50456 61216 2699
1667 35663 85 3901 106 245 47860 428 61223 373 55927 3901 106 29 15 14257 16168 2264 61210 21679 106 4068 5898 17816 1268 441 61216 2699
1667 61245 61203 28 61231 129 15672 17544 1196 1578 61288 1061 31 61231 16601 1028 951 106 238 16 4836 61223 26 61231 129 54393 595 485 51909 106 37542 1061 31 61231 194 436 106 37542 504 238 23277 3025 13966 4 8305 1578 3735 2800 427 238 23277 3025 448 30199 4082 6048 1061 31 61231 3054 1839 19461 2743 11903 871 2800 45 77 439 798
73 1179 1292 188 105 215 61231 44 42 4 3165 14282 106 4522 13604 61210 2800 14110 16 29527 180 13 61231 21798 24930 373 13 61231 61288 61225 3929 13 61231 7422 3684 104 19 2890 1021 49743 212 47860 59634 245 5108 7089 60334 61216
1084 1924 2160 4 11695 11460 34973 19681 245 28368 448 46149 106 31 61231 5471 951 22648 5460 13 61231 21798 9398 9261 2625 24 13 61231 5471 951 373 106 31 61231 2308 1453 377 13 61231 5471 951 61216
201 61293 61214 1280 61233 61228 22571 448 2264 61210 390 6085 19 106 3849 9 373 13 61231 41883 12077 1839 61223 373 23838 449 3382 5898 21325 2264 61210 1172 191 38 22 2673 798
1667 2895 9 238 5623 106 238 26 2549 22330 7 60987 61223 245 13966 13 61231 3054 1839 373 13 61231 16324 114 28862 13 61231 528 2474 2452 245 13966 13 61231 3054 1839 373 13 61231 16324 114 390 31 61231 232 3958 2300 294 1061 31 61231 2066 3735 13 61231 1851 4755 2687 13 61231 232 3958 2300 294 2800 13 61231 61 68 61653 1562 2619 585 2619 585 106 238 10534 3542 314 57 13435 3735 61216 4951 5509 31 61231 2066 3735 2890 238 4755 2687 106 238 18 3054 26021 61223 245 13966 485 25550 16324 3735 61223 373 1334 3630 237 8 61231 1216 54039 2890 238 26 696 1036 54 61216 2699
2246 297 61233 1021 50510 10625 106 11419 7082 2277 238 10629 4091 106 31 61231 16601 1028 61273 61216
1667 90 22556 1866 1216 61223 2890 24401 20825 61223 1021 603 25720 133 631 574 219 35487 448 3280 473 4523 1172 238 24662 106 238 23723 373 106 31 61231 59 26764 17227 448 50510 10625 106 43842 106 238 18058 4494 10157 6048 2890 3093 3792 1775 13 61231 2308 1453 377 61216 2699
1452 4198 132 105 5380 1136 61226 1662 93 15616 61314 61265 144 779 1359 31 61231 5 1514 1001 2828 212 4198 132 105 61216
1667 26237 1021 41040 215 474 61 448 26722 22614 7821 6048 61223 31 61231 2084 357 44 27733 485 27676 61288 2277 38976 97 158 1021 4136 9261 448 24930 212 5380 3735 453 10580 2277 8 61231 437 9418 427 1021 27676 25749 373 1021 9398 9261 28 61231 10 779 5682 1196 448 1553 2588 405 215 192 5 443 2583 212 51610 139 34135 24968 61216 2699
1667 1452 31030 61288 795 314 453 13966 485 3631 871 1061 17167 417 106 238 1571 1136 61226 1478 110 61223 1546 3037 485 32390 31790 26677 25262 13 61231 7422 1188 449 16285 106 244 16 4653 1164 13 61231 61288 1161 16091 798
53 365 1851 48615 28 61231 61204 1196 603 49114 61288 2800 28 61231 61204 1196 8305 8789 6447 61288 106 238 73 8787 3494 40644 15112 61216
1667 1452 2914 829 1359 4 56087 61288 427 9754 1978 36 61223 3037 4 28824 133 61288 212 9804 427 19681 61228 24749 8518 92 1061 238 151 48659 2890 31 61231 129 61223 4 56087 61288 427 1667 245 151 48659 10012 61203 191 46282 2585 2890 238 16686 106 238 3684 5046 4494 13919 1172 238 1622 594 2699 373 1667 61470 61220 61468 899 595 42 4 191 2757 13 61231 5471 951 61223 238 151 48659 20190 9624 908 333 132 3735 31729 2699
15673 61210 57092 5573 18507 61288 448 461 1150 106 8911 312 24 106 16426 26 21641 2890 1021 132 1150 1021 26 20566 2093 2277 31062 61112 1021 26 20566 2093 1061 359 8577 8776 31 61231 20399 276 585 448 26722 10041 6048 1172 1021 26 21641 106 73 8787 3494 40644 26050 13 61231 13399 7161 19623 26 21641 2277 1021 26 20566 2093 61216
1667 1101 7 29899 1230 13430 13405 9624 45928 61288 1061 14110 26917 390 1393 7069 61223 5474 13405 61228 7422 106 29483 448 25573 33976 9620 2800 33976 89 314 38636 9624 24401 14485 1230 37346 61216 2699
1452 8220 106 78 983 12 485 2890 26844 1021 1177 24 373 245 48386 106 238 3520 871 687 7 233 2297 594 485 2890 238 306 710 192 448 1177 24 61216
1667 754 14269 1775 12548 104 7352 106 31 61231 47543 61223 453 22997 61223 373 448 12548 104 7352 2472 61224 2827 5573 2277 1152 8699 31 61231 257 5984 436 106 6006 23657 1061 238 58453 61223 37981 51161 595 485 51909 106 38552 11 15614 1021 59075 45 77 4421 61216 2699
1667 2125 42 4 448 461 357 3087 33923 1391 5566 90 7583 3037 155 6681 1196 42871 1036 2277 238 8456 40846 52 1546 6681 448 310 3087 37434 19 1036 3037 30723 9624 1521 212 1379 2277 9624 10863 5188 106 34603 51364 13664 585 10863 495 61216 2699
1667 754 31 61231 61288 1161 16091 5856 105 491 37533 61231 61387 448 37046 991 9261 106 2284 11062 61223 448 7449 2890 1021 132 1150 149 3684 104 43360 1021 41040 1172 245 5088 18 354 441 61223 1021 8462 13 61231 9176 61598 5898 238 31802 114 453 13966 6681 3027 113 1036 2890 245 28899 774 800 61216 2699
1667 2717 6202 106 8556 24609 59982 706 61223 55927 3901 106 1602 11 1227 26185 136 16 29527 180 20215 13604 61210 61265 1203 5 448 22336 24930 61216 2699
1667 19592 12581 13 61231 185 291 13 61231 185 291 31287 188 5971 188 13405 9624 1286 7821 3735 212 9804 427 1667 12581 13 61231 2084 7605 114 2699 504 1021 25573 9235 1869 6048 2890 31 61231 185 291 3175 61208 43360 448 38900 9631 24 1172 31 61231 10152 50 94 3025 10210 2800 42592 1776 106 31 61231 10152 50 94 3025 106 31 61231 3054 1839 2800 106 31 61231 185 291 11900
1667 1084 8058 106 31 61231 2084 357 44 7855 61214 282 61228 61210 5714 40085 13405 3175 25350 448 38900 49978 1172 245 14269 106 8456 1172 238 10629 4091 61223 373 245 29899 106 20825 13405 3175 25350 448 28433 2277 238 37046 175 448 25573 1172 245 1838 3318 373 1021 36746 106 10731 373 106 238 26607 2890 1021 52475 19960 50 7352 61216 2699
1452 24662 106 16426 2346 317 133 3735 4 8305 5320 61214 3735 13615 585 212 27676 139 245 29899 140 50556 61260 140 11701 61228 27040 61247 2277 245 73 8787 3494 40644 8911 39206 61216
1667 1149 181 61540 1537 61223 9065 242 631 16174 4875 800 504 9065 5867 61225 631 34605 81 15614 10538 32197 3930 15838 1541 24214 373 9404 7821 3930 2277 622 56 40655 245 43164 61222 377 61216 2699
116 61231 20645 2549 114 22648 106 1559 4774 5652 4 40845 61214 238 6203 1172 1021 10629 24961 503 15672 6048 390 245 73 8787 3494 40644 1061 31 61231 20645 2549 114 22648 61216
5170 485 61228 150 427 11460 3382 42967 2814 238 1379 2890 17816 603 998 12214 905
1667 1084 1286 49763 22441 3684 9864 105 2277 416 603 25720 133 631 106 12602 23322 1439 21679 31 61231 61212 354 441 93 135 94 1851 2600 35502 61265 1296 815 2574 61339 61309 2843 61223 500 41734 2843 61223 1676 11980 61312 2843 61223 373 13154 471 106 11549 2843 2800 4494 61216 2699
1667 2717 238 12613 61247 4 34094 13 61231 21798 603 25720 133 631 2277 1021 3653 22761 106 10629 1467 114 2890 238 12613 61247 61223 36268 13405 9624 45928 3735 61216 2699
1667 5218 55036 48852 1036 106 238 481 282 373 106 31 61231 6156 60855 6701 61540 919 427 1021 4718 1418 106 26607 1945 24 2890 1021 2158 22761 106 56225 15112 453 73 8787 3494 40644 106 238 1901 71 105 574 219 35487 61223 5474 1021 25573 3037 2346 2872 1607 1021 20959 106 26607 1233 12957 1310 36563 1021 3761 106 73 8787 3494 40644 28 61231 468 1196 25984 8305 5345 15110 61216 2699
1667 1520 5509 106 47440 448 20290 50753 6681 27771 12662 212 25035 448 36746 448 37379 503 61223 3 42143 427 1021 36746 448 9235 67 110 26262 9624 1905 1036 1061 31 61231 61212 61494 61219 1988 61216 2699
116 61231 2308 4713 1124 2480 6509 11062 8760 3735 106 10538 3761 4 8305 8924 61203 5334 55036 26429 6447 806 448 3761 1511 56564 49589 7089 448 22396 50 94 9261 41938 61228 5114 365 294 1061 31 61231 3054 3477 9631 61203 61216
1667 14982 1021 19960 50 23924 35011 461 17425 61225 1036 93 10921 61203 2277 238 1901 71 105 13 61231 15362 10882 4222 61211 4006 132 282 769 1021 4718 30557 5135 61228 5019 13 61231 185 291 40713 61 448 3035 21839 61228 36150 9902 13 61231 185 291 2890 1021 24930 162 2128 24 106 73 8787 3494 40644 61228 61245 8787 3494 40644 2277 245 50220 448 19960 50 23924 10629 30 497 230 461 17425 61225 1036 2277 1021 19960 50 23924 10629 30 497 230 461 17425 61225 1036 32969
1667 2895 9 245 22456 69 556 106 238 90 18805 61223 390 11460 34973 61223 245 25394 50762 30 4 8305 5107 383 61288 13 61231 1851 4151 3735 59243 2979 106 359 5509 106 3186 25600 2950 106 10945 278 46914 2827 2277 15724 158 22301 238 6570 129 61288 53244 61216 2699
5218 1571 9 194 8283 26262 1188 428 238 90 4684 6835 93 15 2619 585 106 238 4874 41 6526 2806 871 2800 106 238 23 664 9248 1359 106 43 61624 4932 90 4684 6835 61265 373 448 708 104 646 62294 171 3930 93 15 2619 585 708 104 646 62294 171 3930 2806 6197 2800 708 104 646 62294 171 3930 106 238 23 664 9248 2226 106 23277 3025 647
