140 50556 61260 140 11701 463 61202 62456 63497 63977 61756 61202 62905 62306 62966 61985 3709 62023 62274 61875 62561 3709 62023 62559 62013 62561 7694 6663 62053 63274 61985 5199 62088 4845 62389 62118 62053 63274 61985 4845 0 61920 4845 61911 62254 62806 62054 61202 0 61920 61202 0 61801 0 61756 61202 0 61801 0 61756 61202 0 62306 61966 61202 62697 62009 63821 61985 61202 62697 62009 62047 61747 61747
1667 41095 61985 61202 61866 0 61920 62088 61202 0 61920 63497 62054 61756 61202 61866 0 61920 61202 61866 0 62248 15024 18700 62054 62118 62053 62348 61920 4845 62926 61949 61202 62227 0 62248 61920 5199 62088 61202 62227 62701 61920 61202 63679 62697 61920 5199 62088 61202 62227 61801 0 62054 61920 61202 63679 62697 61920 34587 61202 0 61920 0 61920 34587 61202 0 61966 0 62054 61756 61202 0 62966 0 62054 61756 34587 4845 0 62966 0 62054 61756 61202 0 62118 61920 61202 0 62393 62118 61920 34587 4845 0 61920 0 61920 61202 0 62118 61920 5199 62088 61202 0 62393 62118 61920 5199 62088 61202 63679 62697 61920 12305 62254 62370 62348 61747 61747
1667 61301 61202 0 61756 0 61966 61202 0 61756 0 62487 93 63785 0 62118 0 61265 4845 0 62393 62806 62054 61920 5199 62088 4845 61911 62254 62088 63002 61920 15533 62393 62806 15024 3709 63002 61920 4845 63291 62004 62393 61920 61202 0 62306 62966 61985 3833 62728 62349 0 62047 61747 61747
61202 0 62389 62343 62118 61756 10559 62393 62118 62053 62704 62487 62348 16719 11533 56374 62053 62088 4845 38718
15533 62393 62806 15024 61756 3709 62393 62363 62370 61866 8881 62363 62697 61920 16780 10559 62013 61966 62697 61920 8881 62455 62373 61801 5199 62088 63780 61985 4845 0 62393 62806 15024 61756 4845 62389 61971 62009 25211 62118 62053 62704 62058 61966 3709 62393 62118 62053 62088 3709 62456 62047 62704 7537 16780 3709 62389 63164 61920 16780 61202 63679 62697 61920 3833 62248 62118 62254 0 7537 61747 61747
140 50556 61260 140 11701 4845 62620 62004 62363 61202 0 62966 61985 5199 62088 3833 62363 62370 62806 62054 61202 0 61756 0 62343 61920 61202 0 61971 61920 3709 416 5812 183 61202 0 61756 61202 0 61756 0 61756 3709 62274 62013 61756 61920 4845 62954 0 61202 0 61756 0 61756 61202 0 61756 0 61756 10559 62393 62118 62013 62118 0 15024 11028 0 62343 62348 61747 61747
1667 16370 55171 61202 63679 62697 44373 10559 62456 62054 62118 62053 62393 62806 15024 3709 62118 62053 62373 61966 3709 62118 62053 62373 61966 61202 63078 63821 61985 61202 63679 62697 61920 3709 62456 62118 62053 62393 62806 15024 3709 62373 61966 11028 61875 62047 62306 11028 63109 62343 62348 61747 61747 61202 0 62393 62806 62054 61756 3709 63516 62349 0 61801 24560 4845 0 62393 62806 15024 61202 0 62393 62806 15024 8881 53890 62118 3709 62456 62054 62349 62701 62363 61202 63679 62697 61920 3709 62456 62054 62349 62701 62363 63365 61920 16719 62487 61756 62054 61920 3709 62393 62349 62701 62363 61920 61202 63679 62697 61920 5199 62023 61920 0 61920 3709 62393 62118 62053 62393 62806 15024 3709 62393 62806 15024 61202 61866 0 61920 61202 40241 62588 11028 0 62047 61747 61747
1667 5199 61866 61949 62746 5199 61866 61949 62746 3709 63762 61920 16780 61202 63497 62373 62013 62306 11028 62058 0 61971 62047 61747 61747 3709 62389 63465 8938 62254 62966 61985 61202 61866 63422 61920 3709 63291 62004 62393 61920 21263 63465 8881 62704 62058 61920 8881 62704 62058 61920 61202 0 62248 61920 10559 62013 62638 61920 62058 61920 61202 62227 0 62970 62609 12480 61756 11028 62935 62701 62348 61747 61747
1667 3709 62389 63465 61202 0 62254 62966 61985 31277 4845 0 62325 0 61202 0 62118 62370 61920 5199 62118 62058 61202 62325 62349 62118 5199 62118 62058 5199 62118 62058 5199 62054 62118 62053 62704 62487 62348 61202 0 62393 62806 62054 61756 61202 62905 62306 62306 61966 61756 55456 62009 62013 61949 62559 7537 61202 63497 62054 62118 62053 62704 62487 62047 61747 61747
41095 61756 61202 63679 62697 63977 61985 16719 61966 0 15024 6663 62118 62325 62118 61920 61282 61202 0 62966 0 15024 45236 61747 61747
1667 4845 62343 62373 61756 8881 62118 62053 62393 62806 62054 61202 0 62966 62363 62966 61985 61202 63393 61866 62373 61920 3833 62349 62701 62363 61756 3833 62349 62701 62363 61756 61747 61747 3709 62118 62053 62393 62806 15024 3709 62118 62053 62393 62806 15024 61202 0 61756 62363 62966 61985 4845 0 61920 4845 0 61920 4845 0 61920 4845 0 61920 4845 62926 61949 61202 0 61920 61202 0 61966 0 61985 55841 63109 62561 55324 61801 61202 0 61966 0 62054 61756 61202 0 62393 62806 15024 3709 62265 62348 61920 61202 62561 62588 4845 62343 62373 0 61202 0 62966 62363 62966 61985 18700 62054 63785 61202 0 61756 62363 62343 0 61756 3833 62349 62701 62363 62343 7537 61747 61747
1667 16370 55171 61756 34152 61915 63164 62935 61756 15533 62058 62053 62047 34587 3709 62954 62935 62389 61202 62487 62638 62343 15024 61801 16780 6663 62274 62389 62588 15533 62058 62047 62058 62047 61747 61747
4845 62274 62389 61920 8881 61756 62363 63419 61920 61202 0 61756 62363 63419 61920 4845 0 61920 0 62047 61202 0 61920 0 61920 8881 0 62013 61966 61756 3709 62393 62013 0 62013 61966 61202 63679 62697 61756 61202 63679 62697 61920 61202 63679 62697 61920 8881 62455 62373 61801 62373 62456 62054 61756 3709 55171 4845 62058 63002 62348 61202 0 62966 61985 3833 62254 0 62047 61747 61747
1667 4845 0 61801 61966 3379 61202 0 61756 0 61966 8881 61756 62363 63419 61920 4845 61915 61966 0 62806 62054 61756 8881 61756 62363 63419 61920 31938 61756 61202 63078 63821 61985 61202 62935 62701 15024 61756 61202 0 61966 0 15024 62088 61202 0 61756 0 61966 61202 0 61966 0 15024 61756 61202 62935 62701 61966 61202 62935 62701 0 61985 61202 62935 62701 15024 61801 61202 0 61966 0 15024 61801 6663 62047 63780 61985 61202 63762 61920 3709 62118 62053 62373 61966 16780 5199 61966 62058 62004 62058 62348 61747 61747
1003 651 61311 61202 0 61249 61251 61249 61202 0 62393 0 61202 62227 62363 63274 61985 61202 0 61756 0 61202 0 62456 0 61966 61202 0 61756 0 62054 61756 3709 62393 63516 62349 63254 61866 36653 62620 61971 62842 61202 0 61949 44373 11028 61985 61971 62047 61747 61747
1667 61202 63233 62348 4845 61911 0 62806 62704 61202 0 62393 62456 62054 5199 62088 61202 63785 0 62393 62393 62806 62054 61202 0 62393 62806 15024 61756 61202 0 62389 61920 5199 62088 16719 62363 62389 61202 0 62389 61756 8881 53890 62118 15533 62370 62348 61747 61747
61202 0 0 62325 40644 61202 0 61756 0 61920 61202 0 61966 0 61920 11028 0 62047
1667 62053 62058 62053 62704 62058 62047 61202 0 61756 0 4845 62954 62935 62389 61202 0 62306 62966 61985 10559 62393 62118 62274 61875 62274 62389 4845 61911 62265 62696 61756 61202 0 61920 0 61985 61202 0 62118 62053 61801 61202 61866 62559 62009 62047 61747 61747
1667 61202 63233 62118 0 61801 3709 62373 62455 61985 24560 5199 60831 61756 3833 61866 63365 61920 1812 1812 2699
41095 61756 61202 62325 62363 63821 27832 55324 61801 61202 0 62487 63821 61985 61202 61866 0 61920 55324 61801 34304 61756 62614 16719 62047 62487 44373 61756 61202 63497 62058 62053 62047 61747 61747
4845 62343 62373 61866 8881 62118 62053 62393 62806 62054 61756 5199 62088 4845 0 62393 62806 15024 61756 8881 62118 62053 62393 62806 62054 61756 8881 62363 62370 61920 12305 62118 62053 62704 62487 62047 61747 61747
1667 61325 61202 0 61966 0 61966 61202 0 0 62325 644 61202 0 61756 0 62053 62088 0 61202 0 62393 62248 0 61985 28119 62254 0 61202 0 61966 0 61202 0 61966 0 61985 3709 61911 63195 62118 4845 61911 63195 62118 61920 61202 0 61966 0 61985 3709 0 61966 0 62047 55324 61801 3709 0 62343 0 61801 4845 0 61966 61228 61245 8787 40644 16719 11533 16719 62047 0 62054 61920 31552 62053 62254 0 61801 61747 61747 61747
61202 0 61966 0 61966 61202 62701 61966 3709 62393 62118 62053 62393 0 61985 31277 11028 62047 62884 62047 1812 1812
21263 63465 128 61260 5199 62088 59123 0 62013 62806 62054 61202 63393 62325 62349 61920 61202 62487 62638 63821 61985 36653 62620 61971 62842 4845 61911 62389 61971 0 4845 0 62697 61920 61202 62697 61866 62455 61920 11028 62373 62539 62348 61747 61747
3709 62265 62004 62746 61202 0 44373 31277 4845 62180 62053 61920 8881 62118 0 61920 15533 62254 62004 0 1812 1812
1667 500 61202 0 61756 0 61966 500 61202 0 61756 0 62325 644 61202 0 61756 0 62054 0 61202 0 61756 0 62054 0 61202 0 61966 0 62054 0 61202 0 61966 0 62054 0 61202 0 61966 0 62054 0 61202 0 61966 0 61920 61202 0 61966 0 61920 61202 0 61966 0 61920 0 61202 62609 62009 62088 28119 62254 63627 61920 61202 62609 62009 62088 61202 0 61920 0 61920 61202 0 61920 63977 0 61920 61202 0 61920 63977 0 61202 0 61920 63977 61985 3709 63388 61971 3379 61301 61202 62456 63977 61756 15533 62393 62806 15024 3709 63388 61971 61202 0 61920 61202 0 61920 63977 0 61920 3709 63388 61971 61202 0 61920 1442 61309 61202 62456 63497 63977 61756 15533 62393 62806 15024 45963 62254 63627 50462 4845 62248 62254 0 61920 50002 62561 61747 61747
1667 6663 55171 61202 0 61756 0 61920 4845 63078 62004 61920 16719 62047 62487 44373 34304 62118 62349 0 15024 31552 62348 61747 61747 5199 62118 62058 62393 61756 62614 61866 14499 62274 61949 61801 61202 62325 62349 62118 61202 62325 62349 62118 11028 62227 61966 62701 62047 61747 61747
5199 63780 62609 12480 61756 3709 63002 61920 5199 63780 62609 12480 61756 3833 34547 62254 61866 3709 63002 61920 5199 62088 5199 60831 61756 3709 63422 62004 62393 24560 61202 0 62638 61920 34152 61949 62704 62058 62561 1812 1812
1667 10559 0 61920 62343 62118 61202 63274 62058 61966 31277 3709 0 62389 61920 31277 3709 0 62389 16780 61202 0 62389 61920 11028 62274 62455 63159 62047 55324 61801 6663 62389 61966 61920 4845 62926 61949 61202 0 61920 11028 62274 62539 62047 61747 61747
1667 61911 62047 62704 61801 61202 62487 62638 61920 5199 62118 62058 62053 62704 62058 62047 61202 62487 62389 62248 0 61202 55437 61747 61747 40242 61756 40242 61756 3709 62539 61801 29568 62227 38718 61747 61747 5199 63780 62609 12480 61756 5199 62118 62058 62053 62704 62058 62004 61866 5199 62118 62058 61202 62325 62349 62118 61202 62325 61756 62905 61966 61202 62325 61756 62905 61966 61202 62325 62349 62118 3709 62393 62118 62053 62704 62058 23593 8881 62704 62058 23593 18700 62054 62118 62620 62047 62363 62047 61747 61747
1003 62023 62389 63465 61202 0 62254 62966 61985 10559 62013 62013 62539 61920 61228 0 62966 61985 34587 8881 61966 62058 51312 34587 8881 61966 62058 51312 62088 8881 61966 62058 62389 61756 8881 61866 62274 61966 61756 55324 61801 21263 61966 62746 61756 61202 0 62389 61966 3833 62254 62370 61875 62047 61747 61747
1667 26730 62004 62746 61202 0 61756 0 62054 61756 61202 0 62966 0 62054 0 61985 93 9164 61207 61314 61265 61202 0 61756 0 62054 61920 61202 0 61756 0 62054 61920 18700 62054 62373 62325 62047 61202 0 61756 0 61920 18700 62054 62620 62455 61966 5199 62088 4845 0 62118 0 62118 61756 3833 61801 0 61920 18700 62054 62254 0 14890 61747 61747
1003 61239 19832 61228 23419 61314 3598 61202 0 62343 62118 61223 73 8787 3494 40644 93 0 62966 0 62696 0 61756 61202 0 61756 0 62118 778 8335 61202 0 61756 0 61920 61202 0 61756 0 61920 61202 0 61756 0 61920 61202 0 61756 0 61920 4845 0 62013 62806 62054 34682 8881 0 62013 62806 62054 61756 5199 0 62013 62806 62054 61202 0 61756 61202 0 61756 0 61756 61202 0 62389 0 61920 61202 0 62009 62088 0 61579 61747 61747
1667 6663 62053 62704 62058 62348 61202 0 61756 0 62047 0 61202 0 62704 0 61202 0 61966 0 61966 0 61756 1902 29194 62970 62995 61202 0 62325 0 61966 1902 61202 0 62456 62054 61920 61202 0 62393 0 62053 63288 61985 3709 62393 62118 62053 62393 0 61920 3709 62393 62118 62053 62393 62806 62054 61920 61202 0 61756 0 7537 4845 62926 61949 61202 62227 0 62248 61920 15533 62254 62004 0 62047 61747 61747
1003 62389 63164 62614 61866 3833 63195 62118 61202 62325 62363 62966 61985 15533 62118 63159 93 61251 5340 61265 55324 61801 61202 0 61920 0 62248 7537 61756 55324 61801 3709 61911 62588 62393 61920 3709 0 62248 61920 16780 16719 62487 61756 62054 61920 10559 62393 62054 62118 62349 62363 0 61920 38613 62456 62054 62118 62349 62487 62348 61920 61202 0 62227 61966 61202 0 62325 0 62325 61202 0 62325 0 15024 45963 62254 62004 0 61985 31277 61202 0 61966 0 15024 45963 62559 62054 63785 61202 0 61966 0 62047 61747 61747
3709 0 62393 62806 15024 31277 4845 61911 62265 62696 61756 4845 0 61756 0 61756 0 61202 0 62118 0 61756 0 61202 0 62966 62248 61756 3709 61911 62265 62696 61202 62227 0 61228 63393 61866 62373 61920 61202 63393 61866 62373 61920 15533 62455 62373 63233 50462 8881 50233 62325 15533 62058 62053 62047 11028 62058 62053 62047 61747 61747 3709 23463 0 61801 61202 0 62118 61920 61202 63393 62884 62966 61985 61202 63393 62884 15024 11028 62254 62370 62348 1812 1812 3709 61949 62254 62966 61985 31277 4845 0 61920 61202 63679 62697 63977 61985 61202 0 61920 4845 0 61920 0 61920 61202 0 61920 0 61920 61202 0 61920 0 61920 61202 0 61920 0 61920 61202 62455 62370 61966 0 61920 61339 8342 61202 0 61920 61228 63393 61866 62373 61920 4845 62954 62935 62389 61202 0 61756 0 61756 0 61756 61202 0 61966 0 61966 61202 0 61966 0 61966 61202 0 61966 0 61966 0 61920 15533 62058 62053 62370 62370 61875 62047 61747 61747
1667 61202 62935 62588 62047 4845 38718 61756 55324 61801 8881 61756 62363 63419 61920 34152 61915 63164 62935 16719 62487 61756 62054 61920 6663 62349 0 61202 62561 62588 4845 0 61920 61202 0 62389 61966 61202 0 62966 61985 5199 62118 62058 61202 0 62389 61966 3709 62389 63465 61202 0 62966 61985 3709 62389 63164 61920 31277 28119 62321 62274 62047 62370 7537 55324 61801 3709 63233 62348 61202 62935 62701 0 62047 61747 61747
1667 4845 61911 62254 62370 61875 61875 61202 62227 62363 62370 61920 61202 62227 62363 62370 61920 55324 61801 61202 62227 62389 61920 5199 62088 4845 0 61920 61202 0 61756 0 61920 5199 62088 61202 0 61756 0 61920 93 62023 0 61920 5199 62088 61202 0 61756 0 62248 61920 61265 6663 62053 62370 62325 61202 63679 62697 44373 3709 63078 63821 61985 28119 62248 62321 62373 61202 63679 62697 63977 61985 61202 0 62306 63821 61985 16780 801 10276 61256 93 2804 61332 9360 3833 62248 0 62053 63288 61985 15533 62254 0 50002 62561 61747 61747
1667 16719 61966 0 4845 63078 0 12480 61801 8938 62638 0 62609 12480 61756 56374 62047 62363 5199 62088 4845 36021 42198 61920 0 63204 61875 18473 27834 62638 62343 27834 62638 62343 61202 0 63374 62248 16780 3833 63195 62118 8881 62349 0 61756 3833 62254 0 2699 61747 61747
1667 61202 0 61920 63977 0 62054 61223 3709 63195 62118 61202 0 63109 61966 31277 61202 0 61756 62363 61966 61202 0 61756 0 61756 61202 0 62393 62806 62054 61202 0 62393 62806 62054 61756 61202 0 61756 0 61756 0 61756 61202 0 61756 0 61756 61920 3709 62023 62559 62013 61756 61920 61202 62905 62306 61966 11028 62373 62088 62047 61747 61747
1667 3709 61911 62363 62370 62389 61202 62487 62047 62047 3709 63388 61971 3709 63388 61971 8881 62363 62370 61920 5199 61966 62058 61966 11028 61985 61971 62047 61747 61747 5199 62088 3833 62265 61756 3709 61911 62265 61756 3709 61911 62265 62696 61202 62487 62047 62047 31277 21263 61920 62926 61756 6663 63002 62348 16719 62363 62966 61985 61202 0 62966 61985 10559 62013 62004 61866 62306 29568 62620 62373 62325 61801 61747 61747
61202 63078 63821 61985 40039 63780 61985 8881 43122 62389 3709 61911 62363 62370 62389 61202 0 61966 0 61920 15533 62254 0 50002 61966 61747 61747
3833 61866 62966 0 61866 62054 61756 3833 63195 62118 8881 0 62058 61920 14890 61747 61747
1667 3709 16584 61202 0 62393 62248 61920 16780 16719 62559 63078 61756 4845 62274 62389 62274 62389 61202 40241 0 4845 0 61920 463 61202 63291 62013 62248 61920 5199 62088 1676 4497 61202 63291 62013 61920 61202 63393 62325 0 15024 61202 40241 0 61202 40241 0 61202 40241 0 3709 1336 41734 61202 63291 62013 62248 61920 5199 62088 5786 55324 61801 3709 61875 63164 61920 61202 63393 62325 0 15024 3709 62539 61801 11028 62047 62588 50002 61966 61747 61747
1003 0 62389 61966 62370 61966 61202 0 61756 0 15024 62088 4845 61911 62254 62370 61875 61875 61202 62227 62701 61920 25211 62004 63762 44373 53027 11028 61875 62047 62306 61202 62227 62701 62806 15024 11028 61875 62047 62306 3833 62348 62605 7537 5199 62088 3709 63679 62697 61756 61202 63679 62697 61756 61202 63679 62697 62009 61202 63679 62697 61920 11028 62058 62620 62047 0 62047 61747 61747
1667 61202 0 62118 0 62325 644 61756 3709 62389 63465 61202 63393 61866 62373 61920 25211 62047 62926 61756 61202 0 61920 0 62013 62806 62054 61202 0 62013 62248 15024 5199 60831 3709 62456 62054 62118 62053 62704 62058 61966 3709 62539 61801 3709 62539 61801 61202 0 62393 0 61920 62088 61202 0 62393 0 62054 0 5199 62088 61202 0 61966 62047 5199 62088 61202 0 61966 62047 3709 62456 62013 62013 62704 62058 61966 3709 62539 61801 61202 62935 61801 0 62248 61920 11028 61875 62047 62047 61747 61747
1667 4845 0 62004 0 61920 61202 0 61756 0 61966 61202 0 61966 0 15024 3709 10276 61249 5602 4845 0 61920 61202 62325 0 61920 61202 0 61920 0 61985 3709 651 61325 61202 63393 62325 62349 61920 3709 62325 0 61920 4845 0 61920 61202 0 62325 0 61920 61202 0 61966 0 15024 3709 62456 62620 62455 61966 61202 62325 62349 61920 10559 62013 62620 62455 61966 61202 0 61920 4845 0 61971 61971 61920 61202 0 61971 61920 61202 0 61971 61920 3709 2098 61325 61202 0 63497 63977 61756 61202 0 61966 61202 0 61966 0 61920 61202 0 61966 0 62047 61747 61747 61747
1667 62013 0 62013 62806 62054 61202 0 62697 61920 61202 0 61920 0 62013 62806 62054 61202 55437 61747 61747 41095 61801 16719 61966 0 62054 61920 61202 63679 62697 63977 61985 61202 62905 62306 61966 5199 62088 4845 62325 62363 62325 0 62746 61202 62704 61966 62325 61202 63393 61866 61966 61202 63679 62697 61920 10559 62013 62620 61971 61920 61202 63679 62697 61920 3709 63388 61971 61202 63679 62697 61920 28119 62254 0 61920 62088 4845 62274 61875 62349 61866 61202 62487 62389 61920 61202 62487 62389 62248 61920 61202 0 62389 61920 3709 62456 62054 62118 62053 62455 62349 61866 61202 63679 62697 61920 61202 0 62697 61920 28119 62254 0 61920 28119 40241 62254 62455 61985 61202 0 61920 61202 0 61920 0 62047 61747 61747
1667 4845 55171 61801 4845 61911 62118 0 61756 61202 0 61756 0 61756 61202 0 61966 0 61756 61202 0 61966 0 15024 16780 3709 0 61920 0 62047 61202 0 61966 0 61202 0 61966 0 62088 4845 0 61966 0 61966 61202 62227 62363 63274 61985 61202 0 62118 62053 62393 62806 15024 61202 0 62118 62053 62088 3709 0 62047 5199 62088 3709 63078 63821 61985 61202 63078 63821 61985 61202 63679 62697 44373 18700 62054 62118 62053 61866 8881 62349 0 61920 18700 62054 62559 62118 0 61920 61202 0 61756 0 61920 3709 62118 62053 62393 0 61920 61202 63679 62697 61920 61202 63679 62697 62248 61920 5199 62088 3709 62343 62260 61920 61202 63679 62697 62009 62047 61202 63679 62697 62009 62047 61202 63679 62697 0 62054 0 62047 61747 61747
201 63785 0 62118 0 61287 93 63785 0 62487 61920 61265 4845 0 61920 0 61920 8881 62363 62370 61920 61202 0 61920 0 61920 61202 0 61920 0 62325 644 6663 62053 62704 62058 62004 61866 4845 0 62053 62393 62806 15024 61202 0 62306 62966 61985 61202 0 62306 62966 61985 18700 62274 62455 49087 61747 61747 4845 62393 62118 62053 62393 62806 62054 61920 61202 0 62806 62054 61920 5199 62088 61202 40241 0 61920 5199 62088 61202 40241 0 61202 40241 0 4845 62053 62393 62806 62054 15024 61202 40241 0 4845 61911 62118 62053 62393 62806 62054 61920 61202 40241 0 15024 61202 40241 0 4845 0 62118 0 61966 61202 40241 0 15024 5199 62088 61202 0 62118 0 62118 0 62325 500 6663 836 61468 61202 40241 0 62047 0 62047 61747 61747
1667 4845 0 61920 0 61920 61202 0 61920 0 61966 0 61202 0 61966 0 61966 0 61202 0 61920 0 61966 0 61202 0 61920 63977 0 62054 61756 61202 63233 62348 4845 63233 62348 61202 63233 62348 4845 62926 61949 61202 62487 62047 63197 61202 0 62966 61985 38613 62456 62054 62559 62023 49087 61747 61747 3709 0 61920 63977 61985 61202 63422 62620 61920 31277 4845 0 62389 62325 61202 0 62638 61202 0 61966 0 62325 3709 23463 0 61202 61866 62539 61920 93 61246 769 61202 0 61966 0 61966 0 15024 62088 61202 0 61966 0 61966 93 61239 61265 61202 0 61756 0 61966 0 61966 61202 0 61966 0 61920 61202 0 61966 0 62966 61985 11028 0 62047 0 62047 61747 61747
1667 21263 63465 61202 0 61756 62363 62966 61985 62088 61202 0 61756 62363 62343 0 15024 4845 62389 63164 0 61985 61202 56968 15024 61756 12305 62118 62321 62254 62325 0 62047 61747 61747
28119 62254 0 61866 4845 0 61801 62966 61985 31938 61202 0 61756 0 5199 62088 73 8787 3494 40644 11028 62058 62053 62704 62487 62348 61747 61747
58 19832 61202 0 62966 0 62054 0 62118 5199 62088 3709 62539 61801 21263 63465 61202 0 61801 62088 0 62054 61756 4845 0 62966 0 62054 61756 61202 0 61966 0 62054 61756 4845 0 61966 0 62054 61920 4845 0 61966 0 62054 61756 61202 0 62966 0 62054 61756 61202 0 62966 0 62054 61756 61202 62325 62349 62118 61202 62325 62349 62118 61202 0 61756 0 62248 61920 15533 62701 62343 0 62047 61747 61747
41095 3709 62306 61971 0 8881 62704 62058 62047 14890 1812 1812
41095 61801 4845 61911 62254 62966 27832 3833 33573 8881 56968 15533 62118 63159 3709 55171 61202 61866 0 62248 61920 61202 0 61756 0 61920 8881 61756 62363 62343 61920 3709 62389 63465 61202 61866 0 61920 11028 62254 0 62047 61747 61747
1667 4845 0 62013 62806 62054 8881 0 62013 62806 62054 61202 0 62393 62806 62054 61202 0 62393 62806 15024 4845 61911 33573 61202 0 61920 0 61920 61202 0 61920 61966 61920 6663 2811 61202 62227 61966 61920 15678 62697 61920 62926 61756 5199 62088 4845 0 62393 0 62456 62054 93 62023 0 61920 61265 61202 0 62393 62806 15024 5199 60831 6663 5850 61202 62227 61966 61920 15678 62697 61920 62926 61756 11028 62498 62088 62047 61747 61747
1667 0 61756 0 61920 61202 0 61756 0 61920 61202 0 61756 0 61920 61202 0 61756 0 61920 3709 62456 62620 62455 62349 61866 16719 62363 62389 61202 62325 62363 62389 61202 62455 62389 61920 11028 62373 62539 62047 61747 61747 6663 62053 62393 62806 62054 7537 61202 0 62393 62806 62054 61202 63762 62053 63288 61985 62088 61202 63762 62053 62274 63193 33021 11028 61985 62348 61747 61747
1667 4845 61911 62254 62370 61875 61202 62227 62180 62248 61920 4845 0 61920 61202 0 61920 0 61920 55324 61801 61202 0 61920 0 61920 61202 62935 62588 62047 55324 61801 4845 0 61920 4845 0 62325 0 62325 40644 61202 62935 62588 61920 4845 62926 62696 61920 4845 62274 62389 61920 4845 62274 62389 61920 61202 0 62325 0 62248 3833 62254 0 61985 3833 62389 0 7537 61747 61747
1003 61911 62265 62696 61756 61202 0 61756 0 61756 0 61756 61202 0 61756 0 61756 0 61756 10559 62013 62058 62053 61971 61971 61920 61202 0 61920 61228 63393 61866 62373 61920 61202 63393 62009 62393 63109 61920 4845 43122 62349 61866 4845 0 62013 62325 61202 62455 62009 62373 0 61985 61202 62701 61966 61747 61747
1667 4845 0 62393 62806 15024 4845 0 62393 62806 62054 61756 61202 62325 62349 61920 61202 62325 62349 0 15024 16780 4845 62343 62373 0 61985 61202 62487 62638 63821 61985 61202 62487 62638 63821 61985 61202 63393 62325 62349 61920 12305 62227 61966 62701 62047 61747 61747 4845 62053 62393 62806 15024 61202 0 62393 62806 15024 61756 5199 62088 4845 62393 62118 62053 62393 62806 15024 61756 61202 40241 0 15024 3709 62456 62054 62118 62053 61866 61202 40241 0 15024 61756 3709 62456 62054 62118 62053 62704 61875 18473 15750 63291 61920 36653 62053 62704 62487 62047 61747 61747
201 0 62487 61920 55324 61801 61202 62325 62363 0 62746 61756 8881 62638 62455 61966 3709 0 62013 62806 62054 61202 0 61801 61966 3709 62274 15024 31277 4845 0 61756 0 45945 61202 62227 62180 45945 34587 61202 0 61756 0 45945 34587 61202 0 61966 62487 61920 0 62054 0 61920 5199 62088 61202 0 61920 0 62248 61920 3709 62539 61801 41501 63320 61920 14890 61747 61747
61202 0 62697 62248 15024 61756 3709 61911 62254 0 61202 40241 0 16780 10559 62393 62559 62559 62023 61920 61202 0 62638 63821 61985 5199 62088 61202 62325 62363 62389 61966 61202 63193 62248 62482 33021 61756 4845 62697 0 61920 61202 0 62009 62393 61920 62088 61202 63393 61866 62373 61920 5199 62088 61202 62227 61801 0 61756 61228 63393 61866 62373 61920 61202 63393 61866 62373 61920 61202 62227 61801 0 15024 61756 10559 62393 62118 62274 61875 62274 62389 16780 4845 0 61756 0 61756 61202 0 61966 0 15024 61756 3833 40241 62363 62088 62047 61747 61747
1667 61202 0 61966 61202 0 62325 61202 0 62325 61202 0 62325 644 61202 0 61756 0 61756 61202 0 61756 0 61756 61202 0 61756 0 61756 61202 0 61756 0 61756 61202 0 61756 0 61756 3709 61875 62884 61202 63538 62306 47003 5199 62088 16719 0 61756 0 61756 10559 62393 62349 62701 0 61202 62325 62349 61920 3833 62348 61747 61747
1667 61911 0 62806 62704 34587 61202 0 61756 62363 63497 62054 61756 34587 61202 0 61966 62701 61756 34587 61202 0 61756 62363 61756 62614 34587 4845 0 62013 62806 62054 61202 62609 62009 62088 61202 62609 62009 61756 62088 5199 62088 4845 61911 61756 62363 61756 0 61866 61202 61756 62363 62363 62325 61202 63679 62697 62009 62047 28119 62254 62349 63679 61202 62905 62306 62966 61985 61202 62905 62306 62306 61966 3709 62370 62004 61920 16719 62363 62966 61985 3833 40241 62254 49087 61747 61747
1667 41095 61756 61756 61202 62561 62588 61756 10559 62393 62118 62053 62704 62058 62047 61202 63393 61866 62373 61920 5199 62088 61202 63078 63821 61985 53027 5199 63780 62609 12480 61756 25266 6663 63002 62348 61202 40241 0 61985 63388 62047 61747 61747
4845 63516 62013 62561 53027 5199 62088 3709 61911 62254 62370 62389 61202 62227 62701 15024 31277 4845 63274 61920 61202 63274 61920 61202 63679 62697 61966 61202 63679 62697 61920 11028 61875 62047 62306 3833 62254 62370 63320 14890 61747 61747
1667 41095 61202 0 62248 61920 4845 62926 61949 61202 0 62966 0 62054 0 62118 14890 61747 61747 12305 61756 4845 62274 62393 0 61866 61202 63291 62009 45945 5199 62088 4845 0 61966 5199 62088 4845 62053 62004 62013 62227 61202 63291 62009 45945 61202 63291 62009 45945 12305 62118 62053 62704 62348 61747 61747
1149 35 22 41 75 93 2031 2644 3557 61251 61265 5199 62054 62118 62455 62389 62118 3709 62373 62004 62348 16719 62047 62487 44373 11028 62254 62614 62047 61747 61747
1667 6663 55171 4845 61911 62254 62370 61875 61202 62227 62701 61920 31277 4845 61911 61756 62363 63419 61920 61202 0 61756 0 61920 31277 28119 62004 61875 62349 61866 61202 0 61756 0 61920 61202 0 61756 0 61920 61202 0 61756 0 62248 61920 3709 61875 0 61875 61966 61202 0 61756 0 62248 61920 3709 61875 0 61875 61966 4845 0 62806 62704 0 61202 0 62248 61920 3709 62456 62254 62370 61920 61202 0 61920 3709 0 61920 3709 0 61920 61202 0 61920 3709 0 61920 3709 0 61920 61202 0 61920 61202 0 61920 61202 0 61920 0 61920 3709 43122 62349 61920 61202 0 61920 61202 0 61920 0 61920 3709 0 61920 61202 0 61920 0 61920 3709 0 61920 61202 0 61920 0 61920 3709 0 61920 4845 63078 63821 61985 61202 63291 62009 45945 61202 0 61920 61202 62227 61801 0 61920 61202 62227 61801 62248 61920 61202 62559 61920 61202 62559 61920 0 61920 61202 62559 61920 61202 0 61920 0 61920 61202 0 61920 0 61920 61202 0 61920 0 61920 61202 0
644 61202 63291 62013 62248 61920 4845 0 61920 4845 0 62325 62325 644 61202 0 62393 0 62053 63288 61985 61202 62905 62306 62966 3709 0 62393 0 61920 16780 14149 8372 55324 61801 14735 61298 8881 62363 62370 61920 93 0 62487 61920 61265 34304 62118 62053 62254 0 62047 61747 61747
1667 10559 61801 62559 63078 10559 61801 62559 63078 61202 63674 62638 62966 61985 6663 62609 62009 62088 10559 61911 0 62806 62704 61756 61202 0 61756 62248 15024 61756 55456 62009 62004 61866 63365 93 0 61756 61202 0 61966 0 61756 61202 0 61966 0 15024 61756 5199 62088 4845 61911 61756 0 62227 62614 61866 61202 63679 62697 61920 61202 63679 62697 62248 61920 10559 62013 62254 0 61920 10559 62013 62254 0 61920 11028 62058 0 62248 62047 61747 61747
1667 4845 0 0 62325 61228 19115 61202 0 61966 0 61202 0 61966 0 61202 0 5199 62088 140 50556 61260 140 11701 3709 62954 62935 62393 61920 31277 4845 61911 62265 62696 61756 61202 0 61756 0 61756 0 61756 61202 0 61756 0 61756 61202 0 61966 0 62054 61756 61202 0 61966 0 61756 61202 0 61966 0 62054 61756 61202 0 61966 0 62047 61202 0 62966 0 62047 12305 62227 61966 62701 62047 61747 61747
61202 0 61756 0 62047 61202 0 62966 0 62054 61756 93 61245 8787 3494 1804 8335 61202 0 61756 0 62047 61202 0 61756 62363 62047 61202 0 61756 62363 62047 61202 0 61756 62363 62047 61202 0 61756 62363 62343 0 61202 0 61756 62363 62343 0 61756 61202 0 61756 62363 62343 0 61756 61202 0 61756 62363 62047 61202 0 61756 62363 62047 61202 0 61756 62363 62047 61202 0 61756 62363 63497 62118 61202 0 61966 0 61966 61202 0 61966 0
1667 4845 62053 62058 61875 62561 61202 0 62966 61985 5199 62088 3709 63762 62053 62274 63193 33021 16780 21263 61966 62746 61756 34304 62118 62053 62704 61920 61202 63679 62697 61920 61202 63679 62697 61920 3833 40241 62254 49087 61747 61747 3709 62370 61920 61202 63679 62697 61920 61202 63679 62697 61920 61202 63679 62697 61920 61202 63679 62697 61920 3833 40241 62254 49087 61747 61747 3709 55171 61801 3709 55171 61202 63679 62697 63977 61985 4845 62609 62009 4845 33121 61202 63762 62053 62274 62389 61202 63762 62053 62274 51312 3709 62456 62054 62118 62053 62370 7537 16719 62487 62389 61920 15533 62058 62118 62053 49087 61747 61747 3709 62393 62118 62393 62806 62054 3709 62393 62118 62053 61866 61202 62561 62588 61202 0 62966 62363 62966 61985 61202 0 62966 62363 62966 61985 62088 61202 0 62966 62363 62966 61985 5199 62088 61202 63679 0 61966 0 15024 61756 5199 62088 61202 62561 62588 0 61920 61202 63679 62697 15024 61756 5199 62088 61202 62561 62588 61801 61202 63679 62697 15024 61756 8881 50233 61920 18700 62054 62254 63627 61920 61202 63497 62054 62254 63627 61920 61202 63497 62054 62254 63627 61920 61202 0 62047 0 62047 61747 61747
41095 61801 34152 61915 63164 62935 61202 0 63497 63977 0 62054 61756 4845 0 61920 4845 62954 62935 62389 61202 62325 0 61920 8881 62455 61756 0 61920 11028 62373 61966 62701 62047 61747 61747
1667 40242 61756 40242 61756 4845 62620 62349 61756 62614 4845 62274 61875 62343 0 61202 63679 62697 61920 5199 62088 61202 0 61920 0 61920 61202 0 62118 61966 61202 0 62118 61920 0 61202 0 61920 0 61202 0 61966 0 4845 62274 62389 61228 62274 62389 61202 63679 62697 62009 62047 61202 63679 62697 61920 3709 62620 62349 62701 0 61579 61747 61747
1667 4845 0 61756 0 61202 63516 62605 62248 61202 63516 62605 62248 15533 62321 61866 0 62047 61747 61747 38613 62540 62265 61801 3709 0 61801 61966 62389 61202 0 61966 0 61920 61202 0 61756 62363 62118 5199 62088 4845 62696 62954 61202 0 62047 63497 62054 61756 62118 8881 62704 62058 62047 4845 0 61202 63516 62605 62701 61920 15533 62321 61866 62047 61747 61747
1667 0 61756 0 61756 61756 10559 62013 62620 62047 62363 61202 63497 62620 62047 62363 61202 0 61756 62701 63780 61985 4845 0 62013 62806 62054 61756 61202 0 62966 0 62054 61756 10559 62393 62004 62054 63785 4845 62609 62009 62088 61756 62614 15533 62058 62053 62393 62806 15024 28119 62254 62004 63664 61202 0 62966 0 61756 15533 62455 62373 63233 61747 61747
1667 3709 0 61801 61966 644 61202 63291 38718 61202 63291 62004 62393 61920 61202 62704 62004 61866 61202 62704 0 61920 4845 62704 62806 15024 61202 0 61756 0 61920 61202 0 61756 0 61920 61202 0 61756 0 61920 3709 4238 61256 2811 61202 0 62254 62966 61985 61202 0 61756 0 61756 5199 62088 3709 6542 3833 62254 62966 61985 31277 3709 61911 62254 62966 61985 31277 3709 61911 62254 62806 62054 61202 0 61920 61202 0 61966 0 61920 61202 0 61966 0 62047 61202 0 61966 0 62047 61747 61747
1003 62013 62058 0 61801 3709 63516 62349 63254 62009 62746 28119 62254 62004 0 4845 62697 61866 62539 61920 8881 62935 62254 62389 61920 3709 61911 63195 62118 5199 62088 62118 61202 0 61756 0 62325 4845 0 61801 0 61985 61202 0 61756 0 61756 61202 0 61756 0 61920 38613 62456 62254 0 61920 61202 63497 62254 0 61920 11028 62058 0 61971 62047 61747 61747
1667 10559 61801 62559 63078 61202 0 61920 0 61920 0 61920 0 61202 0 61920 0 61920 61202 0 61920 0 61920 61202 0 61920 0 61920 61202 0 61966 0 61920 61202 0 61966 0 61920 61202 0 61966 0 62054 61920 61202 0 61966 0 61966 0 61202 0 61966 0 62054 61756 61202 0 61966 0 61966 0 61202 0 61966 0 62054 61756 61202 0 61966 0 61966 0 61202 0 61966 0 61966 0 61202 0 61966 0 61966 0 61202 0 61966 0 61966 0 61202 0 61966 0 61966 0 61202 0 61966 0 61966 0 61202 0 61966 0 61966 0 61202 0 61966 0 61966 0 61202 0 61966 0 61966 0 61202 0 61966 0 61966 0 61202 0 61966 0 61966 0 62047 0 61202 0 61966 0 62047 0 62047 0 61202 0 61966 0 62047 0 62047 0 61579
1667 62013 0 62013 62806 62054 24560 61202 0 61756 0 62054 61920 5199 62088 5199 62088 4845 61911 63195 62118 61202 0 61920 63977 0 61202 62325 62363 61966 61756 10559 62393 62013 62539 61920 4845 62620 62047 63679 61920 61202 62325 62349 61920 61202 62325 62349 62118 61920 61202 62701 61966 4845 61911 62254 0 15024 3709 63002 61920 3709 63002 61920 28119 62058 62053 62058 62053 62348 61920 61202 0 62966 0 61985 16780 61202 0 62638 63821 61985 16780 16719 62363 0 61756 62054 61920 93 61875 0 61920 61202 0 61920 0 61920 61202 0 61920 0 61920 61202 0 61920 0 61920 61202 0 61920 0 61920 61202 0 61801 0 61920 61202 0 61801 0 62047 5199 61801 0 62047 61265 61202 62701 61966 61202 62935 62588 61920 55324 61801 4845 0 61966 62588 61920 61202 0 61920 61202 0 61966 0 62248 61920 11028 62254 62047 0 62047 61747 61747
3709 62393 61756 62363 62370 61920 31277 4845 0 62325 61228 19115 61202 0 61756 0 61920 61202 0 61756 0 61920 3709 62393 62363 62370 61920 16719 11533 61202 61866 0 61920 10559 62393 62321 62539 61920 3709 62539 61801 41501 63320 44373 31552 62348 61747 61747
1667 3709 62609 62009 62088 61202 0 61756 0 61756 61202 0 61756 0 61920 61202 63300 62806 15024 3709 62118 62053 62118 62053 63274 61985 61202 63762 62053 62274 62306 5199 62088 3709 62118 62053 62118 62053 63274 61985 25211 62004 63762 44373 5199 62088 3709 0 62389 61920 25211 62004 63762 62970 33021 25211 62004 63762 44373 3709 62539 61801 61202 63679 62697 63977 33021 16780 61202 61866 62539 62806 62054 7537 61756 61202 61866 62539 0 62047 61747 61747
72 16486 61228 23419 61314 61202 0 61756 63891 61985 61202 0 61756 63891 61985 8881 62704 62058 62004 61866 61202 0 61756 62363 61966 3709 62274 15024 16780 8881 62539 62047 61747 61747
1667 3709 61911 61866 62966 0 61866 62054 61756 61202 0 61756 0 61920 31277 61202 0 62325 61228 19115 61202 62455 62373 62393 0 3709 63388 61971 4845 62053 62349 62701 62254 62349 61866 61202 63679 62697 63977 61985 3709 63388 61971 2683 15750 63291 61920 31277 8881 62349 0 62248 62047 61747 61747
1667 6594 61245 6663 62053 62321 62349 62227 61866 6663 8702 2335 13738 61301 6663 62053 62373 61875 62349 61866 801 10276 61256 93 2804 61332 29194 62970 61265 61202 63679 62697 63977 61985 3709 62118 62053 62373 61966 61202 63679 62697 63977 61985 16780 8881 62349 0 61920 15533 62254 0 50002 61966 61747 61747
1667 10559 61875 63706 3833 62559 62393 62806 15024 10559 62393 61756 62614 61866 4845 0 61920 61202 61866 0 61920 61202 61866 0 61920 3709 62058 63002 62348 3709 62058 63002 62348 36879 62704 61801 61202 0 62456 62118 61920 31277 61202 0 62009 62248 61920 61202 61866 63422 61920 34304 62118 62349 0 62047 61747 61747
1667 40242 61756 5199 62088 3833 62265 61756 3709 61911 62265 62696 61202 40241 0 61202 40241 0 4845 61911 62363 62370 62389 61202 0 62004 0 61920 61202 0 61920 0 62053 61920 3709 61875 62884 61202 0 62306 62349 61920 18700 62274 62455 61866 55324 62118 3709 62638 0 61228 0 61756 8881 62349 0 61756 34304 62118 62248 0 27832 61202 0 61756 0 61756 61202 62456 63274 61971 62047 61747 61747
21263 63465 61202 0 61966 0 61966 0 61202 0 61966 0 62054 61920 61202 0 61966 0 62054 61920 61202 0 61966 0 61966 0 61756 61202 0 61966 0 61966 0 61756 61202 0 61966 0 61966 0 62054 61920 61202 0 61966 0 61966 0 62054 61920 11028 63300 61966 62701 62348 61747 61747
1003 61911 62265 61756 3709 61911 62265 61756 3709 61911 62265 62696 61202 62487 62638 63821 61985 31277 3709 62456 62054 62118 62053 62370 61875 62561 61202 62487 62047 44373 16780 11028 61875 62047 62306 40242 61756 40242 61756 6663 61911 62254 62966 61985 10559 0 61971 61971 61202 0 61971 0 61985 3709 0 61971 61920 16780 15533 62373 61801 61966 62370 7537 61747 61747
1667 27839 61949 55171 61202 0 62393 62248 61920 3709 61911 33573 61202 0 61920 93 1666 24326 2335 50126 61325 29194 62970 61866 45945 61265 3709 18473 0 4845 62926 61949 61202 63679 62697 61920 55324 61801 61202 63679 62697 61756 61202 63679 62697 61920 50002 61966 61747 61747
1667 27834 62638 62343 27832 93 62023 62053 62370 62004 61866 27834 62638 62343 61920 61265 3709 61911 62265 62696 61202 62349 62701 62701 0 61985 45236 61747 61747 4845 55171 61801 61202 62487 62638 62966 61985 3709 61875 63164 61920 4845 61875 63164 61920 61202 62487 62638 62966 61985 3709 61911 62254 62370 7537 61202 61985 63821 61985 61202 63497 62254 62370 7537 11028 61985 61971 62047 61747 61747
3709 61911 0 62806 62704 61866 61202 0 62966 62966 62487 0 61756 3709 62456 62013 62704 62058 61966 61202 0 61920 62325 0 62325 61202 0 61920 0 62638 61202 0 62966 0 62054 0
1667 61202 0 61966 0 61966 3709 63388 61971 61202 0 62393 62806 15024 61756 3709 63762 61920 16780 15678 63195 62054 62118 62053 61866 62088 4845 61911 62638 0 61801 0 61202 0 61966 0 62054 61756 61202 62905 61966 0 62054 61756 61202 62905 61966 0 62054 61756 61202 62905 61966 0 62054 61756 3709 62456 62054 62118 62620 62047 62058 61920 61202 0 61920 63977 0 61202 0 61920 0 62054 61202 0 61966 0 61966 61202 0 61966 61202 0 61966 0 61966 61202 0 62047 61202 0 61966 0 62047 61202 0 62047 61202 0 61966 0 62047 61202 0 61966 0 62047 61202 0 61966 0 62047 61202 0 61966 0 62047 61202 0 61966 0 61920 61202 0 61966 0 61920 61202 0 61966 0 62047 61202 0 61966 0 62047 61202 0 61756 0 61756 61202 61866 0 61756 0 61756 61202 61866 0 61756 0 61756 61202 61866 0 61756 0 61756 61202 61866
1667 6663 63388 61971 61866 3833 61866 62539 61920 23041 61202 62539 62348 36021 1812 1812 60738 5199 63780 62609 12480 61756 3833 61949 63159 1812 1812 2699
1667 4845 0 62389 61920 40508 62806 62487 93 61286 61300 61251 4776 28119 62274 62004 62487 62047 93 61286 61300 61251 4776 21263 0 62054 61202 40241 0 62047 61579
1003 62013 62118 62620 62343 62806 62054 15024 5199 62088 25211 62004 62058 62047 61202 62487 62638 63821 61985 61202 62487 62638 63821 61985 31277 4845 62321 62274 61949 8881 63516 62349 62325 55324 61801 61202 0 61756 0 61756 8881 62013 62539 3709 62254 63164 61920 11028 61875 62047 62306 61202 61985 62966 62248 62047 61747 61747
3709 63388 61971 16370 55171 61756 61202 62487 62487 0 61228 0 61756 0 61756 61202 0 61875 61920 4845 0 63109 61801 61202 0 63109 62966 61985 61202 0 61756 63891 61985 15533 62254 0 7537 61756 15533 62254 62370 62370 7537 61756 61202 0 62118 0 61228 62274 0 61756 0 61985 31277 11028 63300 62343 62047 61747 61747
1667 3709 0 61801 61966 1686 61747 4845 9812 4845 61911 62254 62966 61985 8881 61756 62363 63419 61920 61202 63078 63497 61920 61202 0 61966 0 61756 55324 61801 3709 62393 62118 62349 61920 12305 62118 62053 62254 62370 61920 55324 61801 3709 62393 62118 62047 3833 62254 62370 7537 61747 61747 27839 61949 10575 10563 61202 0 62966 61985 4845 61911 62254 62806 62054 61202 0 62393 62806 62054 61202 0 62393 61920 3709 62118 62053 0 61920 3709 62456 62054 62118 62053 62274 63365 61920 4845 8364 3833 62254 62966 61985 50002 62561 61747 61747
61202 63291 62013 62248 61920 61202 0 61756 62363 61756 0 61202 0 61756 0 61202 0 61920 61228 63393 61866 62373 61920 61228 63393 61866 62373 61920 3709 62456 62054 62118 62053 62370 62561 4845 61274 50556 61260 4845 61274 11701 61202 62325 61801 0 62248 61920 61202 0 62248 62806 15024 4845 61911 0 62248 0 15024 61756 18700 62054 62118 62053 62704 62487 62348 61920 8881 62274 62389 62118 0 61202 0 62013 62349 61747 61747
16719 62118 62047 61756 15149 62487 61971 61985 63388 62004 62265
1667 0 62118 47003 61801 61223 3709 55171 61202 63393 61866 62373 61920 31277 3709 62389 63164 61920 61202 62487 62047 0 15024 3709 62389 63465 61202 62487 62047 0 15024 28119 62004 62013 62349 61875 18473 16719 62487 61756 62054 61920 41095 61202 61866 62349 61920 11028 62058 0 62047 61747 61747
1667 3709 62058 63002 62348 61202 63679 62697 63977 61985 31277 41095 61756 29568 62609 62047 61801 61747 61747 5199 61966 0 5199 62088 5199 62088 10559 62013 62363 62370 61920 4845 62620 62004 0 61756 5199 61966 62701 0 61202 62456 63274 61971 0 62047 61747 61747
1667 0 61920 0 61966 0 61966 61202 0 62966 0 62118 61579 61202 0 61756 0 61966 0 62118 61202 0 61756 0 61966 61202 0 61756 0 61966 61202 0 61966 0 61966 0 62118 93 0 61920 61202 0 61756 0 61966 0 61966 61265 61202 0 62966 0 61966 0 62118 61202 0 61966 0 62343 62118 61202 0 61966 0 61966 0 34587 4845 62274 61866 61202 0 61756 0 61966 0 61966 0 61202 0 61966 0 61966 0 61202 0 61966 0 61966 0 62047 61202 0 61966 0 62343 62118 61202 0 61966 0 62343 62118 61202 0 61966 0 62343 62118 61202 0 61966 0 61966 0 62118 61202 0 61966 0 61966 0 61966 0 61202 0 61966 0 61966 0 61966 0 61202 0 61966 0 61966 0 61966 0 61966 0 61202 0 61966 0 61966 0 61966 0 61202 0 61966 0 61966 0 61966 0 61966 0 61202 0 61966 0 61966 0 61966 0 61966 0 61202 0 61966 0 61202 0 61966 0 61966 0 61966 61202 0 61966 0 61966 0 61966 61202 0 61966 0 61966 0 61966 61202 0 61966 0 61966 61202 0 61966 0 61966 0 61966 61202 0 61966 0 61966 61202 0 61966 0 61966 0 61966 61202 0 61966 0 61966 61202 0 61966 0 61966 61202 0 61966 0 61966 0 61966 61202 0 61966 61202 0 61966 0 61966 61202 0 61966 0 61966 61202 0 61966 0 61966 61202 0 61966 0 61966 61202 0
1667 3709 55171 8881 0 62013 62806 62054 61202 63679 62697 63977 61985 31277 4845 62455 61875 62588 4845 62697 0 15024 61756 10559 62013 62905 62306 62561 61202 0 61756 0 61985 3709 61911 62704 0 61920 5199 62088 3709 62393 62118 62053 62393 62806 62054 7537 61202 62701 61966 5199 62088 55456 56818 62905 61202 63679 62697 44373 3709 62265 62004 62746 61202 63679 62697 63977 61985 3709 62265 62348 61202 63679 62697 63977 61985 5199 62088 4845 62248 62321 62373 61866 4845 62248 62321 62373 61866 61202 63679 62697 63977 61985 61202 63679 62697 63977 61985 3709 62265 62348 31938 3709 61971 62009 61202 40241 0 61920 15533 62058 62343 62047 61747 61747
61202 63785 0 62118 0 93 63785 0 62118 62487 61265 3709 55171 31277 880 61202 62905 61966 0 61756 11028 62373 61966 62701 62047 61747 61747
3833 18394 61801 3709 62306 61971 62180 31277 6663 62456 62054 62118 62053 62704 62058 62348 61920 16719 62047 62487 61920 3833 33573 61801 45513 62180 61756 905
34304 61756 62614 62009 62047 61756 55324 61801 28119 62349 62701 62254 62455 61202 63679 62697 62009 62047 3709 62363 62047 63197 61202 0 61756 0 45945
61202 0 61966 0 61202 0 61966 0 61202 0 61966 0 61202 0 61966 0 61202 0 61756 0 62053 63288 61985 61202 0 61756 0 62053 63288 61985 61202 0 61756 0 61966 0 61202 0 61966 0 62054 61920 4845 0 62325 62325 644 4845 0 61920 61202 63679 62697 63977 61985 61202 63679 62697 63977 61985 61202 63497 62054 62118 62013 62539 61920 61202 63497 62054 62373 62325 62047 61747 61747
1667 3709 63233 62348 61801 61202 0 61966 63497 63977 0 62054 61756 8881 61756 62363 63419 61920 4845 62954 62935 62389 5199 62088 61202 62227 62180 62053 45945 10559 62393 62118 62455 62389 62588 5199 63374 61202 0 62393 62806 62054 61756 61202 0 61756 62363 62118 61920 4845 62254 62004 0 61756 4845 62254 62004 0 61202 0 61756 0 62325 61202 0 62118 61920 61202 0 61756 62363 62118 61920 4845 62254 62004 0 61756 4845 62254 62004 0 61202 62325 0 62325 61202 0 61756 0 61920 61202 0 61756 62363 62118 61920 61202 62455 62389 61920 61202 62455 62370 62389 62248 62047 61747 61747
28119 62728 62349 62227 61866 61202 63393 62009 62248 61920 318 61202 63679 62697 63977 61985 61202 62701 61966 3833 62265 61756 3833 63195 62118 8881 62455 62373 61801 15533 53890 62058 62746 61747 61747
201 61245 8787 3494 40644 61202 0 61756 0 62248 61920 62088 21263 61966 62746 61202 63679 62697 62248 61920 4845 61875 62004 61866 61202 63679 62697 61920 4845 61875 61971 62588 61202 0 62118 62370 61966 5199 62088 61202 62227 62704 61801 4845 61875 62227 62047 61202 62227 62704 63274 61985 61202 0 62118 62370 61920 55324 61801 4845 62926 61949 4845 62047 62389 61202 62227 62701 61920 61202 0 62118 61920 61202 0 61756 0 61920 61202 0 62393 61920 34587 8881 62704 62058 62047 4845 62638 47003 4845 62638 47003 61202 62227 61801 61202 62227 61801 0 62118 61920 5199 62088 61202 0 62393 62248 61920 5199 62088 61202 0 62047 61801 61202 0 62393 62248 61920 45236 61747 61747
201 62023 62265 62004 62746 61202 0 61756 0 62054 61756 61202 0 62966 0 62054 62118 93 9164 61207 61314 61265 93 61911 33573 61202 0 61756 0 61920 0 61920 18700 62054 62118 62620 62047 61223 48020 62009 62746 61202 0 61756 0 62248 61920 11028 62013 62539 62047 61265 61287
1003 61875 61966 62058 62389 16780 8881 61966 62058 62389 16780 8881 61756 62363 62370 61920 11028 62373 61971 62047 61747 61747
1667 11028 62047 62905 63230 4845 61911 62254 62370 61875 61202 62227 62701 61920 55324 61801 4845 0 62325 4845 0 62325 3833 62704 0 61202 0 62456 62054 61920 4845 61915 61949 16969 3709 62393 62118 62053 0 62053 0 61920 61202 62905 62054 61920 61202 62905 62054 61920 61202 62905 62054 61920 93 2804 11318 3161 6751 61265 3709 62456 62118 62053 62274 63627 61920 61202 0 62118 61920 93 8337 61332 3161 6751 61265 61202 0 62456 62118 61920 93 8337 3161 10191 9360 61202 62704 62047 61202 62559 62009 0 62248 61920 61202 0 62456 0 62248 61920 93 8337 3161 10191 9360 61202 62559 62009 62393 0 62248 61756 3709 62393 62118 0 62248 61920 4845 0 62456 62118 61920 4845 0 62393 0 61920 11028 62047 62588 50002 61966 61747 61747
1003 62023 0 62009 62047 61202 63291 62009 45945 4845 62265 62004 61920 61202 63291 62009 45945 61202 0 62966 0 62054 15024 18700 62054 62118 62053 62704 62487 62348 4845 62265 62004 61920 61202 0 62966 0 62054 15024 45236 61747 61747 61202 0 61966 0 62806 62487 61202 0 61920 62806 62487 61202 0 61966 0 61966 61202 0 62966 0 62054 62118 61756 61202 0 61756 0 61920 61202 0 61920 0 61920 61202 0 61920 0 61920 61202 0 61920 0 61920 0 61920 61202 0 61920 63977 0 62054 61920 93 11701 61265 18700 62248 62321 62373 61866 4845 0 61920 4845 0 61920 0 61920 61202 0 61920 0 61920 61202 0 61920 0 61920 61202 0 61920 0 61920 93 0 62047 0 62047 61265 3709 0 61920 61202 0 62118 0 61920 61202 0 62118 0 61920 61202 0 62118 0 61920 61202 0 61756 0 62248 61920 61202 0 61966 0 62047 61747 61747 61747
4845 0 61920 4845 0 62325 62325 40644 61202 63291 62009 45945 10559 62393 61756 62614 61866 61202 63274 62487 61966 61756 10559 62393 61756 62614 61866 61202 62455 62884 62456 15024 3833 62254 62004 0 62047 61747 61747
1667 3709 0 61801 61966 26176 61202 0 61966 61228 23419 61314 3598 4845 0 62343 62118 4845 0 61920 61202 0 61920 63977 0 61756 4845 0 62009 62248 61920 61202 0 61756 0 62248 61920 3709 63388 61971 61202 62325 62363 62966 61985 3833 62325 62363 62389 61920 15533 40241 62254 61747 61747
1667 41095 14890 3709 0 62389 61966 31277 34304 61756 62614 61756 61202 0 61756 0 61756 55841 62054 62254 0 61202 63497 62054 62254 0 55324 61801 61202 0 61966 0 61756 61756 10559 62456 62373 62013 63365 61920 53027 61202 63497 62058 62053 62047 11028 62058 62053 62047 61747 61747
1667 4845 62013 0 62227 62614 61202 0 62966 0 15024 31277 61202 63679 62697 0 61985 61202 0 61756 0 15024 10559 62393 62118 62053 62254 0 61920 16780 15533 62728 62701 63441 0 62047 61747 61747
1667 3709 62227 0 61920 31277 61202 0 62343 62118 61756 55324 61801 4845 0 61920 62370 62325 61756 10559 62393 62363 62370 61920 16719 11533 4845 43122 62349 34682 56374 62053 62088 4845 38718 61747 61747
28119 62373 62013 62349 61866 4845 0 62118 0 61228 0 61756 0 61202 0 61920 0 61801 61202 0 61920 0 61966 4845 0 61756 0 61920 61202 0 61920 0 62118 11028 62498 62088 62047 61747 61747
1667 3709 61911 62118 62053 62254 62088 0 61202 0 62254 62966 61985 31277 61202 63679 62697 61920 61202 61866 0 62054 61920 34587 8881 62363 62227 61966 62088 8881 61756 0 62054 61920 61202 63497 62058 62004 62487 11028 61985 61971 62047 61747 61747
61202 63780 61756 0 61756 61202 0 61920 0 61756 0 62118 61202 0 61756 0 61756 0 61920 61202 0 61920 0 61966 61202 0 61756 0 61966 61202 0 62118 62053 61801 61966 61202 0 62118 62053 61801 4845 0 62118 62053 61801 61966 61202 0 61756 62363 63497 62118 61202 62701 61966 61202 62701 61966 61202 62701 61966 61202 62701 61966 61202 0 61756 62701 61966
61202 63233 62348 61202 62227 61801 0 8881 62905 62306 61966 93 61293 18805 61265 61202 61866 0 15024 61202 62905 62306 61966 5199 62088 3709 62321 0 15024 62088 3709 62047 63780 61985 31277 4845 62274 62393 62393 62456 61202 40241 0 61920 61202 40241 0 61756 3709 61911 61966 62487 61920 61202 0 61966 0 62343 0 61756 140 11701 8881 62697 62248 62013 62806 62054 31277 59123 0 62013 62806 62054 61756 56374 62047 62363 61756 93 0 62047 682 1389 54947
1667 29194 63516 62349 63254 62009 62746 61202 63516 62349 63254 61866 4845 0 62325 61228 19115 28119 62349 62701 62254 62455 61202 63679 62697 63977 61985 3709 0 62013 0 62013 62806 62054 16780 3709 61911 62254 0 61866 61202 0 62118 0 62047 31277 4845 55171 61756 4845 61911 62455 61875 62349 61866 61202 0 61920 8881 62363 62370 61920 61202 63393 62325 62349 61920 15533 62373 62349 0 62047 61747 61747
201 61251 18805 61202 0 62456 62118 61920 61202 0 62456 62118 61920 61202 0 61966 61202 0 61966 62389 61202 63078 63821 61985 61866 61202 63516 62605 62248 15533 62227 0 62047 61747 61747
4845 0 62370 41095 61756 60481 61966 62325 61202 0 61920 62088 61202 0 61756 0 4845 61911 33573 61202 0 62325 62325 644 61202 0 62343 62118 61202 0 62343 62118 3709 62456 62054 62254 0 61920 3709 63388 61971
1003 61875 0 61801 61966 1328 61202 63291 38718 61202 63291 62004 62393 61920 4845 61875 62004 61866 4845 61875 62004 61866 61202 0 61920 3833 62393 62806 15024 6663 55171 61202 0 61756 0 61920 15533 62254 0 15024 3709 1072 61312 3833 62254 62966 61985 4845 61911 62254 62806 61866 61202 0 62118 61920 61202 0 61966 62118 61920 12305 40241 62254 49087 61747 61747
61202 63078 63821 61985 61202 63497 62254 63164 26730 62004 61920 28119 62004 62054 63785 61202 0 62047 62487 61920 10559 62013 62254 63465 61202 63497 62254 63164 61202 63497 62254 0 14890 93 62023 61801 62559 63078 62004 61866 61202 0 61756 0 62704 61756 61202 0 61756 62363 61966 5199 62088 6663 0 61756 63195 63977 0 62054 4845 0 62806 62704 61202 0 62806 62704 61202 0 61920 62487 61920 61202 0 61920 62926 62696 61579 61747 61747
73 8787 3494 40644 61202 0 61920 8881 62455 62373 62456 62054 61756 4845 0 61920 5199 62088 61202 63078 63821 61985 3833 63195 62118 61202 0 61756 0 62343 0 61202 62325 62363 62966 61985 18700 62455 62373 63233 61202 63291 62009 45945 61202 63274 62058 62806 62054 31552 62348 61747 61747
12613 61247 61202 62701 61966 140 50556 61260 140 11701 61202 0 62047 61920 61202 0 62047 0 61920 61202 0 61966 0 93 0 61756 0 62047 61202 0 61966 0 61756 61202 0 61966 0 62047 61202 0 61966 0 61966 0 61265 61202 0 61756 0 61920 61202 0 61756 0 61920 61202 0 61756 0 61920 318 61202 0 61756 0 61920 61202 62227 62180 62325 61202 62227 62180 45945 38613 62456 62455 61875 62588 14890 61747 61747
1667 3709 0 62966 62088 0 61966 62118 61202 0 61756 0 62118 61202 0 62118 0 61202 0 61756 0 61202 0 61756 0 61202 0 61756 0 62047 61747 61747
1667 0 62389 61971 61920 61202 0 62118 0 62325 644 61202 0 61756 0 62248 61920 61202 62701 61966 4845 0 62393 62806 0 61202 63291 62004 62393 61920 61202 63291 62004 62393 61920 5199 62088 3833 61866 62966 0 61866 62054 61756 4845 61911 61866 62966 0 61866 62054 61756 56374 62047 62058 61966 5199 62088 3833 62343 61920 3833 62343 61920 15533 62455 62884 62456 61202 0 62053 63288 61985 61202 62325 62349 61920 61202 62325 62349 61920 8881 62013 62539 61920 3709 62456 62013 62539 61920 16780 4845 63274 62058 62053 63288 61985 61202 0 61756 0 61756 10559 62393 62118 62053 61866 62306 61756 11028 62373 61801 62343 62348 61747 61747
1667 5199 60831 61756 61202 62905 61966 0 61756 61202 63274 62487 62561 5199 62088 61202 63002 62970 62609 12480 61756 3709 63002 61920 3709 63002 61920 5199 63780 62609 12480 61756 61202 63274 62487 63233 2699 45513 1812 1812
1667 41095 61801 3709 61911 62638 47003 61866 3709 61911 62638 62343 61920 16780 29568 62227 38718 61747 61747 27834 62004 55171 3709 63002 61920 4845 63002 61920 8881 62620 62047 62058 61920 10559 62393 62321 62588 61920 4845 0 61920 4845 0 61920 61202 0 61920 4845 0 44373 4845 0 61920 4845 0 61920 4845 0 61920 4845 0 61920 61202 0 61920 34152 62487 62487 62047 62370 61920 55324 61801 36653 62053 62370 61875 62047 61747 61747
41095 61801 6663 63078 63821 61985 53027 6663 62118 62325 61920 61202 0 61920 55324 61801 26730 62004 61920 61202 0 61920 61202 61966 0 61966 61756 3709 62393 62118 62053 62373 61801 62088 3709 62954 62935 62966 61985 31277 8881 62274 61875 62118 61756 15678 62697 62009 62620 62047 61747 61747
61202 0 61966 62370 61966 41095 61756 60481 61966 63204 3709 63078 63821 61985 61202 0 62118 0 15024 8881 62704 62058 62047 4845 61911 62254 0 61202 0 62118 61920 61202 0 61756 0 62325 61202 0 61756 63891 61985 3709 62118 62053 62704 62058 62004 61985
1667 5199 63780 62609 12480 61756 3709 62539 61801 62088 3709 62620 61971 61202 61866 63649 3833 34547 62363 1812 1812 60738 5199 63780 62609 12480 61756 25266 26617 62306 47003 8881 62389 61966 16780 3833 34547 62363 2699 93 11028 62370 59575 870 1812 1812
1667 62013 62539 62004 61866 61202 0 62806 62487 61202 0 61920 0 61202 0 61920 0 61202 0 61920 0 61202 0 61920 0 16780 61202 0 61920 0 61920 61202 0 61756 0 61920 5199 62088 61202 0 61920 0 61920 0 62054 61756 61202 0 61920 0 62118 0 62054 61756 61202 0 61756 0 61920 61202 0 61756 0 61920 61202 0 61756 0 61920 3709 62393 62363 62370 61920 55324 61801 4845 0 61920 61202 0 61920 0 61920 61202 62487 62638 62343 61920 3709 62393 62118 61920 61202 0 61920 62363 62370 61920 3709 62456 62054 62118 62013 62349 61920 3709 62456 62054 62118 62620 62047 61202 0 62118 61920 3709 63388 61971 3709 63388 61971 4845 0 61920 0 61920 61202 0 61920 0 62118 61202 62905 62047 0 61920 11028 62254 0 62047 61747 61747
4845 0 62696 61756 10559 62058 62004 62058 62047 10559 62393 62118 62053 62704 62487 62348 61202 62935 61801 0 15024 15533 62058 62053 62047
1667 40242 61756 40242 61756 3709 61911 62638 62806 62054 27832 16719 62559 63078 15024 61756 61202 63538 62306 62053 63288 61985 8881 62363 62370 62806 62054 61756 5199 62088 61202 63679 62697 62806 62054 27834 62638 62343 15024 31277 11028 61875 62047 62306 4845 62373 62306 62561 4845 0 61756 0 61756 61202 0 62638 63821 61985 61202 0 62638 63821 61985 16780 61202 0 62118 62248 0 62047 61747 61747
61202 62746 61966 62487 61202 0 62966 62088 0 62054 62118 93 15616 61314 61265 3709 62746 61966 62487 61920 31277 61202 0 61756 0 61920 0 61920 11028 62373 61966 62701 62047 61747 61747
1667 53027 28119 62321 62274 61949 61202 62487 62638 63821 61985 55841 62053 61866 61202 63109 62966 15533 62455 62884 62456 15024 62088 8881 62047 62704 63274 61985 36653 62620 62343 62806 62054 61756 3709 62393 62118 62455 61756 62588 62588 61920 4845 0 61966 0 62054 61756 61202 61866 63422 61920 10559 62393 62349 62701 62363 61202 63679 62697 61920 3709 62227 63627 61202 0 61756 0 62806 62054 61202 0 62806 62054 61202 62487 62638 63821 61985 10559 62013 62254 0 16780 10559 62013 62254 0 61920 11028 62455 62373 61801 61747 61747
1667 4845 0 62343 62118 61202 0 61756 0 61920 6663 0 62966 62088 0 62118 17167 29194 62970 38613 62456 62054 62118 62053 62704 62487 62047 61747 61747
3709 62393 61756 62614 61866 61801 61202 0 61920 31277 21263 61966 62746 4845 0 62325 644 61202 63109 63274 62054 61756 31552 62053 62620 62455 62349 61801 61747 61747
1003 0 63497 0 62704 61801 3709 61911 62265 61756 61202 0 62456 61801 61202 0 62456 61801 61202 0 62343 0 3833 34547 62254 61866 4845 62926 61949 61202 0 62456 61801 61202 0 61801 62088 0 61202 0 61756 0 61756 3709 0 61756 0 61966 16780 4845 62248 61971 62588 4845 0 62013 62047 8881 61756 62363 62118 61920 3709 62393 62393 62393 62393 61920 16780 4845 0 62013 62047 61202 0 62456 62054 0 61202 0 62047 62047 11028 63109 62343 62047 61747 61747
41501 61756 62373 0 15024 10559 61911 62363 62370 62389 61202 0 62325 0 61966 61202 62487 61966 0 15024 61756 3709 23463 0 4845 0 62325 62325 644 4845 62053 62704 62058 62004 0 61202 62487 62047 0 15024 61756 10559 62013 62254 0 61920 10559 62013 62728 62701 0 16780 10559 62393 62325 62349 63204 61202 63497 62054 62118 62053 62704 62487 62348 61202 0 62966 62248 0 15024 61756 11028 61985 62348 61747 61747
1667 4845 61911 62265 62696 61756 8881 62118 62053 61801 62966 62609 27832 3709 62559 62013 61756 61920 26730 62004 61920 24560 11028 63516 61801 62343 62047 61747 61747 40242 61756 11028 62058 0 61971 62047 3709 62023 62373 61756 55324 61801 15750 63291 61920 61202 0 61920 61202 62697 62009 62248 8881 62054 62935 4845 61911 62265 61756 61202 63291 62009 62248 27832 11028 62926 62088 62047 61747 61747
61202 63785 0 61756 61202 62058 62053 62393 3709 62023 62023 61949 62254 62561 61202 62935 61966 62935 61966 14890 1812 1812 61202 63078 63821 59256 4845 0 61920 4845 62609 62009 62088 3709 62389 63164 62614 61202 0 62966 61985 14890 61747 61747
1667 21263 63465 8881 61756 62363 63419 61920 34587 61202 0 62047 61202 0 61971 61920 34587 4845 62058 62053 62393 61202 0 62118 0 15024 3709 63762 61920 16780 8881 63109 62806 62054 61756 34152 61915 63164 62935 12305 62728 63465 61747 61747
1667 3709 23463 0 4845 0 7583 61202 0 61756 0 15024 61202 0 62118 0 15024 61202 0 61966 0 61985 12305 62047 0 62047 61747 61747 10559 62053 62254 62004 0 61866 10559 62053 62455 61875 62349 61866 18700 62054 62118 62053 62254 0 7537 61756 52 41095 61985 61202 62325 62047 0 61966 8881 0 62806 62054 15024 45236 61747 61747
1667 6663 63649 62009 62393 63109 61920 61202 0 62118 0 61966 61202 0 61966 0 15024 5199 62118 62058 61202 62325 61801 0 62487 61920 61202 0 62638 62966 61985 5199 62118 62058 3709 62248 61971 62588 61202 0 62966 0 15024 3709 62248 61971 62588 61202 0 62966 0 15024 18700 62274 61875 62274 63627 50462 61202 0 62966 62363 62966 61985 3709 63291 62004 61920 61202 63291 62004 62393 61920 15533 62321 61866 61747 61747
1667 21263 61920 62321 62539 61202 63109 62966 6663 63078 63821 62995 6663 62053 63274 61985 61202 61966 62373 61920 11028 61801 0 4845 62053 0 61920 682 61202 0 61920 61202 62343 62373 61920 61202 63274 62487 62047 2699 61747 61747
1667 61911 63195 62118 4845 62373 62325 63274 61866 4845 0 61920 61202 62325 62349 61920 61202 62325 62349 61920 61202 0 61756 0 61920 61202 0 61756 0 61920 61202 0 61756 0 61920 61202 0 61756 0 61920 61202 0 61756 0 61920 61202 0 61756 0 61920 61202 0 61756 0 61920 61202 0 61920 0 61920 55324 61801 61202 62487 62487 62047 0 61756 61202 61866 0 61920 8881 62349 0 61920 55841 62274 62455 49087 61747 61747
1667 4845 62227 61801 61228 63393 61866 62373 61920 61202 0 61966 63627 61202 0 61966 63627 4845 62954 62935 62389 8881 62349 0 15024 16780 36653 62620 61971 0 61756 8881 62349 0 15024 11028 62274 62539 62047 61747 61747 4845 0 62118 62053 61801 61202 0 62118 62053 62393 62806 62054 61756 4845 62697 61920 4845 62697 61866 0 61920 8881 62274 62389 62274 62389 5199 62088 5199 62088 61202 62935 61801 62325 0 61920 8881 62935 62254 62389 63891 61985 10559 62393 0 45945 5199 62088 61202 62325 62180 0 61920 61202 61866 0 44373 10559 62393 62325 62349 44373 11028 62274 62539 62047 61747 61747
4845 62053 63516 62393 62806 61202 0 62966 0 61202 0 62966 0 61202 0 61966 0 61202 0 61966 0 61966 61202 0 61966 0 61228 27040 61247 61202 0 62118 62053 61801 61966 15533 62455 62373 61801 4845 62728 62349 0 61202 0 61920 15533 62455 62370 61875 62047 61747 61747
1667 62053 62701 61966 61801 5199 62088 61801 61966 62389 61756 10559 62013 63516 61801 61966 5199 62088 62349 62701 49670 41095 61756 31938 11533 3709 0 61920 61228 63393 61866 62373 61920 61202 63393 61866 62373 61920 15678 63195 62054 62254 0 62047 61747 61747
4845 61911 62254 62088 0 61202 0 62118 62487 62248 61920 3833 62363 62370 62389 3833 62363 62370 62389 61202 0 62118 0 62325 644 4845 62274 62389 61202 63679 62697 63977 61985 61202 0 61756 0 3833 40241 62254 61747 61747
41095 61801 3833 61866 62884 62009 3709 62306 61971 12480 31277 27834 62638 62343 11028 62004 61866 62539 62047 61756 61236
1667 16719 62559 63078 61866 61202 63291 62013 61920 3709 63002 61920 93 62023 62373 61966 2600 61202 63291 38718 61265 3709 63002 61920 4845 62926 61949 61202 63291 38718 61202 63291 62009 63109 61985 61202 0 61971 61920 11028 62373 62325 62054 62047 61747 61747 61202 0 61282 815 2574 61339 61309 61202 63291 62013 61920 61202 63291 62013 61920 500 10884 61202 63291 62013 61920 34587 1676 11980 61312 61202 63291 62013 61920 5199 62088 11549 61202 63291 62013 61920 55324 61801 11028 61875 62047 0 62047 61747 61747
1667 3709 12613 61247 61202 0 61756 0 61756 61202 0 61756 0 15024 10559 62393 62118 62053 62393 62806 15024 61202 63078 63821 61985 16719 62559 63078 15024 55841 62054 62118 62620 62047 61747 61747
1003 62023 62609 62009 62088 61202 0 61920 62047 63497 62054 28119 62321 62349 62227 61202 63679 62697 63977 61985 61202 0 61920 63977 0 62054 4845 0 62325 4845 0 61756 0 62325 644 4845 0 62248 61920 61202 0 61756 0 61920 61202 0 61756 0 62343 61920 61202 0 62389 61920 61202 0 61756 62363 62370 61920 4845 62926 61949 62370 7537 61756 4845 0 62325 0 62248 61202 0 62325 0 61920 3833 62254 62370 61875 62047 61747 61747
1003 62389 62004 62389 47440 4845 61911 62363 62370 62343 0 61985 61202 61866 0 15024 3709 62373 62004 62047 4845 62373 62004 62047 61202 61866 0 61920 61202 61866 0 61920 61202 61866 0 61920 3709 62393 62118 62053 62393 0 61920 61202 63497 62254 62370 7537 36816 62926 62696 61747 61747
4845 55171 61202 0 62393 62248 61920 4845 0 61801 0 62561 61202 0 62393 62966 62363 62343 0 61202 0 61920 0 62013 62806 62054 61202 0 62013 62806 62054 61202 0 62013 62806 62054 3709 0 62013 62806 62054 61202 0 62013 62806 62054 61202 0 62118 61920 61228 0 62393 62118 61920 61202 0 62393 0 62248 61920 61202 62701 61966 4845 0 62393 0 62053 63288 62995 61756 61202 63679 62697 63977 61985 50002 62561 61747 61747
1003 61911 62265 61756 4845 62373 62349 62227 61866 61202 62325 0 61920 93 0 61920 62806 62054 10559 62393 62806 62054 10559 0 61920 0 61920 61202 0 61920 0 61920 61202 0 61920 0 61920 0 61920 61202 0 61920 63977 0 62054 61756 61265 61202 0 62325 61228 5019 61202 63274 62058 62053 61966 61202 0 62180 62053 63288 61985 61228 0 62954 61202 0 62325 61228 19115 5199 62023 62053 62053 62254 0 61920 61202 0 62325 62325 61228 19115 61202 0 61756 62363 0 61756 8881 0 61756 0 61756 8881 62455 62373 62456 62054 61920 10559 62013 62349 62701 62254 34682 8881 62455 62373 62456 62054 61756 11028 0 62047 0 62047 61747 61747
201 61911 62088 0 61875 0 61202 0 61756 0 62118 61920 61287 61202 0 61801 61966 6663 55171 60481 61966 62325 4845 61911 61756 62363 63419 61920 4845 63291 62004 62393 61920 8881 61756 62363 63419 61920 3709 63291 62004 62393 61920 61202 0 61756 0 61966 61202 0 63497 63977 61756 61202 0 63497 61966 61202 0 63497 61966 61202 0 61966 0 61756 61202 63516 61801 61966 0 61202 0 61966 0 62047 61747 61747
61202 0 62966 62088 0 61966 62118 61202 63109 62088 0 61966 93 55324 61801 26617 62306 47003 61202 0 61920 63977 0 62054 55324 61801 4845 0 62389 61202 0 61920 63977 0 62054 61756 61202 0 61920 63977 0 62054 61265 5199 62088 61202 0 61756 0 62806 62054 61756 61202 0 61756 0 61966 62118 93 62023 62373 62306 62389 61202 0 61920 0 62349 62118 61265 55324 61801 40242 62047 62487 61920 25211 62806 62054 62806 62054 61202 0 61920 0 61920 61202 0 61920 0 61920 11028 61985 61971 62047 61747 61747
