61202 0 61274 50556 61260 140 11701 61202 63681 63912 0 62552 61312 0 63410 62629 61969 62544 61223 0 62552 16817 62629 0 63773 62205 0 63773 62823 63351 62205 62311 62823 63351 62205 62311 62986 0 61749 63222 63594 62076 0 62205 63611 62364 61749 62663 63251 0 62076 0 63102 0 63102 0 61749 63333 63570 62205 0 62234 0 61749 0 61785
13125 62831 0 63429 61931 63253 62398 62311 62205 0 62811 63356 0 62126 61749 0 61223 13125 31807 61931 0 63429 0 63429 0 61993 0 63592 0 61993 61245 4772 61253 61993 0 63592 0 63429 61993 0 63429 0 61993 0 62381 0 61749 62910 0 63429 61993 0 63429 0 62205 0 63429 0 61785 61202 63253 61245 8787 3494 40644 0 61749 0 61785 61202 31807 62515 0 63429 0 63281 62562 0 61749 62910 0 63429 0 61223 61202 31807 61931 0 63429 0 61749 0 63429 0 61223 0 63429 0 61223 0 63429 0 61223 0 63429 0 61223 0 63429 0 61223 0 63429 0 61223 0 63429 0 61223 0 63429 0 63429 0 61223 0 63429 0 61223 0 63429 0 63429 0 61223 0 63429 0 61223 0 63429 0 63429 0 61223 0 63429 0 63429 0 61223 0 63429 0 63429 0 61223 0 63429 0 63429 0 61223 0 63429 0 63429 0 61223 0 63429 0 63429 0 61223 0 63429 0 63429 0 61223 0 63429 0 63429 0 61223 0 63429 0 63429 0 63429 0
61202 63180 0 62984 63182 62323 61301 62868 40574 61223 0 63432 63647 0 62205 0 63009 0 61749 62850 62303 61223 0 62984 62430 0 61974 39528 0 61223 62392 62408 61974 61977 63240 0 61223 62392 63256 0 62984 62430 62791 61749 0 62205 0 61749 0 61785
61202 62408 61974 0 63310 0 61749 0 61202 22268 62915 62170 62545 63201 62126 62476 61749 61223 61202 0
61202 62892 62527 61977 0 61749 62933 0 61202 0 62705 63599 62865 0 61749 0 52 61202 0 61202 0 61202 0 61202 0 61202 0 61202 0 61202 0 61202 0 61202 0 61202 0 61202 0 61202 0 61202 0 61202 0 61202 0 61202 0 61202 0 61202 0 61202 0 61202 0 61202 0 61202 0 61202 0 61202 0 61202 0 61202 0 61202 0 61202 0 61202 0 61202 0 61202 0 61202 0 61202 0
61202 0 61274 50556 61260 140 11701 61749 0 62983 63783 62205 63026 0 61749 63801 62124 61969 62544 63681 63555 62960 62408 651 5812 183 62678 0 62527 0 62527 0 61749 0 63670 61223 62392 63256 62408 0 61749 62870 62745 57420 61974 651 5812 183 43210 61785
61202 27154 61980 0 62480 62364 62567 62240 61749 0 61749 62850 62303 62205 0 63390 0 61749 61977 62735 0 61749 0 61223 61202 0 63615 0 63837 62338 0 62076 0 63482 0 61749 62628 63522 61223 61202 63015 63439 60482 62850 62303 62661 0 63548 62824 31447 62712 62394 62558 61749 0 61223 61202 63015 63439 0 61749 62850 62303 61969 62877 0 62853 61974 61223 0 62853 61974 61977 62831 0 62850 62303 61785 61202 0 61223 0 61223 0 61223 0 61223 0 61223 0 61223 0 61223 0 61223 0 61223 0 61223 0 61223 0 61223 0 61223 0 61223 0 61223 0 61223 0 61223 0 61223 0 61223 0 61223 0 61223 0 61223 0 61223 0 61223 0 61223 0 61223 0 61223 61202 0 61223 0 61223 0 61223 0 61223 0 61223 0 61223 0 61223 0 61223 0 61223 0 61223 0 61223 0 61223 0 61223 0 61223 0 61223 0 61223 0 61223 0 61223 0 61223 0 61223 0 61223 0 61223 0 61223 0 61223 0 61223 0 61223 0
61202 0 62801 61980 0 61223 62076 39528 62299 62591 62629 61969 62661 61980 0 63009 62364 0 63429 0 61223 61202 62982 62114 62757 62076 62737 0 61223 61202 0 62076 63837 62338 62558 62872 62076 0 62558 61223 61202 31807 61931 62591 62629 62124 62742 61223 61202 31807 61931 61980 0 61749 61223 61202 62982 62114 0 62076 61977 62589 0 61785
61202 0 62076 63709 62629 35924 62398 61223 0 62984 62311 61749 0 62521 62960 63010 0 62521 61974 0 61969 62877 63779 61223 61202 63084 62364 0 62364 31447 61749 0 61223 61202 63015 63375 61931 0 63184 62205 63801 62124 61969 62544 61993 63469 63257 63281 0 61969 62544 61749 63420 63015 61223 0 62480 62364 0 63086 0 61969 62544 61749 0 61785 61202 63096 63032 62311 62986 63620 63926 62205 0 61969 62544 61749 0 61223 63473 0 62480 62364 0 61749 0 62205 0 61749 0 61785
61202 0 62801 61223 62076 62103 61977 63413 63769 62398 62449 0 62364 61749 0 61223 0 62801 61931 62408 63816 62258 0 63730 61969 63026 0 61749 61785
61202 0 63685 0 63020 0 61223 62880 62075 63892 62258 61969 62892 62527 0 63395 63092 0 61749 0 61223 61202 63253 0 63249 0 62394 63997 62126 61749 62850 62303 61223 61202 63548 62824 0 31447 61749 0 62555 62430 62791 61749 0 61223 61202 63548 62824 0 62878 0 62555 62430 62791 61749 0 61223 61202 63548 62824 0 62364 0 61749 0 61223 61202 63548 62824 0 62364 0 61749 0 62205 0 61969 62544 61223 63473 63548 62824 0 62878 0 61749 62555 62430 62791 61785
61202 0 63355 56662 63194 63689 61223 61202 62801 62827 0 63636 63636 61749 62555 62430 61223 61202 62982 62114 0 61974 0 61749 62555 62430 61223 61202 62982 62114 0 61974 0 61749 62555 62430 61785
61202 63180 61969 63082 62518 63766 0 63182 62176 63276 56662 62518 63766 61223 62392 0 62950 62159 0 61223 62392 0 63355 0 62877 63490 61223 63473 61980 0 62527 0 61223 63473 61980 0 62527 0 61223 63473 61980 62527 62794 0 61749 0 61223 63473 61980 0 62527 0 61749 0 61223 63473 61980 62176 63276 0 62527 0 61749 0 61785
26351 62323 5756 0 62299 61223 60482 61969 62661 63026 0 62076 0 62555 0 61749 0 63837 62338 61993 0 62205 0 63690 0 61785 61202 62555 62430 61969 62114 62998 27272 62968 63922 61980 0 62478 63201 63685 62695 62394 61785 61202 0 61785 61202 0 61223 0 61223 0 61223 0 61223 0 61223 0 61223 0 61223 0 61223 0 61785
61202 63253 651 61311 62316 62392 62126 84 61249 61251 61249 61202 0 62480 62364 61749 63145 0 61202 22268 62548 62364 61251 61260 10719 61202 61749 29829 61202 31807 61931 61786 0 61749 0 61969 61202 31807 61931 0 61749 0 61202 0 61202 0 61202 0 61202 0
61202 63582 62791 61223 0 62984 0 62756 62797 0 62449 0 61749 62288 62968 63922 62205 0 63005 0 61223 62408 0 61993 0 62205 0 62933 63831 62980 63367 57420 0 61749 63222 62759 61785 61202 0 63309 63112 0 62933 63831 61969 57420 63222 62759 61785 61202 0 63309 63112 0 62968 63922 62205 0 62968 63922 57420 63222 62759 61785
61202 0 61287 61245 8787 3494 40644 61287 61749 0 61202 0 61786 62400 63101 30857 62548 62364 61749 61977 62739
61202 63375 62849 61223 62408 61974 0 63636 0 63184 62749 63746 61749 0 62893 61223 61202 0 62738 61974 62615 62297 61749 0 62628 62960 63343 62928 61223 63473 0 62738 61974 61977 63240 0 61749 0 62776 61749 0 61785
61202 0 61202 0 61202 0 61202 0 61202 0 61202 0 61202 0 61202 0 61202 0 61202 0 61202 0 61202 0 61202 0
61202 62801 63148 61223 16712 29184 62515 56662 0 63281 62523 0 61749 0 62776 61202 63281 62523 62915 62170 62075 0 61749 0 61223 16621 29184 0 62364 0 61749 0 61223 61202 63281 62523 0 62075 0 61749 0 61785
61202 62392 0 63685 0 62933 63831 63168 0 61202 0 62716 0 62933 0 61749 62933 63831 0 61223 61202 0 63685 0 62933 63831 63168 0 61202 63253 62394 63997 62205 62850 62303 62205 62850 62303 61977 62589 61223 61202 62392 63256 0 62933 63831 62933 63831 61749 0 61223 62392 63256 0 62933 63831 62933 63831 0 61223 62392 63256 0 62933 63831 62430 62791 61749 62933 63831 61785
682 61202 63548 62521 61749 61245 8787 3494 40644 61202 63333 63570 62076 63559 63102 62797 0 62303 63083 0 62398 63281 0 62913 62398 22268 62874 62623 58 19832 61228 61245 8787 40644 61749 62915 62170 63420 63015 61223 62788 0 62075 0 61749 0 62691 0 62076 63313 62258 62303 63083 62863 62398 0 62853 62648 61974 61229 61283 61246 61202 0 62076 62303 0 63592 0 62398 62627 62303 61749 0 61785 61202 0 62075 62737 63279 63691 63128 63842 0 61785
61202 0 62238 0 61749 0 62338 61202 63202 0 62629 0 61749 0 61202 62392 63256 0 61749 0
61202 0 62075 62591 62910 0 61749 0 62205 62323 61977 63886 61749 62677 63113 62738 62544 61202 29184 63378 62560 62364 61223 61202 62413 0 62480 62364 60286 61749 62663 63251 61223 61202 62982 62114 29184 62076 0 62950 62159 0 61749 0 61223 62392 63256 0 62075 62737 60286 61749 62663 63251 61785
61202 0 62797 61749 0 62030 62076 63313 0 62986 62627 62303 61974 0 61749 0 61223 61202 0 61974 61977 0 61785
20774 61309 63278 61202 62408 63709 62629 62850 62303 62076 61245 8787 3494 40644 0 63601 0 63009 62364 0 63316 61749 62398 62311 63009 62364 5756 61301 63410 62678 62850 62303 63009 62364 0 63316 61223 61202 0 62205 0 63102 0 62076 61249 2666 61309 0 62205 61249 2340 61309 63410 43210 61785 61202 62398 62311 0 63009 62364 61249 2340 61309 63410 43210 61785
61202 63310 63487 62796 62170 61202 0 62801 61931 0 62364 11853 61202 0 62801 63026 0 62521 61974 61202 0 61749 0 62868 61202 62878 62398 62075 45684 61969 61749 0 63712 63735 61202 0 62075 0 61749 63712 63735
61202 0 61202 0 61202 0 61202 0 61202 0 61202 0 61202 0 61202 0 61202 0 61202 0 61202 0 61202 0 61202 0 61202 0 61202 0 61202 0 61202 0 61202 0 61202 0 61202 0 61202 0 61202 0
2098 61202 63532 63394 0 63128 63842 0 62527 62794 0 62950 62648 61749 63183 62691 63281 62076 0 62398 62449 0 61749 63183 62691 61223 62103 61931 62076 0 63502 0 62398 62449 0 61749 0 63594 61785 61202 0 62075 62737 61749 0 62691 0 61223 63473 0 62076 0 61749 0 63594 62398 62449 62862 62234 61749 0 61785
61202 63559 63087 62125 0 63087 62125 0 63087 61931 0 61749 0 61223 62788 25781 62591 0 62705 61223 43745 62392 62103 30857 42043 0 62458 0 62076 61977 0 62299 61749 2811 62290 0 61223 61202 63548 62824 0 61931 0 61749 0 61223 61202 63253 62401 62258 0 62338 63315 62494 0 61749 0 61223 61202 62782 63899 62824 63877 0 61977 62290 0 61223 61202 63084 62364 0 61977 62290 0 61749 0 62338 61223 61202 62982 62114 42043 0 62480 62364 0 61977 0 61749 0 61223 61202 62982 62114 62176 0 62480 0 61977 0 61749 0 61785
801 2340 61202 63709 62629 35924 62515 62794 62878 62756 62815 27154 0 63009 62364 61749 0 63690 0 62205 0 62486 0 63026 63026 0 62364 0 61749 0 61993 0 63621 62205 0 62486 63770 0 62159 63281 63000 63081 0 63730 0 61785
61202 63313 62258 61980 62710 61749 0 62075 62853 63684 0 61749 0 61266 9164 61207 61314 61265 61202 0 21929 61931 0 62797 62756 63671 0 62797 0 62797 62756 0 61223 62323 62897 62258 62240 0 61931 63201 62794 0 63429 0 61749 63420 63015 61223 61202 0 62801 61931 0 61749 0 61223 0 61223 0 61223 0 61223 0 61223 0 61223 0 61223 0 61223 0 61223 0 61223 0 61223 0 61223 0 61223 0 61223 0 61223 0 61223 0 61223 0 61223 0 61223 0 61223 0 61223 0 61223 0 61223 0 61223 0 61223 0 61223 0 61223 0 61223 0 61223 0 61223 0 61223 0 61223 0 61223 0 61223 0 61223 0
61202 0 61993 0 61993 0 61993 62398 62311 61993 61239 19832 61228 23419 61314 3598 0 61223 63776 62796 61223 34192 61311 62316 62323 61977 62316 62960 63010 61223 62323 61977 62774 62960 63010 61223 0 62794 61245 8787 3494 40644 61266 35132 27710 110 61223 34192 61311 62316 8702 62662 61265 61785
1003 63405 62757 61223 62878 62398 2898 61249 8980 60513 9360 62398 61223 62075 61249 9612 61332 61969 63026 0 63009 62364 61749 61245 8787 3494 40644 61749 62767 63588 63361 62398 61223 0 62801 62075 61977 62774 0 61749 0 63429 0 61785 61202 63064 0 62521 61974 61977 0 61749 0 63429 0 61785 61575 0 61223 0 62075 61249 6241 61350 61785 61575
61202 0 62238 62629 62877 0 62075 0 61749 0 62691 61266 61251 5340 61210 61265 61980 0 62480 62364 0 61785 26351 62323 62897 0 61228 18682 0 62398 62449 62548 62364 61749 0 62776 0 61749 63420 63015 63281 62076 0 62398 61223 61202 63015 61931 61980 0 63009 62364 0 63429 0 61749 0 61785 61202 63015 63439 0 62075 0 61749 0 63429 0 61749 0 61785 61202 0 61931 0 61749 0 62776 0 61749 0 61785
61202 0 62940 62316 61969 62076 0 63075 63087 0 63087 0 63087 0 62797 0 62398 62449 62527 61749 0 62205 63294 63321 0 63671 0 61749 63391 0 61223 61202 63473 0 61974 63372 62258 0 61785 6172 61202 0 63075 63075 0 63075 0 63087 62125 0 62756 0 61339 8342 61202 0 63671 0 63075 62125 0 63075 63087 62125 0 63075 0 61339 11727 61202 0 63184 0 62629 0 63671 0 63075 62125 0 63075 63087 0 61339 14466 61202 0 62515 62124 62958 61339 62205 19694 61202 62663 63251 0 61339 6172 61202 0 62811 62527 0 61339 6172 61202 0 63075 62797 0 63075 62125 0 63075 63087 62125 0 63087 0 63087 62125 0 63087 0 63087 62125 0 63087 62125 0 63087 62125 0 63087 0 63087 62125 0 63087 62125 0 63087 62125 0 63087 62125 0 63087 0 63087 62125 0 63087 62125 0 63087 62125 0 63087 62125 0 63087 0 63087 62125 0 63087 62125 0 63087 0 63087 62125 0 63087 62125 0 63087 62125 0 63087 0 63087 62125 0 63087 62125 0 63087 0 63087 62125 0 63087 0 63087 62125 0 63087 0 63087 62125 0 63087 62125 0 63087
61202 63253 63110 62960 61749 0 63316 62523 63026 0 62364 63559 0 63202 63356 61749 0 62983 63783 61749 63770 62299 61223 61202 63281 61931 63201 62794 0 62910 0 61749 0 61223 61202 0 63709 62629 35924 61749 0 62494 62791 0 63482 61223 61202 62982 62114 0 62801 0 62364 0 61749 0 61785 61202 62982 62114 0 61974 0 61749 0 62205 0 61749 0 61785
1003 0 62984 62430 62791 61749 63222 63594 61266 0 61993 0 61993 0 61993 0 61993 0 61993 0 61993 0 61993 0 61993 0 61993 0 61993 0 61993 0 61993 0 61993 0 61993 0 61993 0 61993 0 61993 0 61993 0 61993 0 61993 0 61993 0 61993 0 61993 0 61993 0 61993 0 61993 0 61993 0 61993 0 61993 0 61993 0 61993 0 61993 0 61993 0 61993 0 61993 0 61993 0 61993 0 61993 0 61993 0 61993 0 61993 0 61993 0 61993 0 61993 0 61993 0 61993 0 61993 0 61993 0 61993 0 61993 0 61993 0 61993 0 61993 0 61993 0 61993 0 61993 0 61993 0 61993 0 61993 0 61993 0 61993 0 61993 0 61993 0 61993 0 61993 0 61993 0 61993 0 61993 0 61993 0 61993 0 61993 0 61993 0 61993 0 61993 0 61993 0 61993 0 61993 0 61993 0
61202 22268 62915 62170 63869 0 61202 63253 61980 62710 61749 0 61223 61202 62484 62234 63869 0 61202 63473 62076 63681 62258 62448 61749 62555 62430 62661 62480 62364 61223 61202 48657 61786 62075 0 61749 62663 63251 61785
26351 0 62853 0 62984 63075 61749 63398 62311 0 62850 62303 61202 0 62076 0 62797 0 61749 0 61202 0 61974 61312 0 63410 43210 61202 0 61974 61312 0 63410 43210 61223 61202 0 61974 61312 0 63410 43210 61223 0 62480 62364 61312 63410 43210
61202 63112 61786 62476 61223 62076 61980 62710 62555 62430 62791 61749 0 62030 61223 61202 63310 62518 0 62950 62159 62827 61749 0 63730 61969 61223 61202 62476 61786 62476 61223 62076 63559 0 63690 0 62299 61749 61977 62258 35924 61223 61202 0 62801 61931 61980 0 61749 0 63935 61749 27154 61223 61202 0 62801 61931 0 61223 61202 0 62801 61980 0 61749 0 63935 61749 0 61223 61202 0 62801 61931 0 61749 0 61785
61202 45684 61749 62240 0 63026 0 62076 0 62555 0 62797 0 61202 0 61202 0 61202 0 61202 0
61202 0 63935 61931 62928 0 61749 0 62398 62637 61785 61202 0 62984 62311 61749 0 61785
1003 62238 63779 61223 62878 62398 61749 16584 7057 62678 0 61969 62544 63074 63010 62075 8794 41734 62316 0 61749 0 62205 5602 62316 63281 0 62552 61749 0 61969 62544 61223 63253 61242 13520 62258 62662 0 62627 62234 61749 0 63670 61223 63253 11266 47625 62316 62960 63010 62627 62234 61749 0 61969 62544 61266 63776 62796 61325 61715 2351 61265 61785 61575 0 63341 651 61309 62316 61309 62316 61265 61785 61579
61202 0 62801 61223 0 62940 62877 61969 63009 63316 62523 62205 62075 0 63687 63184 62591 0 61749 61223 61202 0 62801 61931 0 63110 61749 0 63935 62076 0 61223 61202 0 62853 62555 62430 62791 61749 27154 62205 0 62815 62076 63428 62299 61749 0 61223 61202 63096 63032 62075 31807 0 63685 0 61749 27154 61785 61202 62982 62114 62782 63899 0 63086 0 61749 27154 61223 63473 0 62480 62364 62103 61977 63240 0 61749 0 61785
61202 63015 63439 61245 8787 3494 40644 61202 0 62075 62591 62629 62555 62430 61980 16934 58002 62742 61223 61202 0 62801 61931 0 61749 62323 61977 62774 62663 63251 61202 63202 61786 63355 0 61749 27154 63343 0 61223 61202 63202 61239 19832 62205 61246 16486 63343 0 61749 0 61223 61202 62982 62114 61931 63343 0 61749 61223 61202 63202 61239 19832 61202 62205 61246 16486 61202 63343 0 61749 0 61785
61202 63676 63735 62853 0 63224 62759 0 63128 62877 63735 61223 62076 651 61325 62316 62960 63010 61749 4238 61325 62258 0 62893 0 61223 62076 651 61325 62316 62960 63010 61223 62076 0 63075 0 61749 61301 0 63779 0 62521 61749 0 63432 61749 0 61223 0 63128 62877 63860 0 62408 61256 682 0 43210 61266 651 61301 62316 61265 61785 13125 0 63779 63681 62316 0 62853 61974 2949 27407 61785
61202 0 62681 61223 62103 62831 62663 63251 61931 62323 61977 0 61223 63473 62076 0 62628 62960 63010 62075 62737 63279 63691 63128 62877 63735 61223 62392 63548 62824 62075 62449 63242 63276 61749 62663 63251 61223 62392 0 62950 62159 62663 63251 61223 62392 63256 0 62984 62430 62791 61749 63222 63594 61223 63473 0 62480 62364 61749 63420 63015 61223 62392 0 62075 0 63222 63594 61223 62392 0 62075 0 63222 63594 61223 56662 62663 63251 62418 0 62480 62364 0 61223 62392 63256 62103 61977 62958 62663 63251 61223 63473 0 62480 62364 0 61749 63222 63594 61785
500 2906 61202 0 62984 62311 0 62984 62311 62076 10001 22621 1681 61749 0 62663 63251 61749 46153 62299 0 62480 62364 61223 61283 61260 61210 62205 0 62797 63224 62759 0 62205 0 62797 63224 62759 62311 61749 0 63222 63594 62515 15556 10719 62205 45684 46153 62299 63519 0 62480 62364 61749 62663 63251 0 61223 61202 0 62997 0 62205 61980 62418 0 61749 0 63460 0 61749 62829 62745 62075 62737 60286 61749 62829 62745 61223 62392 63256 0 63598 0 62075 62737 63378 62560 62890 61785 61202 0 62075 62737 63279 63691 63128 63842 0 61749 0 61223 0 62075 62737 63378 62560 62890 61785
61202 63180 0 63545 62797 63545 0 63182 61749 0 62893 0 61977 0 61223 0 61977 0 61223 0 61977 63886 61223 62567 62910 62323 62897 63886 62205 62323 62897 63886 0 61339 61470 1423 34363 0 63253 61242 62364 61301 61468 0 61749 0 61223 0 62801 0 62910 63886 61749 0 61339 61470 1423 34363 0 62955 61309 63341 61332 62316 62893 61468 62076 0 63277 62398 61223 62076 61245 8787 3494 40644 62933 0 62398 0 62398 61749 62850 62303 61749 62877 63779 61785 61202 0 62480 62364 62878 62398 61749 62850 62303 61969 62877 61785
61202 0 61202 0 61202 0 61202 0 61202 0 61202 0 61202 0 61202 0 61202 0 61202 0 61202 0 61202 0 61202 0 61202 0 61202 0 61202 0 61202 0 61202 0 61202 0 61202 0 61202 0 61202 0 61202 0 61202 0 61202 0 61202 0 61202 0 61202 0 61202 0 61202 0 61202 0 61202 0 61202 0 61202 0 61202 0 61202 0 61202 0 61202 0
61202 0 62801 62591 62629 0 62205 0 62843 61980 60286 61749 0 62819 61969 0 62234 0 62555 61223 29390 62831 61969 62661 63315 62494 0 61974 0 62555 0 61749 0 61223 61202 0 62801 61931 0 61749 0 61223 61202 0 62801 62075 62737 63279 63691 62205 0 61749 0 61785
43745 62075 61749 63611 62364 61749 0 63593 61931 62408 0 63075 0 63087 0 62205 61245 8787 3494 40644 61749 0 63128 63842 61223 62392 63256 62408 61245 8787 3494 40644 61749 0 63128 63842 61785
61202 0 61239 19832 61202 0 62797 0 62205 0 63332 0 61202 62413 0 62480 62364 0 61749 0 63316 0 63316 61202 62392 63256 58 19832 61202 62959 61239 19832 63980 62795 61749 0 62205 62663 63251 61202 63096 62571 62801 62076 63372 62258 62662 62986 0 62960 63010 61202 0 62480 62364 0 63110 62960 63010 61749 0 63316 0 61223 61202 62392 63256 0 62075 62737 63279 63691 63128 63842 0 61749 0 63316 0 61223 63473 0 62075 62737 63279 63691 63128 63842 61785
61202 62757 63548 61931 62076 0 62893 62398 63010 61785
500 2340 26351 0 63671 0 63075 0 62398 61223 0 62910 0 61749 0 62705 63202 0 62234 0 61749 35924 0 62480 63343 62629 61749 0 61223 61202 62982 62114 0 62480 62364 62103 61977 63240 0 62961 0 61785 61202 0 62984 62430 62791 61749 0 62961 0 61785
43131 62075 31807 61749 63092 61223 0 62801 0 62850 62303 0 62960 63010 22268 0 62552 2811 62290 0 61749 62628 63522 61223 61202 0 62794 62323 62897 63886 62850 62303 61980 0 62480 62364 5850 62290 0 61749 0 61785 61202 0 62515 62794 62323 62897 63886 62850 62303 61980 0 62480 62364 5850 62290 0 61785
1003 0 62801 61931 48657 0 62394 0 63432 63647 61749 63420 63015 61223 61309 3396 7057 62678 62850 62303 62205 62878 62394 61969 61980 0 62076 63183 62691 0 61785 61202 0 63183 0 61266 63183 63593 0 61265 61749 0 63837 62338 0 61223 0 62076 62802 62311 62323 62897 0 62238 61749 62567 62238 61749 0 61785 61579
61202 0 61993 0 61993 63281 62523 0 61749 0 62853 0 61223 61202 0 62075 61245 8787 3494 40644 61749 0 63758 0 61223 61202 0 62075 0 62205 0 63429 49089 62544 63936 62801 62782 63899 0 62364 0 63429 0 61749 0 61785 61202 0 63429 0 62205 0 63429 61969 62544 62400 62782 63899 63294 0 61785
61202 62615 62297 61931 62408 0 63087 0 63087 0 63075 62797 0 62756 0 61749 0 61223 61202 0 63671 0 63087 0 63087 0 61749 0 62523 61202 0 62480 62364 63311 63614 61749 0 63309 63276 61785 61202 0 62984 62311 0 63087 0 63087 0
61202 62850 62303 62076 62892 62527 0 63598 0 61749 0 61223 61202 62892 62527 0 63685 0 61749 0 62893 61785 61202 62796 62850 62303 0 62521 61974 0 62205 61980 62418 0 61749 62877 63735 61223 61202 63096 62571 62628 0 62364 0 61749 62628 63522 61223 61202 0 62628 63522 0 62364 0 61785 61202 0 61223 0 61223 0 61223 0 61223 0 61223 0 61223 0 61223 0 61223 0 61223 0 61223 0 61223 0 61223 0 61223 0 61223 0 61223 0 61223 0 61223 0 61223 0 61223 0 61223 0 61223 0 61223 0 61223 0 61223 0 61223 0 61223 0 61223 0 61223 0 61223 0 61223 0 61223 0 61223 0 61223 0 61223 0 61223 0 61223 0 61223 0 61223 0 61223 0 61223 0 61223 0 61223 0 61223 0 61223 0 61223 0 61223 0 61223 0 61223 0 61223 0 61223 0 61223 0 61223 0 61223 0 61223 0 61223 0
26351 0 63281 62523 0 61749 0 61223 62076 61969 0 62398 61749 62695 63177 0 61223 61202 48657 61251 5340 61202 45053 61993 0 61993 0 61993 62518 0 62205 0 63429 0 62205 0 63429 0 61223 61202 62880 62075 61977 62735 61749 62292 0 61785 61202 48657 61251 5340 61749 45053 61993 0 63429 0 61993 0 62205 0 63429 0 61785
61202 63015 63375 61223 31447 61749 63838 0 63282 63198 62205 63180 0 63671 0 63182 62205 0 62870 62745 61749 0 63611 63636 62870 62745 61223 16712 63432 63647 62076 62555 62430 62791 61749 0 62893 61749 63222 63594 62205 0 63398 0 63398 61223 62392 63256 16712 63131 0 63432 63647 62240 61749 62663 63251 61223 62392 63256 0 62984 62430 62791 61749 62663 63251 61785
61202 62959 61245 8787 3494 40644 61202 0 61969 62114 62075 62940 62877 63779 61202 0 62075 0 61749 45053 62205 0 62560 0 61223 61202 62408 61974 62825 0 61749 45053 62205 0 62560 0 61223 62323 63125 0 62323 63125 0 61749 0 63737 0 61931 0 62238 61749 62205 0 62776 61749 0 63737 0 61223 62392 63256 0 62075 0 62776 61749 0 61785
61202 63492 61974 63892 62258 35924 62849 61223 60482 35924 62661 62484 62234 61974 0 61749 0 61223 0 62910 62877 63735 0 62076 37268 0 62797 0 61993 63046 0 61993 0 61993 62560 62238 62811 61993 63398 62311 61993 62518 62311 61993 62518 62311 61993 62398 62311 61993 0 61993 0 61993 0 61993 0 61993 0 61993 0 61993 0 61993 0 61993 0 61993 0 61993 0 61993 0 61993 0 61993 0 61993 0 61993 0 61993 0 61993 0 61993 0 61993 0 61993 0 61993 0 61993 0 61993 0 61993 0 61993 0 61993 0 61993 0 61993 0 61993 0 61993 0 61993 0 61993 0 61993 0 61993 0 61993 0 61993 0 61993 0 61993 0 61993 0 61993 0 61993 0 61993 0 61993 0 61993 0 61993 0 61993 0 61993 0 61993 0 61993 0 61993 0 61993 0 61993 0 61993 0 61993 0 61993 0 61993
13125 62258 0 63685 61931 16712 0 62480 62364 0 61749 62430 62518 61223 19374 61749 61223 61202 0 62205 45684 61969 61202 0 62076 61786 62515 61872 0 61749 0 63685 61223 61202 62982 61931 0 61749 0 61223 61202 0 61223 61202 0 61223 61202 0 61223 61202 0 61223 61202 0 61223 61202 0 61223 61202 0 61223 61202 0 61223 61202 0 61223 61202 0 61223 61202 0 61223 61202 0 61223 61202 0 61223 61202 0 61223 61202 0 61223 61202 0 61223 61202 0 61223 61202 0 61223 61202 0 61223 61202 0 61223 61202 0 61223 61202 0 61223 61202 0
61202 0 61969 62205 0 63009 0 63009 63316 61749 46153 62398 49089 62114 61202 0 62853 62562 0 61202 0 63009 62364 0 62961 61749 0 63316 61202 0 63009 62364 0 61749 0 62205 0 61749 0 61785
61202 0 62801 62076 0 62756 0 61749 0 62205 0 63087 62797 61980 0 61223 62103 61931 61239 19832 61993 61246 16486 62205 45684 0 61749 0 61223 61202 62982 62114 63253 0 63009 0 61749 62394 63997 61749 0 62997 0 61785 61202 62982 62114 0 62480 62364 0 61749 62394 63997 61785
61202 0 61977 0 62075 0 61749 0 61202 31807 62076 0 63102 62797 0 63087 61266 0 61969 0 61265 61749 0 63429 0 61266 0 61265 61202 29184 0 62695 0 63429 0 61785
17820 62629 62877 56662 29829 61931 62076 62802 62311 0 61749 0 62205 0 62776 0 61282 62076 0 63671 62797 61228 0 62756 0 62449 0 61749 34192 61332 62316 61749 63222 63594 61223 62076 62802 62311 0 61969 62544 63074 63010 61749 0 63202 0 61749 0 63202 0 62408 4238 1055 19288 63148 62076 62802 62311 0 61749 60482 0 63429 0 61749 0 62776 0 63202 0 63202 61266 45684 0 63429 0 61749 0 63429 0 62853 0 61265 62076 1432 61335 62316 61223 61249 2244 54539 61785
61202 63676 63735 62878 62323 19115 63011 62398 62449 0 61749 62323 19115 63278 62449 0 61749 0 61969 62544 61266 61312 8372 61202 63281 62523 0 63709 0 62950 62159 61266 62323 19115 63278 61265 61749 29829 61266 61234 61300 18262 38310 1190 4715 61332 769 63473 0 62480 62364 0 62984 62430 62791 61749 29829 61266 61234 61300 18262 61216 2927 61309 3363 14234 1055 61265 61785
61202 63776 62796 61223 63709 62629 0 62560 0 62523 61980 0 63253 62398 62311 0 62364 62802 62311 61266 0 63730 61969 0 61749 0 62205 31807 61931 62076 0 63316 0 62299 0 61749 63619 0 61265 61785 61202 0 61931 0 61969 62114 61749 0 61749 0 61785 61202 63281 63709 61931 0 61969 0 61749 0 61785
500 2906 26351 61245 8787 3494 40644 62868 29829 61223 12613 61247 62205 61274 50556 61260 140 11701 62076 0 62627 62303 61245 8787 3494 40644 27154 62398 61223 0 62801 0 61974 0 63075 0 63087 0 63075 0 63075 0 62756 0 61223 62103 61977 0 62983 62030 62408 63375 63240 0 62705 62484 62234 0 62705 61223 63473 0 62480 62364 62103 61977 63240 0 62776 0 61749 0 61785
61202 0 63554 63087 62125 0 63671 0 62797 61266 61245 8787 3494 1804 8335 0 61282 61202 63546 62311 62238 62850 0 63987 62682 0 63390 63090 0 62205 0 63277 62398 62637 62205 62823 63351 0 63897 62311 62892 62527 61749 0 62627 0 61749 0 63487 0 61266 61245 8787 3494 1804 8335 61785
61202 0 62521 61749 0 61993 61980 63572 0 63183 61993 0 63183 61993 0 63753 61749 0 63316 62205 62555 62430 62791 0 63009 0 61749 62394 63997 0 62865 61223 61202 48657 0 62968 63922 62205 31447 61749 62394 63997 62394 63997 0 62480 62364 62478 63201 61749 0 63601 0 61749 62850 62303 62205 0 63837 62338 61223 62392 63256 0 62392 0 63572 0 61749 0 62555 62430 62791 61749 0 61339 61202 0 62968 63922 62205 0 61749 0 63390 0 61223 61202 0 62968 63922 62205 0 62968 63922 61749 0 61223 61202 0 62968 63922 62205 0 62968 63922 62205 0 61749 0 62968 63922 61749 0 61339 61202 0 62968 63922 62205 0 62968 63922 62205 0 61749 0 61339 61202 0 62968 63922 62205 0 62968 63922 61749 0 61339 61202 0 62968 63922 62205 0 62968 63922 61749 0 62968 63922 62205 0 62968 63922 61749 0 61339 61202 0 62480 62364 0 62968 63922 62205 0 62968 63922 61749 0 62968 63922 62205 0 62968 63922 61749 0 62968 63922 62205 0 62968 63922 61749 0 62968 63922 61749 0 61339 61202 0 62968 63922 62205 0 62968 63922 61749 0 62968 63922 62205 0 62968 63922 61749 0 62968 63922 62205 0 62968 63922 61749 0 62968 63922 0 61223 61202 0 62968 63922 62205 0 62968 63922 61749 0 62968 63922 62205 0 62968 63922 61749 0 62968 63922 0 61749 0 61339 61202 0 62968 63922 62205 0 62968 63922 0 61749 0 62968 63922 0 61749 0 61339 61202 0 62968 63922 62205 0 62968 63922
13125 62958 63194 63689 0 62299 3772 62548 62364 61749 61931 61202 62853 62811 0 62797 0 61749 0 63005 61202 62408 61974 62824 63877 0 63554 63356 61202 0 61202 0 61202 0 61202 0
61202 0 62801 61223 0 62816 63932 63256 55990 62545 62124 62030 62076 651 61301 62316 8702 62662 8702 62380 61223 651 61301 62316 62323 63372 63025 0 53419 61223 0 62205 0 62205 0 62124 63090 62587 63110 63548 63355 0 63253 61969 0 62364 61969 0 61749 0 61785
61202 0 62843 0 63026 0 61974 61223 63101 62076 61239 94 61209 5868 40826 62205 16661 56475 20404 22574 63074 63010 61749 63845 62430 61202 63101 0 61749 61251 15682 0 63202 0 61749 61977 62739 61202 62661 63101 0 61974 61977 62739 61749 0 61785
61202 63046 0 62797 0 61223 62076 651 2811 62316 62398 62311 61749 0 63390 62523 62076 651 61309 62316 61223 62892 62527 61974 0 62984 0 61749 0 61223 62392 62408 61974 0 62234 0 61749 0 61223 62392 62408 61974 0 62627 0 61749 0 61785 61202 0 62811 62527 62794 651 61309 62316 61749 0 62811 62527 61749 0 61785
61202 0 61216 61234 61223 62076 651 61311 62316 61312 62662 19115 62380 61223 62076 39528 0 63733 61749 62850 62303 62075 3396 61350 61749 0 62303 0 61749 0 61223 62103 62958 0 63647 0 62408 4238 61256 62258 35924 61223 63148 62076 63559 0 63690 0 61749 6542 62258 0 62893 61223 0 61974 61332 3396 63410 62678 62968 63922 62205 62968 63922 61749 0 61785 61202 0 62984 62430 62791 0 61974 61249 836 3396 63410 62678 62968 63922 62205 62968 63922 61749 0 61785
61202 0 61223 56662 62870 62745 62567 62827 63131 0 62364 61239 61251 1955 2456 40861 61749 62928 0 62870 62745 61223 61202 29184 57420 60286 61749 62663 63251 61266 62629 0 61265 63666 62745 61249 61785 61202 0 62075 62737 61749 62663 63251 61266 61246 597 40750 2520 15970 61785
61202 63776 62796 61223 62076 0 61749 0 62205 0 63074 63010 63074 63010 61749 61977 0 61931 0 63087 62797 62125 0 63554 0 61749 0 61785 61202 63776 62796 62075 62663 63251 61749 0 62205 0 61749 61274 8131 52 62075 0 61749 61274 8131 61228 48679 976 425 61749 0 62484 62527 57420 0 62853 62853 61749 62663 63251 61223 62392 0 62480 62364 0 62853 61749 62663 63251 61785 61202 62408 61974 62825 62833 0 61749 0 61785
2817 61202 0 62984 62311 0 63281 0 61749 0 62486 62749 63746 0 61223 62392 0 62681 62176 0 62364 63075 0 63075 0 63075 0 61749 0 61223 61202 0 62849 61223 63253 62103 61977 0 62521 62877 63490 63519 57420 61749 0 61266 62870 62745 61993 0 61993 0 61993 0 62628 62960 61265 62392 63256 45684 0 62628 62960 63281 62392 62381 61749 0 61223 63096 62571 63548 62824 0 62075 62737 61749 0 62776 61749 62870 62745 61266 0 61993 0 61993 0 61993 0 61993 0 61993 0 61993 0 61993 0 61993 0 61993 0 61993 0 61993 0 61993 0 61993 0 61993 0 61993 0 61993 0 61993 0 61993 0 61993 0 61993 0 61993 0 61993 0 61993 0 61993 0 61993 0 61993 0 61993 0 61993 0 61993 0 61993 0 61993 0 61993 0 61993 0 61993 0 61993 0 61993 0 61993 0 61993 0 61993 0 61993 0 61993 0 61993 0 61993 0 61993 0 61993 0 61993 0 61993 0 61993 0 61993 0 61993 0 61993 0 61993 0 61993 0 61993 0 61993 0 61993 0 61993 0 61993 0 61993 0 61993 0 61993 0 61993 0 61993 0 61993 0 61993 0 61993
61202 0 62205 0 62076 63138 63822 61245 8787 3494 40644 62868 62870 62745 61223 61202 63015 63439 62915 62170 0 61749 0 62705 0 62075 62323 63125 0 63712 63735 61223 61202 0 62075 61977 63240 0 61749 63712 63735 61223 62392 63256 0 62075 61977 63240 0 62776 61749 0 62705 61785
61202 48657 62076 62398 62311 0 62555 63413 61749 63352 63251 61931 0 63086 61749 0 62819 61969 62544 61223 61202 63473 63026 0 61974 63690 0 63398 0 62555 63413 61969 63184 61202 0 62756 62815 61749 0 61969 61202 0 62076 31447 61749 63837 62338 0 61223 61202 63473 62176 63253 31447 61749 0 63773 63846 0 62234 62448 61223 61202 63473 63026 0 61974 61977 63084 63294 63009 0 61749 0 61969 62544 61785
72 16486 61228 23419 61314 62076 61969 0 62968 63922 62398 63026 0 62076 61977 63567 62299 0 61749 62980 63367 61223 61202 62710 62739 61749 61931 61223 61202 0 62205 0 61749 0 61785
26351 0 63935 62823 63566 62398 61223 62076 61245 8787 3494 40644 0 63611 62364 61749 0 62521 61749 0 63128 62877 63735 61223 62076 5316 62258 62677 62628 62986 62950 62159 61974 63355 0 61749 0 63128 63842 61785 61202 0 62794 651 61249 62316 61335 62662 61249 62380 61223 0 62794 651 61335 62316 61325 62662 7476 62380 61223 0 61974 0 61785
1003 29829 62449 62548 62364 61749 0 62205 0 63687 61749 63222 63594 62408 15538 61245 0 62449 62449 0 61749 8702 61256 11549 61301 61969 62398 61223 0 62408 61335 1442 61256 61969 61266 2804 61332 9360 61785 61579 61202 0 62984 62311 0 62984 62311 61969 62544 61749 0 62984 62430 62791 62408 61335 1442 61256 61969 61785
13889 63243 61872 61980 16934 63110 62960 61749 63502 0 61931 11853 61202 62627 62767 62364 61749 49089 61223 13889 62552 62076 0 62627 62767 61749 62401 62831 61969 0 61749 0 61223 5612 62548 62364 0 63690 61749 0 61749 0 62515 0 61749 0 61223 61202 0 62801 61931 0 61749 0 61223 61202 0 61749 0 61785
61202 62801 63148 61223 62408 61974 62892 62527 63559 63961 63690 63202 63356 0 61749 63395 63774 0 61223 61202 62796 63375 0 61749 0 62893 0 62940 0 63281 0 62521 61749 0 61223 61202 0 62801 61931 16712 61749 62663 63251 0 61749 0 62512 62484 61223 61202 0 62801 16712 30857 61980 0 61974 0 61749 0 61785 61202 0 62801 61223 16712 62757 62076 62615 62297 61980 0 61749 0 61749 0 61785
61202 22268 62591 62629 0 61202 0 63671 0 62797 62125 63102 0 62797 62125 63102 0 62797 62125 0 63087 63075 62797 62125 0 63087 63075 62797 61266 13192 61245 61265 62515 0 62811 62527 0 61749 0 62811 0 61266 13192 61245 61265 61785
61202 63000 63081 0 62961 61749 0 63316 62523 62076 63666 63321 63009 0 63316 61749 0 62338 62299 0 62076 0 61223 23152 31447 61749 62877 63779 61931 61202 63253 62628 0 62364 62628 0 62853 62126 61749 0 63730 61969 61223 61202 62982 62114 0 62794 0 61749 0 63730 61969 61785 61202 62982 62114 61749 0 61931 0 61749 0 61223 61202 0 61223 0 61223 0 61223 61202 0 61223 61202 0 61223 0 61223 61202 0 61223 0 61223 61202 0 61223 0 61223 61202 0 61223 61202 0 61223 61202 0 61223 61202 0 61223 61202 0 61223 61202 0 61223 61202 0 61223 61202 0 61223 61202 0 61223 61202 0 61223 61202 0 61223 61202 0 61223 61202 0 61223 61202 0 61223 61202 0 61223
1003 62103 63240 62663 0 62523 62076 0 61977 0 61977 0 62290 61266 2335 61325 12285 61993 61301 2815 61325 46607 34361 0 62075 61977 0 61223 0 62075 0 62205 0 63687 63281 0 61749 63588 63361 61785 61579 61202 0 62984 62430 62791 0 62075 0 61749 0 61785
16621 61749 0 62486 61266 63776 62796 0 62870 62745 61265 62615 62297 62757 62076 63043 62710 61749 61223 63473 0 63709 62629 27154 62076 62878 62075 61749 63945 63769 61223 61202 31807 61931 62413 0 62413 0 62555 0 61223 63473 0 62075 0 61749 0 61223 62392 63256 0 62075 62737 0 61749 0 61223 63473 0 62075 62591 62629 61749 27154 61785
26351 0 63554 0 63398 0 62797 0 62398 61223 0 62480 62364 63428 63398 63671 63075 62797 0 63075 63671 0 63202 0 63075 0 63075 0 63202 0 63202 0 63075 0 63075 0 61785
1003 62567 62240 61749 61977 62662 61223 61202 0 61974 0 63087 62797 62850 62303 0 63249 62076 62394 61223 61202 63473 0 62364 58333 0 61749 63168 0 61785 61202 63253 0 63690 61749 63168 0 62827 62126 62476 61223 61575 0 63102 63087 53263 0 61974 61786 61223 63473 0 63086 0 61785 61579 61202 0 63309 0 61785 61202 63398 62311 0 63087 62125 0 62797 0 62797 0 61749 0 63432 63647 61749 63420 63015 61223 16712 62548 62364 61977 62831 0 63554 0 61785 61579
61202 62982 62114 62902 62099 63253 62827 62791 0 62234 62448 61223 61202 0 61223 61202 63473 63253 62401 62831 62458 0 63684 62364 61749 61223 61202 62982 62114 0 61974 61785
61202 0 63601 62124 63777 62124 61266 61234 61300 0 61265 61785 61202 0 61266 61234 61300 0 61265 61785 19374 61749 61223 0 61223 0 62893 0 62480 62364 0 61266 61234 61265 61785
61202 0 62794 62937 62650 62205 0 63730 61969 61749 63420 63015 61202 0 63281 62712 0 61202 31807 61931 63202 0 61749 63343 0 63601 61749 46153 61223 61202 0 62801 61931 0 61749 0 61223 61202 63281 62523 0 61749 0 61223 61202 63281 62523 0 61749 0 61785
13125 62831 0 61749 0 62691 0 61749 0 62691 0 62290 0 61749 61274 8131 0 63096 0 63112 0 61969 0 61749 0 61749 61215 61274 8131 61210 61785 61202 0 62075 0 61749 0 61749 0 61785
9366 26351 651 61312 62316 8702 62662 12573 62380 61223 62075 9812 62258 35924 63243 62545 61749 62394 63997 0 61974 63281 63432 63647 62408 0 61785 61202 62878 62398 61223 56662 62323 15192 0 62984 62311 60482 61749 63837 62338 57420 61974 0 61223 8364 62258 35924 62076 0 61977 62831 0 61749 0 61785 61202 0 62984 62311 62661 62075 62737 0 61749 0 61223 62878 62398 62075 62737 0 61749 0 63646 61785
500 2340 26351 0 62984 62311 61749 63180 62823 62984 63182 62398 61223 0 62076 0 62756 0 62299 61223 61274 50556 61260 140 11701 61749 0 62868 0 62627 62767 61974 61271 13192 61229 0 62868 61749 0 63460 0 61749 0 62205 0 63712 62623 61785 61202 0 62984 62430 62791 61749 0 62627 62303 63083 62863 61785
61202 63844 0 61931 0 61202 0 61202 0
20774 63125 61223 62076 62103 61977 63413 63769 62398 61223 61202 63201 62794 62591 62629 62258 0 61749 0 62637 0 61223 13125 31807 61931 61872 62205 63343 0 62961 61749 27154 61223 61202 62801 62827 61223 62571 62878 0 61931 62591 0 63268 61749 62628 63522 61223 61202 62982 62114 31807 62030 0 62961 0 61749 0 61223 61202 62982 62114 62688 63709 62030 0 62364 0 61749 0 61223 61202 62982 62114 0 62076 62103 61977 62831 62555 62430 62791 61749 0 61785
61202 0 62801 62076 0 63686 61749 46153 62398 61202 62413 62548 62364 0 62076 61977 63240 46153 62398 61223 61202 0 63554 63444 61931 63253 62126 61749 61223 61202 48657 62982 62114 0 62159 61974 45053 61749 63655 62833 61223 61202 0 62801 61931 0 61749 61785
1003 0 62678 0 61785 61202 63180 62394 0 63554 0 62797 61249 63182 61266 63671 0 62797 62125 63671 0 62797 62125 0 62797 62125 0 62797 62125 0 62125 0 62125 0 62125 0 62125 0 62125 0 62125 0 62125 0 62125 0 62125 0 62125 0 62125 0 62125 0 62125 0 62125 0 62125 0 62125 0 62125 0 62125 0 62125 0 62125 0 62125 0 62125 0 62125 0 62125 0 62125 0 62125 0 62125 0 62125 0 62125 0 62125 0 62125 0 62125 0 62125 0 62125 0 62125 0 62125 0 62125 0 62125 0 62125 0 62125 0 62125 0 62125 0 62125 0 62125 0 62125 0 62125 0 62125 0 62125 0 62125 0 62125 0 62125 0 62125 0 62125 0 62125 0 62125 0 62125 0 62125 0 62125 0 62125 0 62125 0 62125 0 62125 0 62125 0 62125 0 62125 0 62125 0 62125 0 62125 0 62125 0 62125 0 62125 0 62125 0 62125 0 62125 0 62125 0 62125 0 62125 0 62125 0 62125 0 62125 0 62125 0 62125 0 62125 0 62125 0 62125 0 62125 0 62125 0 62125 0 62125 0 62125 0 62125 0 62125 0 62125 0 62125 0 62125 0 62125 0 62125 0 62125 0 62125 0 62125 0 62125 0 62125 0 62125 0 62125 0 62125 0 62125 0 62125 0 62125 0 62125 0 62125 0 62125 0 62125 0 62125 0 62125 0 62125 0 62125 0 62125 0 62125 0 62125 0 62125 0 62125 0 62125 0 62125 0 62125 0 62125 0 62125 0 62125 0 62125 0 62125 0 62125 0 62125 0 62125 0 62125 0 62125 0
26351 56662 62323 61977 62774 63502 0 63074 63010 61223 62408 61974 62795 62480 0 62997 61749 62663 63251 61223 62392 63256 62076 0 63046 63356 62205 63000 0 63046 63356 63026 0 62364 0 61749 0 61223 61202 63355 0 62205 61980 63355 0 61749 0 62853 0 61223 0 62801 62076 62323 63125 0 62776 0 62398 62627 62767 61749 0 61223 61202 0 62801 62075 0 61749 46153 62400 63101 62853 63102 0 63075 0 61749 0 61785 61202 0 62801 61931 0 62480 62364 0 61749 0 61785
61202 0 63554 62797 0 62076 62103 61977 62628 63522 61223 61786 62030 63591 62959 4238 62258 63420 63015 61749 62560 62890 61282
61202 0 61202 0 61202 0 61202 0 61202 0 61202 0 61202 0 61202 0 61202 0 61202 0 61202 0 61202 0 61202 0 61202 0 61202 0 61202 0 61202 0 61202 0
61202 0 61202 0 61202 0 61202 0 61202 0 61202 0 61202 0 61202 0 61202 0 61202 0 61202 0 61202 0 61202 0 61202 0 61202 0 61202 0
61202 63676 63735 61274 50556 61260 140 11701 62870 62745 62398 62449 0 61749 62947 63279 62430 62791 61223 61202 0 62950 62159 63343 62240 61749 62663 63251 62430 62518 61749 62430 62518 61223 61202 31807 0 62480 62364 62515 61245 8787 3494 40644 62829 62745 62449 0 63355 62408 61749 61969 62544 0 62480 62364 61977 63240 63443 0 61749 0 61223 63473 0 62480 62364 61977 63240 0 61749 0 62705 61223 63473 0 62480 62364 0 62480 62364 61977 63240 62737 63279 63691 63128 63842 61785
61202 62124 63145 61223 62788 62076 62853 0 62558 0 61749 60482 62555 62430 62661 62413 0 61223 62408 61974 62824 63877 0 62205 62824 63877 0 61223 61202 62853 0 62811 63356 0 61969 62544 62661 62413 0 62234 0 61749 0 62205 0 62234 61749 0 62205 0 61749 0 62705 61223 61202 63473 0 62075 62737 63279 63691 63128 63842 0 61223 62392 63256 0 62075 62737 63279 63691 63128 63842 0 61749 0 61223 62392 63256 0 61749 0 62205 0 61749 0 62205 0 61749 0 61785
61202 0 63482 61749 0 62756 0 62756 63087 61202 0 62928 0 62797 0 61202 62959 61301 62258 62829 62745 61202 62959 0 63398 0 62797 62870 62745 0 61980 0 62527 0 61749 61223 61202 0 62984 62311 0 63087 0 63087 0
61202 62408 61245 8787 3494 40644 61202 0 63429 0 62205 0 63429 0 61749 0 63429 61969 62544 62205 0 63429 0 63009 62364 0 63429 0 63281 62796 0 63429 0 63429 0 61993 0 63592 0 61993 0 63592 0 61993 0 63429 0 63429 0 61993 0 63429 0 63429 0 62205 0 63429 0 63429 0 61993 0 63429 0 63429 0 61993 0 63429 0 63429 0 61993 0 63429 0 63429 0 61993 0 63429 0 61993 0 63429 0 63429 0 61993 0 63429 0 61993 0 63429 0 63429 0 61993 0 63429 0 61993 0 63429 0 63429 0 61993 0 63429 0 63429 0 62205 0 63429 0 63429 0 61339 61202 0 63429 0 63429 0 62205 0 63429 0 63429 62205 0 63429 0 63429 61785
61202 63313 63240 63240 61931 0 63075 62797 62125 0 63671 0 62797 61266 9164 61207 61314 61265 61266 61977 0 62648 0 61223 62878 61977 0 62076 0 62843 62398 0 62480 62364 61265 61785 61202 0 62075 21929 0 61749 0 62776 0 61266 9164 61207 61314 61265 61785
61202 0 63075 62797 0 62076 0 61749 62555 62430 62299 61202 0 62801 61931 0 63184 0 62205 0 61749 0 61749 0 61223 61202 62982 62114 0 62076 0 61749 62555 62430 62299 61785
1003 63000 63081 0 61749 0 62205 0 62776 0 63281 0 63429 0 63687 0 61223 56662 0 63429 0 61266 2613 61298 61265 62449 63242 0 61266 7052 61332 62678 8337 61335 61993 10191 9360 62205 42043 0 61969 62486 63770 0 62648 0 61266 61335 13539 61969 61223 61249 734 11958 61993 15437 9360 61202 0 63429 0 63074 63010 0 62910 9184 9612 61332 61969 61223 61309 1686 61301 61969 61223 6751 9360 61202 0 62075 61977 0 61749 0 62205 0 63429 0 63429 0 63281 0 63429 0 63281 0 63429 0 63429 0 63281 62075 0 63429 0 61749 0 63429 0 61749 0 63202 0 63202 63776 61785 61579
61202 62710 62739 61223 62075 63313 63240 0 63429 0 61749 0 62776 0 61282 61228 13442 928 3978 50 1571 27710 110 61202 0 62205 0 61749 0 62691 0 62205 0 61749 0 62691 0 61266 38964 61265 61202 0 63355 0 61749 0 62691 0 61266 62796 0 62843 62398 62627 62767 61749 61293 8646 61265 61931 61293 11 928 1652 1571 27710 110 61266 61293 11701 61265 61785
61202 39528 0 62205 0 62394 63997 62796 62170 62408 61245 8787 3494 40644 0 63128 63842 0 61749 61977 0 61223 61202 62982 62114 62413 0 62623 0 61749 61977 63240 0 62691 61223 61202 62982 62114 0 61974 0 61749 0 61223 0 62205 0 61749 0 61223 0 61223 0 61223 0 61785
61202 0 61216 61202 0 61223 651 2811 62316 61301 62662 61223 61239 19832 61228 23419 61314 3598 0 62205 0 61749 0 62205 0 62515 0 61228 0 63224 62759 0 61749 39528 61223 0 62801 61931 39528 61749 0 61223 0 62205 0 61749 0 62205 0 61785
61202 63201 62794 62103 63240 63420 63015 61223 62076 0 63935 62299 22268 21929 61969 61223 61202 63131 62076 0 63935 62299 62075 21929 61969 0 63009 62364 0 61749 0 61223 61202 63131 62030 63599 62865 31447 0 63009 62364 0 63009 0 49089 61223 63473 0 62794 0 63281 62515 0 61969 61749 0 61223 63473 63131 62075 62865 62794 0 63009 62364 0 61749 0 61969 61785
61202 0 61202 0 61202 0 61202 0 61202 0 61202 0 61202 0 61202 0 61202 0 61202 0 61202 0 61202 0 61202 0 61202 0 61202 0 61202 0 61202 0 61202 0 61202 0 61202 0 61202 0 61202 0 61202 0
61202 0 63243 62915 62170 0 63128 63451 61931 63432 63647 62240 61749 61223 61202 62408 61974 0 63281 0 62076 0 62558 62627 0 61749 0 62691 0 61223 61202 22268 62862 62234 62915 62170 63240 0 63779 61785 61202 0 62801 61223 0 62075 62737 0 61749 0 62691 0 61785
61202 0 61202 0 61202 0 61202 0 61202 0 61202 0 61202 0 61202 0 61202 0 61202 0 61202 0 61202 0 61202 0 61202 0 61202 0 61202 0 61202 0 61202 0
61202 0 62801 62413 0 63482 0 63940 0 61749 0 62893 61993 62823 63566 62205 0 63862 0 61223 62103 61931 62076 0 61749 35924 62398 61223 0 62801 61931 0 62075 62737 61749 62555 62430 62791 61785
61202 63253 62381 63466 0 62299 61749 63961 0 62205 62629 0 63398 0 61749 62458 0 61223 61202 0 62797 0 62797 0 62398 62637 62408 0 62797 0 62797 62205 0 63554 63356 0 63087 0 61223 61202 0 62797 62125 0 63087 0 62797 62205 0 63087 0 62797 62125 0 62797 62125 0 62797 62125 0 63087 0 63087 61785
61202 0 62794 0 62205 62968 63922 0 62527 0 62205 0 63592 0 62877 63779 61266 61293 18805 61265 61749 0 62893 61223 16712 62076 61274 50556 61260 140 11701 61202 62663 63251 0 62398 62862 62234 61974 62323 61977 0 63377 63487 61266 62890 62323 24842 52 2906 8335 62868 40574 61266 62323 61325 52 2906 8335 62868 40574 61785
61202 0 62794 61223 63548 62521 61749 61245 8787 3494 40644 62829 62745 0 62480 0 62757 63548 62521 61223 62076 63690 0 63102 0 61749 0 63733 62986 61223 62484 62408 62103 61977 0 63802 0 61749 0 62776 0 61749 63776 62338 0 61223 61202 62484 62408 61977 63240 0 61749 0 62776 0 61749 63776 62338 61785
61202 63101 61251 18805 0 62648 62408 63671 0 61749 0 63354 44707 63101 0 62716 0 61749 0 63354
61202 0 61251 15682 0 62797 0 61969 62126 61749 0 61202 0 62756 0 62125 0 62797 0 62076 61245 8787 3494 40644 0 63737 0 61202 0 63482 63294 63009 0 61749 0 61785
11611 26351 62853 0 2811 62380 61223 8914 61350 62076 62494 63547 62299 62850 0 49089 63208 63026 0 63316 62794 0 61749 0 61785 13125 0 63015 61931 61249 5316 62258 35924 0 61749 63420 63015 61223 63148 61931 0 63355 0 61749 0 61749 0 61785 61202 63015 63375 61931 0 61749 0 61785
61202 0 21929 63869 0 62591 62240 61223 0 62801 0 61974 63313 62258 61980 62710 61749 63844 0 61266 63776 62796 62323 61977 62774 62288 61969 63253 62398 62311 0 62364 63961 0 63202 63356 61749 62323 62897 62258 62802 62311 0 61931 63253 0 63202 63356 62364 62802 62311 61265 23152 0 62076 0 62299 61749 0 63589 62205 0 62560 61980 0 61223 61202 62824 63712 61980 62176 0 62364 0 61749 0 61749 0 62338 61223 61202 62982 62114 63096 63032 0 62480 62364 61977 62831 0 61749 0 61749 0 61785
61202 62392 63969 63086 61245 8787 3494 40644 61202 62392 63969 63086 0 63733 62986 63620 62205 45684 0 61977 63240 63420 63967 61223 62527 62794 0 63102 63087 62430 62518 63766 0 62527 61974 61980 62710 61749 62430 63504 61223 62392 63256 0 62075 62737 63279 63691 63128 63842 0 61749 63469 63240 0 63646 61785
61202 63253 12613 61247 61202 62959 61274 50556 61260 140 11701 61749 0 62984 62430 62791 62862 62234 61974 62323 61301 63278 61749 0 62984 62430 62791 61749 62663 63251 62205 62824 0 61266 0 62521 62663 63251 0 62877 61265 61749 651 61256 62316 61325 62662 61223 651 61256 62316 61325 62662 61249 62380 61223 651 61256 62316 61325 62662 61312 62380 61785
61202 0 63671 62205 0 63087 62797 19374 61749 61202 0 62075 61977 0 61749 61274 8131 61202 62688 62030 63684 62364 61274 8131 61202 0 61202 0 61202 0 61202 0
463 2071 61202 0 62794 61245 8787 3494 40644 0 62449 0 61749 63224 62759 61223 61969 63184 0 62076 39528 0 62205 0 63935 61749 0 63184 0 62205 0 63184 62749 63746 61969 62544 61223 61202 63253 0 63102 0 63102 0 63075 0 63075 0 61749 0 62627 62303 63083 62863 61223 61202 62408 0 62961 62928 0 61749 0 62961 0 61266 63398 62558 63554 63356 61265 61749 0 62961 62928 0 61266 63398 62558 63356 61265 61749 0 62961 0 61266 0 61265 61785
61202 62982 62114 0 62716 62126 0 62103 61977 0 61202 63473 0 62716 0 62791 62297 61202 0 62716 0 62458 0 61202 0 61202 0 61202 0 61202 0 61202 0
13125 62591 62629 62628 63522 63253 63333 63570 62661 61980 0 62364 0 61202 63015 63375 61202 63015 63375 61202 62517 62176 16934 16712 0 62364 0 61202 63281 62523 22268 61974 62825 61223 61202 0 62801 62076 0 62299 0 63009 62364 0 63598 0 63009 62364 63281 62523 61931 0 61223 61202 42043 63343 62853 61749 63869 0 61785 61202 62982 62114 62176 63276 0 61977 62831 0 61749 0 62338 61223 61202 0 62480 62364 0 61749 0 62338 0 61749 0 61785
13125 34737 48657 62878 62982 61969 61749 0 61931 61202 62824 63877 63816 63025 62258 0 63281 63313 62258 0 63685 61223 61202 63473 62076 63630 0 63398 0 63636 62398 61223 61202 62959 45684 61969 61749 62947 63279 61223 61202 63473 0 62075 62737 63279 61223 62392 63256 62878 62982 62114 62075 62737 63279 61223 62392 63256 62878 62982 61749 0 61223 61202 0 62075 0 61749 0 61785
61202 63180 63180 40244 0 63601 62518 63182 61266 63180 40244 0 63601 62518 63182 769 61202 63201 62794 45684 63243 62545 0 62299 61223 62862 62234 61974 27272 63502 0 61785 61202 63180 62823 62984 63182 61266 61234 61300 18262 61216 3233 61309 3363 14234 1055 61265 61785
61202 62902 62458 63091 62076 0 61202 0 62716 0 63282 0 61202 62801 62827 62902 62458 63091 62076 0 62299 61223 61202 0 61202 0 61202 0 61202 0 61202 0 61202 0
2098 61202 0 63862 0 61749 0 63733 62986 61749 53893 0 61993 0 62776 62205 0 62776 0 61223 0 62076 0 63398 0 62797 0 63281 63084 63294 0 62950 62648 0 63862 0 61749 0 61223 61202 63597 0 63862 0 61749 0 63462 62986 22268 0 61749 0 61223 0 62801 63096 62571 0 62648 0 61749 0 61223 63473 63131 0 62648 0 61749 0 61785 61202 63096 62571 62801 63131 0 62950 62648 0 61749 0 62691 0 61223 63473 0 62075 0 61749 0 61223 63473 63096 0 62950 62648 0 61749 0 61749 0 61785
44707 63101 0 61974 0 61749 0 61202 63245 62716 16712 61749 0 62205 0 63277 62544 61202 0 62716 16712 61749 0 61202 0 61202 0 61202 0 61202 0
61202 62880 62176 61931 61223 16712 61749 63844 0 62076 0 62299 61980 0 62527 61974 62910 62893 61749 63333 63570 62205 63333 63570 61223 63473 0 62076 16712 61749 0 62893 62299 0 62910 0 61223 61202 0 62801 61931 0 62075 62449 0 61749 0 61749 0 63138 62893 61223 61202 63131 62075 62737 63279 63691 63128 63842 0 61749 0 61223 61202 0 61223 0 61223 0 61223 0 61223 0 61223 0 61223 0 61223 0 61223 0 61223 0 61223 0 61223 0 61223 0 61223 0 61223 0 61223 0 61223 0 61223 0 61223 0 61223 0 61223 0 61223 0 61223 0 61223 0 61223 0 61223 0 61223 0 61223 0 61223 0 61223 0 61223 0 61223 0 61223 0 61223 0 61223 0 61223 0 61223 0 61223 0 61223 0 61223 0 61223 0 61223 0 61223 0 61223 0 61223 0
61202 0 61202 0 61202 0 61202 0 61202 0 61202 0 61202 0 61202 0 61202 0 61202 0 61202 0 61202 0 61202 0 61202 0 61202 0 61202 0 61202 0 61202 0 61202 0
61202 0 61283 7149 63243 62545 61969 62544 62076 63845 62587 0 62558 0 62950 62159 0 61223 62392 61980 0 63009 62364 0 61969 63208 0 61749 62811 62527 61223 61202 63131 61969 63208 0 61749 62555 62735 0 62392 63256 62892 62527 62523 62392 63256 62515 53263 61969 62544 61749 62663 63251 61223 63473 0 62950 62159 0 61749 0 61223 62392 0 62515 0 61969 63208 0 61749 0 61223 62392 63256 0 62950 62159 62408 0 61969 63208 0 61749 0 61223 62892 62527 62523 62205 53263 61749 62663 63251 61785
61202 0 63087 62797 61202 63202 0 62811 0 61749 62980 63367 62205 0 63554 0 62797 62075 6953 61350 61749 63202 0 61339 61202 48657 0 63567 62299 61749 62980 63367 62400 63101 0 61749 63669 63268 61223 61202 0 61223 0 61223 0 61223 0 61223 0 61223 0 61223 0 61223 0 61223 0 61785
61202 62878 63844 0 62398 62567 62238 61749 61245 8787 3494 40644 0 62661 22268 0 63009 63281 62523 22268 62562 0 61223 61202 62982 62114 62661 61980 0 62480 62364 0 61749 61245 8787 3494 40644 61785
1003 61267 61216 151 48659 62392 62297 61749 0 62484 62523 61749 61237 65 1978 511 61575 61293 48659 61202 62408 61293 48659 61202 0 63310 0 61749 63420 63015 0 62075 0 61749 62615 63758 61579 62205 61575 0 62486 63770 63588 63361 61223 61293 48659 31807 61931 0 61749 0 61579 61202 62476 61223 61575 61260 24587 2735 61579 61266 61293 48659 61265 62476 61223 61575 61293 48659 62075 21929 0 61749 0 61785 61579
61202 0 61977 0 61223 62515 63046 0 62797 61228 0 62756 0 61749 0 61223 0 62523 0 62076 61245 8787 3494 40644 62868 62299 0 61749 0 61223 61202 62408 61974 0 62075 0 61749 0 63961 0 61223 62392 0 62408 61974 0 63906 62865 63758 0 61749 0 61223 61202 62982 62114 62413 0 62521 0 61749 0 61785 61202 0 61223 0 61223 0 61223 0 61223 0 61223 0 61223 0 61223 0 61223 0 61223 0 61223 0 61223 0 61223 0 61223 0 61223 0 61223 0 61223 0 61223 0 61223 0 61223 0 61223 0 61223 0 61223 0 61223 0 61223 0 61223 0 61223 0 61223 0 61223 0 61223 0 61223 0 61223 0 61223 0 61223 0 61223 0 61223 0 61223 0 61223 0 61223 0 61223 0 61223 0 61223 0 61223 0 61223 0 61223
16621 61749 63758 63432 57104 31807 0 62364 63313 62750 61749 62628 63522 61223 61977 62745 62124 62742 61223 62788 61931 0 61749 61931 61223 61202 63281 62523 0 61749 0 61223 61202 31807 61931 16712 61749 62615 62297 61749 0 61749 0 61223 61202 62688 63709 61931 16712 61749 62767 62075 62737 0 61749 0 61785
61202 0 61202 0 61202 0 61202 0 61202 0 61202 0 61202 0 61202 0 61202 0 61202 0 61202 0 61202 0 61202 0 61202 0 61202 0 61202 0 61202 0 61202 0 61202 0 61202 0 61202 0 61202 0 61202 0 61202 0 61202 0 61202 0 61202 0 61202 0
463 2340 61202 63676 63735 0 61749 0 61993 0 62205 61980 63432 63647 61749 62394 63997 63469 62958 0 63390 63090 61749 60482 60286 0 63390 63090 61749 0 61223 62076 62394 0 61749 63249 63837 63010 61749 63194 63689 0 63802 63851 61974 61977 63003 61749 0 63390 63090 61785 61202 62392 63256 0 63390 63090 61749 0 62205 0 63390 61749 0 63390 0 61785
61202 62982 62515 60482 61969 63184 0 61980 0 61223 61202 62892 62527 61251 7583 61749 0 62486 0 61223 61202 62982 62114 63096 63032 0 63009 62364 62103 63240 63224 62574 61749 0 63851 63235 61785 61202 63096 63032 63026 0 63009 62364 62103 63240 0 61749 0 61785 61202 62982 62114 63096 63032 0 63009 62364 0 61749 0 61785
61202 62408 61974 62825 62833 0 61749 0 63876 61202 63253 61786 0 62933 0 61202 63084 62364 0 63628 0 61749 0 61223 61202 63669 63268 62591 62629 61969 0 63009 62364 0 61749 0 61223 61202 62982 62114 0 61974 61977 62831 0 61749 0 61223 61202 0 61223 0 61223 0 61223 0 61223 0 61223 0 61223 0 61785
61202 0 62234 0 61749 63092 43131 62815 61969 0 61256 0 20215 0 61265 61202 0 62705 0 62824 63877 0 63685 0 61223 61202 62982 62114 0 62705 62824 63877 0 63685 0 61749 0 61785
61202 48657 62076 0 63879 62398 62075 61749 62663 63251 61223 61202 63015 63439 62518 63624 61749 0 63355 0 63281 62823 63351 62075 62737 63279 63691 63128 63842 61223 61202 31807 0 63822 62738 61749 0 63944 61202 0 62076 0 62299 61749 63004 63584 0 62983 63783 62738 62408 61575 0 62757 61579 61749 0 61223 61202 31807 62517 62176 0 61575 0 61579 61977 62739 61749 61575 0 61579 0 61785
61202 48657 0 63671 62811 63356 61223 63686 63102 29184 57420 62591 62629 0 62776 0 61749 62663 63251 61223 62392 63256 0 62075 62737 61749 62663 63251 61223 62392 63256 0 62950 62159 62663 63251 0 61223 62392 63256 63253 63469 63240 63443 0 62205 63469 63240 63443 0 62205 0 61749 0 61223 29184 0 62480 62364 0 62984 62430 62791 61749 0 61223 63473 0 62480 62364 0 61749 0 61223 63473 0 62075 62737 63279 63691 63128 63842 0 61223 62392 63256 0 62075 62737 63279 63691 63128 63842 61785
61202 62408 61974 0 62627 0 61749 61245 8787 3494 40644 61202 0 62650 61786 61202 62527 61274 50556 61260 140 11701 61228 27040 61247 61749 0 62811 62527 0 61749 0 61223 61202 0 62075 0 61749 0 62776 0 61223 0 62480 62364 0 61749 0 63779 61785
61202 63375 62849 61223 16712 0 62705 62408 61974 0 62910 0 61223 61202 62408 61974 62825 62833 62103 61977 63003 56662 61202 62880 62176 63253 0 63087 0 63087 0 61749 0 63973 61223 16712 0 62705 0 62480 62364 0 62705 61785
61202 0 63102 0 62797 0 63444 63630 0 62076 61245 8787 3494 40644 0 62627 62303 61749 62829 62745 62862 62234 61974 61974 61974 62825 0 61749 62628 63522 61223 62392 63256 0 61974 0 61749 0 62628 62960 61785
61202 0 61202 0 61202 0 61202 0 61202 0 61202 0 61202 0 61202 0 61202 0
61202 62408 62297 0 62627 62334 61223 61253 35 515 72 2498 789 62076 651 62258 62662 61266 16584 62258 62662 61265 62381 63466 61749 0 62290 0 63096 62571 0 62695 63177 61223 61309 62316 61993 61309 41734 62316 61993 11266 11980 61312 62316 62205 13738 62258 63281 0 62392 62299 61749 0 62316 62893 61785 61202 0 62984 62430 62791 61749 0 62316 62893 62408 61309 62316 61223 61309 62316 61223 61309 52 10884 0 61993 11266 11980 61312 62316 61785
43131 12613 61247 61202 0 63087 62797 62804 61974 62591 62629 61749 0 61223 61202 62688 63709 29184 0 62853 61785 61202 0 61223 0 61223 0 61223 61202 0 61223 61202 0 61785
61202 63253 62398 62311 62205 62878 62398 62311 0 63460 61749 0 62776 0 61223 62515 61245 8787 3494 40644 61749 0 63936 63420 63015 61980 63355 0 61223 0 62801 61931 61980 16934 61749 61245 8787 3494 40644 61969 63074 63010 61749 46153 61223 62788 62076 62802 62311 61749 61245 8787 3494 40644 0 61969 63074 63010 61749 61980 16934 61749 62663 63251 61223 62788 22268 0 62480 62364 0 61749 62663 63251 61223 62788 22268 0 62480 62364 61223 0 62075 62737 63279 63691 63128 63842 0 61223 63473 22268 0 62480 62364 61785
61202 0 62364 6241 61350 61749 0 61223 0 62801 62075 0 61749 0 63758 61223 61202 62982 62114 29184 0 62076 0 61749 0 61749 0 62843 62398 61223 61202 29184 0 63086 0 61749 0 62776 0 61223 61202 0 62075 0 61749 0 61785
13125 62831 62663 63251 61969 62114 61749 62628 63522 61202 0 62075 0 61749 0 63944 0 61202 0 61749 62628 63522 61202 0 62076 0 62797 0 62797 63850 0 61749 0 63005 61202 0 62076 61977 62589 0 61749 0 61223 61202 0 62797 0 62797 0 62797 0 61749 0 61223
61202 62392 62297 62408 45053 62545 62124 62030 61266 63776 62796 0 62648 0 63428 63398 63671 63075 63671 63075 62797 0 769 62323 63125 52 63575 63886 61749 0 62691 0 62076 61245 8787 3494 40644 0 63009 62364 61969 63208 62398 63074 63010 61223 61202 63084 62364 0 62408 0 61969 0 62408 0 63009 62364 0 63009 0 61969 62544 61749 0 62811 62527 62794 61786 61223 62392 63256 0 62794 651 61249 62316 62392 63256 0 61749 0 61969 61223 62392 63256 62878 62398 0 63009 62364 0 61749 0 61749 0 61785
61202 63101 61251 18805 0 62648 62126 61223 13125 62258 0 62338 62413 63599 62865 0 63102 63087 62159 63004 0 61749 62662 61223 43131 62075 3396 43210 61749 0 62853 0 61223 61202 62688 63709 16712 29184 0 62480 62364 0 61749 0 61223 61202 62982 62114 0 62480 62364 0 61749 0 61785
61202 0 62205 0 63087 62797 0 61749 0 63282 61266 62757 63548 0 61749 0 63282 0 63281 62323 62897 0 61749 0 63282 61265 62205 0 63515 0 61266 62381 61977 0 61749 0 63515 0 63281 62323 62897 0 61749 0 63515 0 61265 61202 63281 62323 62897 0 61749 0 63429 0 61266 0 63075 0 61265 61785 61202 0 63075 0 61266 0 61265 61202 0 61749 0 61266 0 61265 61202 0 61266 0 61265
