140 50556 61260 61223 21095 28775 24576 463 319 49207 61216 45575 1881 140 11701 61223 35764 3996 61383 549 617 2896 42977 15271 2249 16550 4286 61228 217 16441 30267 4225 388 1660 39337 21292 5608 61223 40305 16284 7694 1170 11790 26595 337 549 440 11790 26595 1170 11790 26595 337 549 440 11790 26595 2349 61580 61223 17067 40305 6611 27431 30267 21292 5608 61216
1667 61961 388 31666 3306 241 39519 195 3385 600 459 922 21634 290 61333 337 1544 290 421 61240 61223 17067 43008 14423 6611 61223 2032 37515 45066 2097 41865 1881 43892 600 61235 25184 17945 337 14250 4031 61272 5608 32667 30637 61223 241 18050 50769 3385 26440 1658 61223 44584 546 61238 51570 600 322 15550 61223 1046 61580 61600 61223 938 382 342 426 1127 38665 2410 543 61316 9118 61223 1153 61316 61313 1127 9077 14401 45450 543 15725 61223 216 1450 3052 21768 1127 38665 45450 543 2097 337 3746 426 61238 61223 2526 993 1545 61423 45234 549 46030 5388 61349 61223 549 46030 5388 61349 61223 731 382 5073 5608 2410 543 61316 9118 1557 73 8787 3494 40644 34863 14660 414 56902 20149 4240 58618 1660 6427 44584 9319 58618 1660 8031 35804 11900
201 61591 318 15618 322 20385 61535 61816 61567 56499 93 62626 61535 61816 61567 56499 61265 27262 343 1326 47643 30267 21292 5608 32781 658 18972 388 3566 33336 61268 337 42033 14586 42593 6395 60510 61223 722 13690 3385 43434 61272 19508 1299 241 33336 343 61423 1709
7513 465 24724 8753 56161 5836 4706 38301 16647 24589 3306 4706 2034 1184 1658 549 13565 61216
2438 5490 4810 8294 25678 8665 51513 4706 39345 1881 45486 241 19085 50048 1303 33994 965 9077 3251 26312 61238 290 42593 6395 7640 337 20203 265 33963 42593 6395 7640 1303 33994 965 9077 5608 1928 61279 3306 1557 53984 16912 61223 658 30976 61272 61223 2032 549 464 24149 954 414 24537 22228 3769 61263 61223 18979 29645 61216
1321 4975 10127 30267 24451 931 140 50556 61260 140 11701 337 47568 5608 5760 290 25471 5608 24451 931 32733 27885 7593 954 27218 61310 14586 41708 922 4706 13053 19822 2468 30633 27431 21449 2468 13106 30063 61272 414 416 5812 183 2174 5935 241 549 617 2896 61216
1667 61961 388 731 61541 1750 1768 21251 15720 58160 22228 4706 17786 61223 20893 61223 29988 948 33336 3238 61223 11411 6611 54105 27218 61310 5608 40906 61333 61223 6025 2099 4652 61398 1331 61216
201 51523 7421 61275 29409 61223 4754 61223 414 5082 14401 61223 549 2034 265 4557 414 993 843 337 549 2034 265 4557 1347 57809 922 3769 5486 922 61223 36530 2032 1415 45903 1661 363 57809 61238 1732 4976 465 3832 5608 21059 61243 2599 658 18972 370 12850 21750 29431 426 61223 10150 54609 40656 56807 17945 2410 543 13992 1709
201 61591 57809 61423 24198 61423 61223 49652 43892 600 61235 25184 17945 331 25184 936 993 17414 1814 10498 61223 2032 12078 549 35213 936 58296 4933 195 28617 43512 24222 37356 61275 58619 7640 61223 337 3769 382 4880 1299 13695 61223 2032 241 31666 322 1347 9043 32113 11411 41611 59897 19591 61423 24451 10238 61223 19845 18603 6427 331 20335 1180 10825 61423 10552 16684 14660 658 7272 1910 342 1557 42977 7282 8620 1881 1709
11111 5569 20687 3306 17414 31070 459 21251 15720 61223 464 4652 61398 54029 50618 61223 16550 4286 13899 9576 61279 11157 61216
201 61810 2058 9576 22814 21095 15550 20823 61275 4315 23071 20607 3251 24593 10825 61282 14213 731 549 50278 24724 42593 6395 7640 11411 6611 21991 61563 382 26565 53192 41296 5748 61223 1151 42593 6395 3306 61223 464 9814 459 61272 19508 1557 4023 12869 5579 1660 6427 464 2157 459 61272 19508 1299 195 2354 967 61223 1347 18033 36558 4706 22918 42593 6395 7640 61223 32733 1347 18033 554 936 4315 23071 20607 5608 27218 61310 5608 55831 61223 1732 893 771 296 35890 61223 10150 3001 1732 893 771 296 35890 61223 10150 3001 13565 28617 421 2912 51553 1709
201 61580 426 21142 459 8294 12403 1732 465 8667 61223 337 54609 40656 41898 10827 30689 414 21796 9077 3498 41708 61423 1709
19350 600 1345 3206 61243 5608 54129 13913 388 17051 414 49749 61238 2121 24537 4023 21561 3451 3306 61223 17067 549 25678 12869 2548 8028 26582 922 4706 25002 343 722 35228 9728 61272 3251 21991 61563 382 22405 1153 265 27600 16260 241 44610 41325 56297 2146 5626 620 20437 61216
1667 3379 15618 290 58791 7513 5109 20437 658 18972 421 4260 33336 3238 241 7513 5109 20437 61223 658 18972 421 61202 35230 931 337 32287 6208 61223 337 1303 1947 370 20651 658 7272 60861 1433 61243 45148 11440 2070 658 1814 10498 922 2121 21676 1433 61243 26595 41268 61223 722 13690 658 7272 5486 17051 241 658 61275 5358 61223 17067 20564 658 18972 3306 61216
201 61567 331 15345 12625 5272 10963 84 61249 61251 61249 2146 534 2014 217 61223 787 61580 61665 34863 31475 32808 8194 1470 543 3451 12625 241 5760 2470 5760 2470 61303 4061 2146 4463 290 61216 201
201 61567 61235 4260 61383 38109 12052 37643 44053 543 28584 337 2603 265 5082 33725 322 42593 6395 15333 13565 4566 11983 342 9131 18946 33026 8035 3052 3996 414 24593 15725 61223 5554 965 61238 337 7866 290 2097 1709
7459 15558 4319 73 8787 3494 40644 4260 20424 1257 4004 61243 61216
1667 61591 843 4004 195 22222 61223 241 1151 6010 17847 241 18517 2249 13690 36965 21905 241 61202 936 15653 18615 15287 843 55390 56297 61223 195 22222 10150 25270 12084 45416 21991 61563 382 26565 21292 5608 45575 1881 11900
201 61593 61235 6929 2146 3196 4225 23649 731 620 61223 1151 1557 5082 61398 322 7682 337 2121 21231 954 1709
11107 37193 13690 8552 38602 658 42033 19697 61513 35393 1814 2157 266 7640 6427 7563 23287 18603 6427 996 37212 61228 57001 2312 2695 4061 61216
16734 266 1768 3306 8665 8028 343 241 24011 4315 23071 20607 3251 24593 10825 337 1347 21142 57452 18162 27868 24593 10825 42593 6395 7640 61282 1347 7635 4933 195 53984 1482 922 337 42593 6395 60510 337 38301 817 954 8028 343 241 24011 4315 23071 20607 3251 24593 10825 61216
201 61591 549 1447 965 19508 61161 10825 61423 61223 52463 3498 195 682 61162 58211 14586 73 8787 3494 40644 2146 322 2719 922 61223 549 13565 55390 459 342 47472 24724 24324 10238 731 1947 534 1947 61272 19508 41268 241 6443 543 6427 241 1545 363 58 19832 61228 61245 8787 40644 241 1545 363 61223 38814 546 241 57926 1433 61243 11165 20564 1303 61333 4976 936 241 830 41090 3498 2468 13106 4663 61423 51570 817 41268 195 1544 61796 61596 1709
7771 421 61243 241 4254 18467 61366 21693 195 7618 534 61316 893 12683 61216
1034 342 2070 61238 2349 61580 337 13899 600 54158 30267 55390 617 3832 5608 53227 549 34863 14660 19085 4976 936 331 18050 61223 2032 37038 9077 5608 33402 24207 21292 5608 34863 14660 938 659 23224 936 61216
1008 57926 21504 47194 13565 37543 342 331 15237 5130 61275 15237 5130 1660 61216
1667 61580 426 500 15618 290 13095 55993 4319 18632 30633 1299 61223 658 4092 2070 370 27800 61238 1557 720 18862 5168 43323 3498 331 15594 600 61272 61223 52463 3498 195 1046 61627 61591 61665 61600 40644 241 21634 290 61238 61223 20564 241 21634 290 61238 61223 24335 3379 61301 1661 31767 61235 13025 27218 45241 20564 658 13928 4319 370 936 61223 10055 49817 13565 2127 1533 1881 61223 24335 20564 658 8433 2020 3306 21324 61309 1661 31767 61235 13025 42593 6395 7640 61223 722 658 29834 13317 1544 6881 61223 24335 20564 658 8433 2020 3306 19029 61309 1661 31767 61235 13025 42593 6395 7640 11900
201 61810 24537 16665 993 5592 26582 2312 9191 5748 61223 241 38637 14731 24324 10238 61223 549 12926 61243 2719 414 996 37212 61228 57001 1814 617 3238 61223 7682 993 1545 61423 45234 1303 50565 421 1184 7629 1709
11737 11974 18979 464 5748 954 21750 12442 931 337 54609 534 8294 35664 26911 2146 18467 1732 61055 11974 6208 7682 61223 549 35664 534 8294 2146 18467 61216
201 61591 46160 1345 3451 322 4706 2034 1184 1658 61223 4076 8028 771 61223 241 2526 61263 3069 459 7629 11489 61423 6427 3385 11394 7629 2121 1326 421 61223 26847 28677 421 2014 1184 7629 241 7563 23287 12615 4706 2034 1184 1658 1709
201 61569 8104 3052 61268 52 3001 3064 554 2599 61383 2575 290 342 61228 217 1184 2108 3832 61223 2526 3001 549 24577 3064 15594 61223 4706 17414 15016 464 61228 7272 61407 315 2190 26153 4810 7629 1257 10700 4286 13913 5486 4933 33510 12442 931 993 1328 43253 2747 24608 35786 61223 195 9283 61275 3001 37516 659 9750 61223 2032 35764 3996 61383 3746 2150 61279 938 1947 3385 61313 2599 43523 61223 337 658 29834 3385 24948 25598 8160 954 993 2831 2020 22278 61243 61223 10150 3385 8753 3178 2108 954 722 8104 440 965 61216 201
201 61596 342 2070 61238 44176 658 7272 60861 6427 56902 20149 342 46030 1474 421 7136 1532 15550 7421 543 7640 61223 3750 11307 337 10801 265 61477 4706 1732 4305 13607 241 49949 342 658 4092 2070 29699 5608 44140 61235 936 61223 6427 56902 20149 342 46030 1474 12869 2548 1709
201 61600 61235 61240 61423 2301 1533 61272 21251 15720 996 217 10025 45148 938 382 217 817 1184 5266 93 9164 61207 61314 769 38814 61223 40633 3385 44075 48037 546 61238 6010 543 61316 8346 14401 2410 543 61316 9118 61223 337 27318 61223 26847 13317 2468 217 1184 7977 33837 659 3832 2410 543 61316 9118 260 61349 5626 1881 1709
201 61567 61569 61763 61567 61228 23419 61314 3598 2034 1184 61263 61223 73 8787 3494 40644 93 61593 61235 382 217 817 1184 61263 28186 2410 543 61316 9118 778 8335 29715 4023 322 17478 6647 8194 2410 543 61316 9118 61513 61223 24324 2097 33476 440 241 9752 26565 241 4537 38386 778 61311 10963 19212 1303 8737 343 241 1008 61294 5626 315 61223 49771 2058 61383 61223 241 21634 290 61238 1709
1667 61591 843 4004 195 22222 61223 2121 500 1055 8980 2121 118 9612 61332 60513 9360 58619 7640 73 8787 3494 40644 58619 7640 61223 17067 549 20564 658 363 2070 33773 23224 936 241 13095 265 23645 61223 464 57323 18615 50618 2121 24537 13565 56081 342 37515 45066 26412 41865 2097 43892 600 61235 25184 17945 1709
201 61671 61235 965 55993 4319 2526 22031 7563 23287 51293 331 1947 459 5836 93 61535 61816 61265 2450 1447 2121 61228 1345 9621 549 2514 61532 3566 543 948 440 1557 266 26202 61223 2450 1447 549 993 5592 1881 42033 8612 414 4826 543 22405 45450 543 10825 61223 4076 3001 28324 342 241 11440 5109 2096 61228 18682 549 534 6647 3498 8753 56161 5836 61223 7978 15720 549 61294 459 7927 922 241 59472 40436 29392 7563 23287 18603 1709
1008 61161 10825 61423 32733 8552 1180 8665 1489 1689 1910 61238 44446 4023 61563 1482 20607 3251 55390 56297 337 53325 3996 61223 25678 6476 3498 241 22703 14740 61161 370 6208 51570 817 61228 55043 30829 10825 61223 337 241 38734 21095 1846 6611 216 16795 1470 543 3451 7640 61282 241 14615 11165 61282 6172 13899 600 54158 48704 55390 617 2097 658 331 25184 315 6208 61339 17158 55390 617 2097 658 52463 8194 195 22747 922 10624 61275 61228 55043 30829 15725 61275 61339 31936 55390 617 2097 658 13301 17840 61275 296 8762 19106 296 8762 19106 61339 31371 16748 893 6245 61243 9826 830 266 61339 337 19694 3746 266 6812 59352 61216
1667 61591 817 1982 4652 61398 19508 7046 1447 370 5836 6427 8028 3832 51293 658 465 2912 61272 61223 7136 34199 465 195 41540 61263 382 38471 10379 322 1331 8273 61383 993 47568 3498 20639 4810 15731 61223 29441 46743 13317 46030 5388 1415 57809 61423 24198 61423 6427 40979 32544 658 18972 61243 11900
1667 61580 426 43214 28955 6427 1557 43214 28955 37515 45066 15805 43892 600 61235 25184 265 59337 37424 11157 337 56902 20149 3498 31666 7640 61223 52463 3498 195 4023 322 4460 33856 241 24011 43892 600 61235 25184 17945 93 1947 771 1660 61223 3746 40327 337 1975 363 3451 8612 61265 414 36984 35063 554 3498 14250 4031 22031 32667 250 8762 20564 56098 936 4706 801 1442 61256 93 2898 61332 9360 58619 7640 93 290 11568 4663 15970 1709
201 61816 5141 731 10552 14731 1583 426 5074 290 61223 1151 45974 3196 8294 25336 337 3746 459 3064 3385 3346 13441 61223 13053 22814 2468 342 19676 13758 60103 331 47568 13194 464 11983 6208 1709
201 61591 1544 290 421 5358 61223 241 787 19106 61228 62649 4090 5358 61223 42593 6395 3306 2929 382 543 61272 15000 17137 5082 33725 290 930 25375 4880 1299 241 3171 61275 61303 22232 61263 61228 61593 3915 322 35764 3996 61383 549 617 2896 8035 3052 1982 6611 549 9201 61238 463 1661 31767 61235 13025 7163 343 8762 1709
201 53111 3098 61243 14660 658 7272 61243 241 1533 44388 33301 1732 2150 12084 265 4933 296 241 18517 3832 4240 14640 315 61223 337 14213 3385 549 459 10700 51747 322 2548 241 241 18517 61272 1331 61275 44140 42497 61223 49749 61238 44176 549 22085 421 61243 15016 2121 21231 954 7421 543 3306 1709
33457 290 2097 36984 41268 19212 658 6834 1345 217 195 47568 4240 658 61275 931 61216
7391 2526 27274 21059 22212 54608 34688 15000 3346 31042 61383 5585 61216
201 61567 61235 382 5073 61398 195 28251 2468 13106 30063 61272 414 2600 7057 58619 7640 241 55126 4004 1557 734 13520 27943 337 241 55126 4004 1676 47625 27943 195 30640 1447 18406 29292 29188 22222 1533 61275 1433 12591 61275 241 55126 4004 1336 41734 27943 337 241 55126 4004 5786 27943 337 55906 1331 5786 27943 19212 30640 1447 18406 2146 32620 620 41184 93 61263 28780 2014 61333 682 61715 2351 647
201 61580 61238 22213 1947 8762 931 241 11573 61270 7321 61252 5109 337 37515 45066 2097 41865 1881 43892 600 61235 25184 17945 21251 15720 30640 1447 18406 49243 61263 14586 337 24948 54609 40656 9621 1557 10379 322 1331 8273 61383 61223 4256 5082 534 16284 731 42189 5569 61223 16986 61238 4076 260 17519 5608 7421 543 3306 61223 10379 322 1331 28955 241 44140 8195 61423 61223 722 13690 61223 241 48879 61223 296 2599 61263 61223 31919 658 1814 10498 922 56902 20149 3498 44140 61235 13025 1709
1667 61591 1151 17847 4076 331 73 8787 3494 40644 20424 549 12100 35063 36558 61223 2121 13899 600 54158 21449 21292 3498 3385 61333 7593 7629 61223 2032 3001 24576 2410 543 61316 8346 342 337 5760 4092 61279 1085 19249 1184 2249 241 195 25375 315 6208 195 1153 61316 29188 2174 771 13367 61223 722 464 195 25375 315 9044 195 925 61569 61763 61567 337 1034 61816 61763 61567 29715 9201 61238 2410 543 61316 8194 61223 2526 24576 5760 4975 1085 19249 29699 8194 1709
1667 61591 31666 322 27431 21449 8753 56161 5836 241 59472 2468 2912 266 42733 7563 23287 51293 331 1947 459 5836 414 7638 27256 61223 2468 46250 9592 620 414 3385 18237 61243 1689 993 40961 7563 23287 5585 195 27917 19106 29410 61366 3498 8753 56161 5836 38027 2157 5135 1347 11716 343 4920 61325 319 61268 19895 61216 7163 61268 61216
1667 61591 13899 44548 32943 4751 61398 61223 12403 21292 5608 21251 15720 13899 600 61235 1127 4751 14586 61223 337 38027 28677 421 61316 19212 46030 56411 2121 61228 1345 549 2514 61532 3566 543 58811 59352 61223 52463 3498 195 3769 38388 20259 18061 543 1881 1557 10498 43892 600 61235 25184 17945 61223 52463 3498 195 6674 12644 61275 3064 15594 440 1257 7296 1910 440 6674 9485 35605 337 26153 61310 8612 2468 2912 266 59897 61241 13290 7986 3306 61339 4076 16022 20069 48398 5608 21292 5608 11411 15720 61223 12078 34863 2121 21231 954 3385 600 3996 11900
1667 61961 388 53325 3996 20564 55390 459 936 42033 342 10655 954 414 21292 3498 55390 56297 61423 10001 22621 1681 61223 15287 61275 1814 1533 459 25807 16912 2349 61580 337 830 15558 26595 43883 9752 7640 61223 17067 54876 5486 6611 331 38476 5579 843 342 6476 4240 40850 331 1034 61665 61665 337 36984 37424 6812 61423 61223 24335 29645 4286 20639 18324 30584 28617 2070 36803 1303 2157 2484 659 36803 59352 337 18162 22213 2468 2912 266 20564 29410 61366 8194 731 363 3098 421 23224 936 16986 61238 12813 5748 61216
1667 61567 61235 10127 24765 60087 61243 20385 61535 61816 61567 56499 93 62626 61535 61816 61567 56499 61265 24403 36219 2249 21292 5608 42593 6395 7640 61223 658 4092 2070 370 51554 1557 73 8787 3494 40644 338 17067 13945 31860 6611 6674 12644 27218 45241 61223 7136 1474 4628 61241 3498 414 1814 3996 1982 30633 61223 13899 600 54158 21449 61223 29292 24724 61223 2354 61407 15805 337 44584 24724 19845 15805 30423 1913 61423 24593 10825 521 61665 61567 34363 30423 1913 734 5812 3350 722 13690 6674 12644 27218 61310 3498 27218 61310 45241 61223 7136 1474 4628 61241 3498 241 30423 1913 61423 521 61665 61567 34363 30423 1913 500 7909 4625
201 61591 1470 42918 61241 13194 1661 35589 44060 61240 464 18972 30975 2034 1184 1658 13945 44075 1470 42918 61241 241 44610 195 61279 12683 3251 731 61313 771 290 32074 3498 296 543 31046 61216 1008 2034 61252 25074 53574 464 18972 60670 9131 22406 2249 260 15503 4240 37301 61423 19697 2450 61303 388 459 61223 241 6152 12683 1347 12084 1913 15720 331 250 16085 2097 93 61596 769 464 18972 30975 93 61247 61265 337 5760 37759 290 93 61567 61265 41535 61279 38652 5608 1303 322 936 1709
201 61596 342 2070 61238 54635 388 931 337 23274 440 26565 54635 388 931 731 9814 265 421 549 2020 61407 5608 5273 19344 931 61223 337 49749 61238 40979 32544 658 18972 421 26504 19120 1709
6648 5082 465 22918 13053 5388 3498 2468 13106 30063 61272 4706 4023 61563 1482 4061 337 73 8787 3494 40644 1303 5082 931 61216
925 61569 61763 61567 2929 382 217 817 1184 61263 337 720 18862 5168 1846 31189 17824 382 19656 10379 954 30591 938 382 217 817 1184 15731 60406 3832 45821 331 18050 61223 2032 938 382 217 817 1184 61263 61223 52463 6144 195 925 61569 61763 61567 61223 241 41540 61263 382 5630 61238 17847 18632 4319 12869 241 1415 40858 7977 3498 44140 8195 61423 61216
7391 28343 241 830 26073 315 49816 1489 265 61216
21249 1533 14423 7629 61223 2032 331 1947 459 2097 1557 617 21449 26863 10655 954 195 22531 46419 39437 13594 22953 4976 217 13095 6498 61383 21869 1180 4286 241 27885 50048 19597 60510 61216
1667 61921 61294 61355 1331 61223 10150 260 421 50207 717 659 265 23646 4706 25002 21449 33336 21449 42593 6395 7640 549 1814 5168 2662 2249 1328 22278 61243 61223 722 4706 19845 15805 93 61294 1127 4751 3498 61265 33336 21449 42593 6395 7640 3001 549 1814 5168 2662 2249 4088 22278 61243 1709
201 61627 61243 18946 388 3832 9826 1975 2912 2157 61263 9826 1975 2912 2157 61263 9826 1975 21067 4286 61223 9131 22406 51091 241 21533 843 33336 18401 658 61275 931 61223 34863 9131 9173 37015 464 4652 61398 54029 50618 16741 13671 42593 6395 7640 337 9621 43893 61240 61216 1008 38109 5358 33336 41184 27218 61310 9826 20823 620 61223 39556 31406 296 31493 18615 49321 1303 440 771 459 10055 2174 35476 61228 1538 61275 61303 1658 13899 5168 61216
201 61921 61333 3306 61223 11411 24207 37515 45066 2097 41865 1881 43892 600 61235 25184 17945 61223 17067 21251 15720 4826 1482 922 73 8787 3494 40644 195 731 3451 61398 17840 61275 2410 543 13992 61223 25387 3251 6427 260 61349 5626 1881 61223 24948 549 843 61270 6245 342 16372 1345 4933 195 21750 922 59897 19591 922 34274 534 922 1709
201 61591 46516 61238 17847 61223 55390 617 2097 658 4023 61563 1482 33856 1347 6020 1947 9750 195 48291 7524 14586 1303 2548 1768 922 414 1151 32620 5630 61228 55043 30829 370 3832 6144 2468 13106 30063 61272 1709
201 61810 14755 817 954 24694 1947 50207 1557 459 6245 3498 27218 61310 3498 717 659 265 61477 414 53082 27218 61310 3498 37676 10238 61282 1347 25184 1913 954 1347 18033 554 14401 17847 22918 241 39519 195 30423 14740 7421 61294 3495 16647 337 549 21073 893 554 3498 993 2099 10025 4319 370 5836 61223 49949 342 4706 27218 61310 3498 27218 61310 3498 24536 61263 15731 1709
201 61591 25002 543 30591 941 61665 61593 6427 7563 23287 18603 61223 241 7751 10377 61423 24577 57640 35063 554 936 331 38837 61223 1557 266 61263 315 6208 787 61816 61223 24670 620 546 931 315 388 5358 337 720 3434 2157 388 5358 241 7751 10377 61423 1709
11107 53716 23054 954 24897 965 13758 35064 965 4706 19085 16647 59352 414 27431 53574 30423 1913 61423 61223 17156 19676 3498 414 1347 18033 554 14401 1347 18033 554 14401 2468 13106 23646 61223 34130 24207 1299 296 8762 61398 61228 55043 30829 10825 61223 31701 5585 337 44949 61232 10556 61228 55043 30829 370 3832 26595 13301 46273 9621 59352 61223 722 13690 2468 13106 23646 61223 52463 3498 195 296 8762 19106 61228 55043 30829 15725 61275 61216
201 61574 61232 2070 5135 8753 56161 1881 21251 15720 296 31493 14586 61223 60732 7927 922 8753 56161 1881 922 4706 52124 1881 38837 337 42033 8612 241 22953 45810 13095 6498 61275 24222 1127 12615 51695 61223 4023 322 4460 20607 3498 73 8787 3494 40644 1709
1667 61567 2146 32620 620 43512 6674 12644 61275 14615 28738 61223 56081 61241 3498 241 38109 5358 61223 37815 2157 6208 61223 1544 290 421 61240 61223 53791 620 6208 61223 38746 4061 61223 52290 61272 4240 16873 421 241 21634 290 61238 61223 1544 266 315 337 7704 16053 13194 2929 382 543 61272 12615 61223 29134 388 4260 44176 54876 3206 421 464 4652 61398 54029 50618 27318 61149 11900
201 61600 1482 3064 15594 731 534 3996 8665 48695 8035 10791 2097 61223 23369 954 61223 2032 3385 61223 195 22719 61383 40230 61223 3385 993 11716 421 21750 12442 931 296 24608 5491 3098 1709
7771 18406 44584 45690 58618 4286 56902 20149 3498 15237 61407 3498 28575 61223 52463 3498 195 8031 61252 954 61513 731 29449 61223 11411 16284 22588 382 61263 3238 61238 337 37515 45066 2097 37424 4061 61216
201 61961 290 2410 543 61316 9118 29715 2301 2157 938 382 217 817 1184 1658 61223 40633 1347 36219 2249 21655 6010 21796 61383 61223 241 6152 12683 21095 1846 15720 49749 61238 2034 3996 925 61569 61763 61567 61223 1034 61816 61763 61567 337 55883 42745 658 1689 2157 1709
9170 8500 2097 39068 1085 290 948 343 93 61232 2014 290 922 342 61563 690 61265 16684 13053 22814 1303 1947 15725 195 48037 931 922 24324 36439 61216
1667 61596 342 2070 61238 2121 35393 37515 45066 15805 43892 600 61235 25184 265 59337 2468 10791 3832 18603 55883 5630 21251 15720 241 7704 18222 58531 58189 38109 931 61282 414 53082 7421 3418 61532 61333 19676 3498 59352 778 61332 10963 61223 19845 5836 1347 11716 61268 13272 61249 61350 19845 47544 1347 61275 17945 61223 3385 14518 5388 3498 241 55126 1538 61423 41752 337 241 37279 27256 4260 2034 459 14893 617 38471 45450 543 370 5836 93 1345 8753 10155 15550 61275 44584 27731 51570 817 8394 36984 14893 617 38471 45450 543 370 5836 61265 1347 11716 421 13272 54539 241 1347 11716 771 13272 61325 49060 7640 241 1347 36219 51554 241 7704 18222 4818 17356 61423 38109 931 61216
50919 771 54876 3206 342 331 464 39210 6208 241 13095 265 2470 14149 8372 6427 241 1544 61593 61810 93 600 2548 922 61265 4652 61398 1331 6674 9485 58619 7640 241 55126 4004 993 644 27943 93 61263 61275 61216
201 51523 47962 61223 13095 55993 4319 22299 1533 61272 549 30546 6611 1890 543 3306 2121 21634 290 61333 241 38109 1689 93 217 5082 14401 61223 54609 40656 549 61263 3495 28544 25902 1660 658 7272 61243 18946 1910 5836 337 24403 61243 18946 33026 53068 4880 8273 61513 241 9131 1982 61366 14401 9131 1982 61366 1689 3051 22213 1947 266 647
1667 61567 1732 61235 14755 19997 61275 73 8787 3494 40644 12613 61247 337 140 50556 61260 140 11701 20301 421 61202 936 15653 23997 61513 4023 61563 1482 20607 13758 42383 4810 4706 55390 56297 658 56807 21905 61275 73 8787 3494 40644 241 2468 3206 315 61223 337 28338 1303 51437 61268 24072 38020 2249 14825 3560 13695 46419 5585 1709
12937 965 5654 893 343 2929 382 217 817 61232 266 93 61245 8787 3494 1804 8335 61282 6648 51437 61268 464 53048 1331 9044 55390 56297 11524 9728 61383 15000 44053 543 61270 1985 1326 17541 21449 44168 9728 8195 20182 61161 370 5836 337 41243 817 343 2747 3142 61275 21059 8433 61275 337 15675 9077 8194 2871 18465 61243 61228 61569 2651 29104 3142 61275 6648 51437 61268 464 53048 1331 9044 55390 56297 61216
1667 61810 1846 1660 61272 19508 1299 41268 337 9621 43893 61240 20424 56902 20149 14401 241 18517 2097 61223 195 9283 61275 9621 24593 15725 1732 893 771 296 731 61541 1750 61310 61223 9131 22406 6611 12813 5748 61223 52463 5608 195 331 25184 4240 1415 771 1658 61423 337 241 35393 37424 6812 61423 241 31666 322 31970 10624 731 61541 1750 61310 6245 43893 61240 61216
7391 61243 1732 43213 56962 7629 4706 1347 25184 17945 21796 9077 3251 45618 8762 50461 1415 2099 10025 5585 4514 421 9191 6208 61216
1667 61591 843 4004 195 22222 61223 7704 10127 30267 13803 38746 4061 337 51371 15558 39437 43892 600 61235 25184 17945 19212 61162 11974 217 1072 2146 61333 6773 10963 241 38746 4061 14615 61513 464 8684 47437 11642 4240 337 15704 1127 4031 2190 15231 388 61513 1415 38746 4061 11900
201 61665 4460 47567 1345 1557 21231 17556 61223 337 241 1338 13367 44768 241 28386 5082 61313 13690 31428 315 217 337 20191 787 61671 61569 12193 6877 61423 1451 8991 250 61228 61593 61240 2651 61263 337 787 19106 61228 61627 61252 421 5074 38388 61228 61580 61238 421 12052 38388 1709
1667 61591 45473 45974 3196 1470 50032 61240 61223 731 5388 61349 61238 25678 12869 34161 342 620 61223 331 26713 546 6476 6144 2575 44462 3142 922 61161 370 23184 922 241 1276 61241 370 363 26176 10963 61223 4706 3069 24912 954 37794 5608 1303 322 61240 8667 11900
1667 61591 644 15618 322 61223 23963 18632 30633 1299 1415 45903 1661 363 20564 658 8433 2020 3306 33336 18401 658 61275 931 61223 241 38637 241 45968 24198 61423 21095 1846 421 1814 36452 61243 5608 1415 40858 26202 337 241 1339 24198 61423 47568 5608 1415 40858 7977 8612 61223 2121 38637 658 4092 2070 12869 836 3396 1661 31767 61235 13025 41268 337 48488 617 1947 11900
1667 61627 1947 459 7629 61223 2032 241 5760 2470 5760 30063 61272 13594 21890 2150 51553 195 2526 5168 922 57255 1955 2456 40861 48291 61252 7640 61223 4076 12078 11411 15720 93 61596 61232 965 388 922 659 61232 722 61303 40937 659 14323 15970 337 22085 421 61243 19222 7939 61272 1689 35393 33402 16284 59352 61216 201
201 51523 47962 61223 46160 61263 2150 61252 1585 61235 342 61644 546 21768 1127 38665 1303 322 342 61223 24403 36219 2249 20069 48398 13758 43172 426 61238 61223 20447 1474 370 61513 25285 61513 6674 30734 61238 20892 50207 61223 993 17315 1913 61513 25285 61513 43172 426 61238 61223 195 265 1985 61513 25285 49213 241 140 8131 61228 1345 35490 25783 140 8131 241 11088 843 363 5551 61216 1321 4571 61272 14586 33426 1846 922 28081 11095 1658 29715 938 2905 39184 6812 61275 3769 382 22405 34161 342 620 1709
201 45857 922 948 1489 2099 61272 61223 21357 58811 4706 1732 28018 1881 241 13899 27274 3069 241 33461 265 5358 2526 22405 1489 465 6427 28378 388 817 61232 20607 3251 7563 23287 5585 61223 33837 13441 421 24948 20447 22814 61223 10150 9131 13928 37414 414 1257 26412 549 12926 8433 6476 5608 15287 5748 93 61235 25184 21905 61223 15287 61275 24589 3306 61223 337 930 61216 61270 5014 549 32733 3069 61532 61333 61263 315 936 996 37212 260 421 546 21768 39337 6427 5767 12527 217 30267 1557 266 5630 1660 931 1709
1008 1975 363 3451 13194 41865 6208 37038 9025 6611 24577 57640 60406 3832 18603 464 464 600 1982 13695 61223 10150 3385 315 1660 930 5082 3996 61238 3385 600 459 296 5760 4092 61279 4061 73 8787 3494 40644 241 1975 363 3451 8612 61216
1667 61591 21634 290 61238 61223 24451 931 1170 1660 265 23646 658 7272 5486 15720 1557 57706 16647 337 10176 6881 61477 4207 10428 217 3306 61223 722 13690 337 10176 6881 37110 61223 49949 342 549 2058 61263 3498 51695 61223 3385 600 2014 954 2121 9621 722 56042 3451 3306 61223 49949 342 549 4747 1474 3832 8194 337 2190 1910 9077 8194 16840 57597 4663 922 1709
1034 61816 61763 61567 61228 61593 61235 61591 1732 40580 241 15704 1127 18467 61513 13127 1982 195 27917 19106 1303 4975 343 14363 36803 331 13057 61398 1034 61816 61763 61567 61228 56499 61591 61216
201 61591 47289 37643 1347 61513 5551 61223 241 1489 15550 2683 6025 15731 10055 27262 6395 3251 2468 30829 10825 35605 61223 27262 6395 3498 241 43883 61303 1479 56982 4061 73 8787 3494 40644 3056 13594 19085 4976 217 241 1489 15550 2683 6025 15731 1709
1667 61665 61241 13453 6812 331 37515 45066 15805 37424 6812 61423 61223 331 61423 370 3306 370 51554 241 1046 61600 61593 61223 11411 17556 16022 414 801 1442 61256 93 2898 61332 9360 14615 28738 61223 2121 38637 54876 3206 421 1046 61600 61593 11900
201 61600 1482 17786 61223 20893 241 32569 61223 2450 61252 2070 1127 38665 9131 13928 28955 4225 26804 9750 41198 61263 4751 9077 8194 61223 2526 241 49749 61423 8753 7852 61272 19508 58619 58189 60406 3832 9025 6611 1347 9043 52539 60640 343 9786 61279 15731 1709
1667 61591 843 4004 195 22222 61223 8368 241 46516 61238 17847 549 20259 363 936 61223 20447 1474 18551 2450 731 382 5073 61398 17414 1153 265 27600 16260 22953 250 61355 14586 21292 14586 4706 44611 61383 47568 3251 1814 61303 4880 37414 6427 24403 36219 954 337 342 6929 61228 3418 61532 3566 2896 25285 61513 60103 414 7601 60103 731 1180 4976 19952 2719 2249 26153 61310 8612 20385 534 11900
1034 342 2070 61238 549 2514 61532 3566 2896 47195 1303 322 936 1347 12084 1913 6611 12100 5490 388 342 27274 2312 61303 421 5358 61316 61228 4092 61241 61263 11018 61303 322 61316 6144 28081 11095 61263 93 13192 61245 647
201 61567 4207 61349 61238 56902 20149 5608 658 7272 3306 13301 1299 9750 296 22222 61223 20893 51747 9750 241 549 459 10700 658 4092 2070 370 51554 44140 8195 61423 61223 2526 57809 61238 44176 1732 48027 6611 9621 241 40978 414 21796 61238 464 20149 61270 931 1709
201 61627 61270 35393 58619 7640 1732 11492 342 27318 2121 58619 7640 93 2335 24326 2335 61301 2980 61325 9360 11411 61268 464 57323 18615 50618 4023 322 4460 20607 14401 464 25129 6427 14250 4031 61272 6144 32667 18149 1709
1667 51523 2108 41708 93 843 554 2599 55390 56297 61265 241 46516 61238 17847 20259 363 936 337 16986 61238 44140 61235 936 61223 24335 37038 9025 6611 22228 14615 28738 61223 34863 14660 35213 936 21095 22814 3064 15594 7046 265 1184 24207 41708 61223 17067 34863 14660 21095 5388 61349 241 1489 15550 7046 265 36803 11900
1008 38109 5358 241 195 25375 315 6208 195 296 771 27594 26090 24576 56098 690 5690 56670 1085 61279 771 382 546 41593 61216
1667 61567 817 1982 61333 37925 2929 363 315 343 464 1433 27801 9044 42593 6395 7640 241 993 843 10055 1557 5627 4031 61272 931 337 1732 3418 363 322 954 1732 3418 363 322 2097 1732 3418 363 322 2097 1732 13785 543 5130 1660 61223 1034 5935 1750 1544 290 421 931 1303 1450 343 1667 315 843 61270 6245 14401 337 1545 965 13758 1347 61513 61316 13758 20892 50207 1863 241 31666 322 658 18972 13607 2929 266 61268 2603 265 5082 33725 290 13594 28324 954 18877 44651 4571 61238 31970 1127 38665 9131 13928 28955 11900
201 61591 61349 290 3206 322 7682 195 1345 659 61223 28457 1658 8294 61223 337 658 29834 1303 5748 954 21750 12442 931 798
201 61665 2099 17956 1931 61279 370 93 61286 61300 61251 4776 36965 363 342 93 61286 61300 61251 4776 438 4378 61223 782 2400 61287
201 61591 40906 11165 52727 11974 5836 337 658 7272 61243 61223 464 1689 61303 1689 1890 543 7640 61223 10150 464 18614 414 22644 414 4747 19822 6427 1732 42348 954 195 41708 61223 16684 3385 17177 617 954 24576 15237 61407 26412 61223 18979 55883 5630 1709
33834 17414 12403 549 534 6647 5608 61228 1532 61279 55449 30267 3750 61310 5109 342 922 39337 140 8131 1470 543 3451 3306 1303 26218 4880 1299 241 9621 52463 3498 38159 6647 3498 61228 6596 61272 8273 59337 319 61763 61535 61569 61423 61216
1667 61567 1686 15618 290 8028 26582 16757 26863 25270 30976 421 658 18972 30975 33336 3238 6427 1732 893 421 7682 241 1545 1479 61223 2121 38637 10563 26863 20564 16986 61238 61223 24335 33336 343 44176 20564 658 18972 3306 61223 722 3149 26863 20564 16986 61238 61223 24335 33336 343 19212 658 18972 290 414 47568 13194 53366 11900
3282 967 24778 5608 14047 1474 61223 18632 9025 24207 241 3769 1910 9077 13194 61228 61294 5630 61275 55390 617 6208 140 50556 61260 140 11701 61223 25002 421 1347 7635 954 2468 13106 23646 58619 7640 61223 13945 31860 16284 2840 61279 4130 61763 61574 61665 61223 241 31666 322 33476 440 1732 3418 363 290 7629 61216
2127 464 61366 2896 7294 7986 31680 1689 61216
1667 61591 61228 7282 954 61240 61423 61223 241 817 1982 46030 5388 3251 25365 1474 61333 1303 5082 931 1415 57809 61423 16026 554 11165 17516 1345 3206 61243 241 1489 15550 17414 31122 459 61223 38027 28677 421 61316 3769 382 35662 17156 7593 7629 296 24576 56902 20149 8194 13803 61275 61223 337 61223 4076 1303 5082 465 337 23274 440 7593 7629 61223 8753 10155 15550 16684 2121 21231 954 11900
201 61591 49749 61423 14615 11165 3001 549 16684 14660 9131 948 61407 8194 61223 33462 61333 3385 7375 322 37606 61270 936 337 731 1180 4976 19952 2719 12850 59741 3832 5608 7046 1447 10825 4706 993 40670 1709
201 61763 61238 543 2070 61282 1890 290 546 382 217 817 1184 61263 118 93 61796 61235 2014 4685 33995 938 382 217 817 61252 61263 61223 15704 56061 938 382 217 817 61252 61263 1321 61245 8980 769 15704 56061 2929 382 217 817 61252 61263 2871 61593 61810 2939 1034 61513 26933 2929 382 217 817 61252 61263 61223 7866 2905 1660 965 61263 61228 1846 1660 965 33995 1394 4207 534 459 61270 2929 382 217 817 61252 61263 2871 61593 61810 2898 27280 1532 388 61263 3706 4207 534 459 61270 2929 382 217 817 61252 61263 2871 61593 61810 3137 24621 967 3238 61238 61238 18244 25074 24765 28265 2150 27274 1545 2747 12683 93 61239 19832 61228 23419 61314 61223 58 19832 61228 23419 61314 3598 769 1489 771 265 5358 388 543 426 61263 1394 4207 534 459 61407 2929 382 217 817 61252 61263 2871 61593 61810 2953 925 4751 5836 7189 2099 5630 61228 61591 61235 2099 46724 1545 2747 12683 61223 2349 61238 382 61294 61232 266 61263 61223 2349 61238 382 61294 61238 266 61263 118 61287
1667 61591 45473 27218 290 1303 2157 61272 19508 1299 59352 241 35393 13899 600 54158 21449 31070 459 61423 61223 195 464 39210 1881 922 241 1034 61593 61810 337 549 21073 893 554 5608 337 549 21073 893 554 5608 14615 61240 337 549 21073 893 554 5608 14615 61240 61223 331 61423 370 3306 370 16284 241 13095 265 23646 61223 21095 1846 24207 241 44610 35764 1180 440 2121 24537 29292 37212 10801 265 23646 337 25678 25449 1331 61238 48061 35063 554 5608 31666 3306 61238 41865 1881 61223 13565 331 2470 265 23224 342 195 3385 61263 1331 61275 1814 10498 922 195 3385 61263 40859 1814 10498 922 1709
20385 61535 61816 61567 56499 93 62626 61535 61816 61567 56499 61265 1347 18033 36558 241 1489 15550 880 57091 11157 61282
1544 16665 2450 731 10552 996 37212 61228 57001 8552 3996 2121 22799 16284 2121 24537 195 2410 543 61316 8346 19697 61513 241 34600 61275 1726 290 315 61236
41198 61263 4751 9077 6144 19797 61263 6834 23748 195 7751 4305 61275 9131 948 61407 8194 6427 61162 58211 8194 1433 18378 61339
1008 843 4004 195 731 1180 4976 19952 363 33544 31428 1846 7629 61223 2032 54499 15550 16898 20607 3251 938 659 39184 4061 195 5760 37759 7640 61223 414 41970 3206 922 1299 414 41708 61423 37676 931 241 140 50556 61260 140 11701 61223 731 3451 61398 2108 61243 3769 382 4880 19697 1732 893 61316 931 51695 61223 25598 61316 363 370 16284 25598 61316 363 370 51554 35605 73 8787 3494 40644 241 549 21073 893 36558 61216
201 61665 241 1151 17847 4076 4706 1347 25184 17945 21796 9077 3251 45618 8762 50461 337 38837 1415 4260 61383 1726 17356 61423 4514 421 9191 6208 61223 1276 36525 61513 29645 4286 1347 21142 57452 15675 9077 5608 39897 600 10377 47195 44692 15345 21796 9077 3251 43892 600 61235 25184 17945 1347 49959 22918 996 421 9191 342 22031 1583 12052 26595 1170 47740 61423 61223 17067 21251 15720 15675 9077 14586 15675 9077 14586 43892 600 61235 25184 17945 922 1709
925 318 14615 42350 61223 56081 61241 14586 241 60405 4758 13194 55390 617 6208 61223 19513 55390 459 16007 25678 15725 2526 22031 938 11307 61216
201 61567 4207 61349 61238 49243 61263 5608 4023 322 4460 4061 73 8787 3494 40644 337 2030 5748 61238 56902 20149 5608 15237 5130 1660 21251 15720 52192 922 61223 16026 459 7927 922 11573 61316 4810 32794 337 34432 4305 922 49652 922 24589 3306 6427 37515 45066 15805 43892 600 61235 25184 265 59337 37424 11157 61223 4076 14893 617 5630 61238 45450 543 15725 61223 1347 61275 17945 61223 44584 19656 51570 817 61223 21991 61252 2070 1127 38665 45450 543 15725 337 1257 61279 61223 1709
201 61600 370 2034 459 996 217 10025 2929 382 217 817 1184 61263 93 9164 61207 61314 61265 93 21073 440 39183 61243 4023 322 17478 3306 61223 39556 21396 3385 61316 3560 1846 2249 2410 543 61316 9118 61265 1709
201 61580 382 26218 414 938 266 8620 48037 546 56807 1913 7629 61223 337 59897 61241 38665 331 3332 15550 46030 1474 43523 61216 201
201 45857 57323 18615 50618 993 1482 4023 322 4460 20607 3251 45618 8762 50461 6427 993 1482 58619 7640 61223 52463 3498 195 14250 4031 43644 32667 250 12683 73 8787 3494 40644 17786 58619 7640 61223 17067 549 20564 3385 14518 5388 61349 241 13095 265 2470 93 2898 61249 8980 2121 3522 11318 3161 4063 46607 20564 3385 1331 58619 7640 61223 17067 7046 4810 6611 331 14518 3306 241 4256 13106 19282 6208 43892 600 61235 25184 17945 93 61665 61593 61810 61265 93 2514 7739 61335 2121 5900 3161 23288 46607 722 13690 241 13095 265 23646 61223 549 11411 61272 19508 241 13095 265 23645 241 13095 265 2470 1034 61593 61810 54160 61242 11958 2121 22093 2335 25215 40777
201 61961 388 2301 15345 61223 21251 15720 18721 2034 459 938 382 217 817 1184 1658 61223 17067 4023 322 35229 1184 6611 38679 61423 5608 2410 543 61316 3996 61282 37884 363 10399 28378 322 426 1127 38665 938 382 217 817 1184 61263 23054 2249 4023 322 4460 20607 6144 1545 2747 12683 61223 26847 35063 36558 4076 1470 2905 61235 12709 61243 6144 996 25380 61232 24765 28378 322 363 388 61263 93 38964 769 337 24576 35063 554 6144 2034 1184 61263 4315 61232 21768 10624 93 37759 61223 4076 151 8646 61265 5013 4090 322 18324 56061 15287 61275 6144 938 382 217 817 1184 61263 93 61293 11701 647
1008 61627 61750 331 26713 546 27806 40833 5266 4706 7563 23287 51293 42308 11974 5836 331 18050 61223 996 29188 41424 49958 8753 56161 4933 4706 73 8787 3494 40644 61339
1667 61591 15618 322 26176 10963 241 44610 4826 543 22031 1814 2157 266 7640 10055 3385 61333 16647 37794 3498 1303 322 1085 61235 13025 2034 1184 1658 58 19832 61228 23419 61314 3598 13317 24324 61241 241 44610 4826 16912 7563 23287 18603 61216
201 61961 250 4706 13695 61223 10150 61223 14213 241 7421 543 322 14568 59401 996 37212 61228 57001 4023 322 4460 4061 61223 1151 4706 28953 10127 21449 8753 56161 5836 6427 296 11103 388 265 936 34863 8552 38602 658 22222 61223 20893 1545 16784 731 24537 1709
201 61580 426 6020 1947 32811 2548 296 9131 948 61407 4240 51978 250 1660 241 46497 9059 47194 464 20149 61270 931 61223 49949 342 241 17786 14615 11165 61223 14213 414 21880 4880 1299 25236 5608 464 20149 61270 931 1709
201 61591 296 8762 61398 14731 38301 19676 3498 8753 56161 5836 4706 722 14363 817 1345 4061 2034 1184 1658 6427 28378 388 1447 659 61223 33462 61333 8753 56161 1881 15231 370 15720 1709
2438 2014 6647 6144 61228 13057 61263 4225 26804 9750 34161 342 620 12625 1326 14312 922 30584 2034 1184 1658 2312 30301 61235 61316 3251 140 8131 61216
201 61591 49949 342 658 4092 2070 370 41611 24198 61423 34863 14660 1732 4976 465 3832 5608 61223 32862 26565 337 29441 46743 5608 7136 34199 931 658 18972 3306 1709
59024 12777 61303 22232 61263 2603 265 5082 33725 61243 54849 22212 5013 4090 8527 4004 5748 8527 61241 61263 337 14775 967 315 426 2651 195 2450 15503 2468 342 19997 61275 3927 16644 61241 4240 7986 3306 337 4315 61232 61366 1447 382 290 61216
11551 4305 45154 617 954 6674 12644 31666 7640 28081 11095 61263 3251 296 8762 61398 8035 32344 93 61293 18805 61265 337 1347 18033 554 6144 4225 61272 61398 241 55126 4004 337 41268 61223 8368 25002 421 25002 48704 45974 14692 241 41143 1928 8667 59352 140 50556 61260 140 50556 61260 93 28780 26712 682 1389 54947
1667 51523 546 37388 61223 195 13899 600 54158 17607 3385 61333 16647 61162 58211 3251 13803 73 8787 3494 40644 241 27431 18401 15287 843 19085 4976 217 39150 266 3064 15594 440 58642 17414 1257 7296 1910 440 1153 265 27600 16260 241 41143 27431 18401 44446 61216 201
201 45857 787 61671 61567 37971 554 33709 61223 7978 30267 337 61313 2599 61223 17067 1347 2099 4880 1299 241 13127 1982 61223 20564 42939 2912 370 936 1709
787 61671 61569 20301 343 3001 37925 10055 13695 61223 4076 13317 13053 5388 38159 6647 6144 241 46160 1345 3451 322 2034 1184 1658 73 8787 3494 40644 51498 337 42189 465 20385 290 58055 61316 61216
1667 61600 61235 1328 15618 290 24576 55200 27218 45241 37970 20564 658 8433 2020 3306 922 22531 2410 61275 4305 61223 40633 19212 20301 290 241 1072 61312 24198 61423 241 44610 6243 342 22405 33336 17607 658 5627 14692 3251 658 61275 465 11900
1667 61816 1910 38814 24140 4286 464 1689 2157 954 18721 1557 617 21449 1890 543 7640 93 217 47962 61223 27318 1890 20622 2121 1046 4207 1447 61270 1947 61240 2121 21634 290 61333 337 39556 21396 722 52454 33995 1890 20622 2121 2929 59263 1585 61240 769 2526 44747 322 331 2099 382 61407 26412 61223 10150 3385 549 20564 296 11103 388 33543 6427 549 52817 2719 954 21750 3769 3206 241 830 26073 315 11900
35382 39150 17945 1046 61627 61591 61665 61600 40644 21251 15720 60532 60404 8753 56161 5836 61223 60979 16284 1008 61665 61929 7563 23287 5585 337 36984 2526 22031 28378 388 817 61232 21449 7563 23287 18603 61216
7704 18033 36558 195 12613 61247 61223 55390 617 2097 140 50556 61260 140 11701 138 4182 283 12706 93 14613 8433 965 13758 4023 13453 19120 331 3051 22213 1947 61241 322 61265 24072 38020 7629 241 44610 331 25184 936 43892 600 61235 25184 17945 241 39519 1347 31475 5935 318 31475 61240 318 1557 7173 10963 61216
201 61591 2929 382 217 817 61252 1532 47878 38931 464 24149 3832 6144 61228 6596 61272 9077 6144 61223 33686 266 61263 21880 6144 140 8131 1326 315 61235 843 61275 1709
1667 61567 56902 20149 4240 4023 322 4460 33856 73 8787 3494 40644 241 13095 265 2470 1732 48027 6611 1326 47643 48704 25270 12084 21905 45575 1881 241 13095 265 2470 337 54608 34688 45148 61161 370 3832 45148 8753 56161 1881 61223 28386 61349 363 61423 4256 1533 20115 370 3832 26595 44611 61383 61223 1732 48027 6611 296 195 382 5630 2190 36965 315 9044 29887 24878 8753 56161 5836 61223 195 22222 10150 3064 15594 2121 21231 954 31666 3306 28386 61349 363 61423 4256 1533 20115 370 3832 26595 44611 61383 1709
201 45857 5490 4810 8294 7682 195 265 2014 954 61223 337 57669 4810 8294 1303 5748 954 21750 12442 931 61223 1814 11974 18979 35664 26911 50748 2450 30063 1709
201 61961 250 55883 5630 549 1303 38931 241 464 600 1982 1557 44949 61223 464 39122 4706 13695 61223 10150 42915 954 4566 45877 12570 61238 45974 14692 61223 13565 2450 1975 363 3451 19697 34674 61223 18632 9025 16284 241 2121 61294 1127 6208 61223 13565 2450 1814 61235 1180 543 217 6427 19335 61349 5630 61238 61223 6427 13565 2450 1975 363 3451 19697 34674 61223 18632 9025 16284 241 61161 370 6208 1709
7391 41940 2249 61223 2032 195 6020 1947 26217 1557 36984 29449 16550 4286 58019 7640 6427 57926 1507 8433 61272 8035 10791 1881 337 54609 40656 1347 7635 1881 241 22299 2157 61423 337 195 265 2014 954 5760 290 25471 195 2354 922 61216
941 1184 61275 61303 20301 61268 3001 37925 241 39519 195 58169 922 27431 17607 720 18862 5168 43323 4240 37424 4061 12193 12571 922 15675 9077 14586 16840 554 42350 61216
201 61763 61232 61316 61228 61279 7251 546 464 1689 2157 61383 21750 12442 931 195 2030 61310 4240 337 1170 2719 54417 1415 58809 61223 337 658 29834 464 2470 2905 21750 12442 931 414 6674 2099 61383 1338 8620 798
201 51523 14825 370 6208 11411 41611 464 20833 3206 10238 938 1450 931 1303 322 1345 61223 241 15347 2097 337 722 14363 817 2014 29699 6144 2034 1184 61263 35213 45821 241 40670 954 241 464 5627 1482 61252 13758 296 20622 1689 1470 61241 1180 1085 250 1085 38388 6427 241 41198 61263 4751 9077 14401 13913 1447 61243 1689 3769 426 3832 3251 464 18972 13607 61216 33834 241 3052 459 241 296 20622 931 61223 2034 1184 61263 4225 26804 9750 549 21073 893 6395 61223 337 7682 1326 14312 620 241 40670 2249 241 938 61263 15555 2014 61513 1709
32268 1982 8294 44692 15345 29441 61263 2157 4758 61243 8612 4706 24403 61243 18946 32113 9059 370 61216
1667 61591 843 4004 195 22222 61223 241 27396 61275 47227 1127 6208 32733 21095 57002 3051 9776 954 414 2312 459 61279 19120 2468 2912 8762 24897 1482 658 29441 46743 8194 24897 25497 241 20447 1127 6208 1975 2912 2157 61263 3251 27885 16647 337 24576 331 2470 265 29699 5608 53325 3996 24897 1482 241 414 19508 27218 61310 3498 41708 61423 11900
17521 363 61477 19656 2929 382 217 817 61252 61263 93 15616 61314 61265 23054 2249 4023 322 4460 20607 6144 22071 61294 241 36157 6812 61423 61216
201 61816 5141 38680 50405 2020 61243 24072 617 6245 5608 44140 61235 936 61223 1151 464 20115 370 23184 61275 337 28953 10127 43512 36903 13562 549 13594 52727 8160 4933 296 11103 388 19591 61275 46944 17840 61275 61223 10150 20447 22814 3001 61223 10150 25678 35892 27733 61228 61235 7272 19282 2097 4706 3385 61333 16647 47568 51695 241 20385 61407 4240 2929 363 61238 1709
1667 61591 1750 1184 61263 1347 36219 2249 1257 10700 4286 17167 61350 296 2929 382 217 817 1184 38388 61223 464 39122 1347 61275 315 370 7629 61223 2032 11449 13690 3385 322 465 2249 2121 1726 4207 2157 61241 465 61223 4583 2032 11449 1347 61275 315 9750 61216
1008 7751 1447 61275 21504 315 24621 967 3238 61238 73 8787 3494 40644 2354 948 1881 549 16020 2912 31896 6427 549 464 2070 61310 771 61216
1667 45857 421 388 546 54876 3206 61268 61223 2032 241 1814 61407 315 2190 14743 4319 12688 241 44610 30316 1660 23184 4315 363 51710 241 5013 61816 61596 61569 61223 5875 61275 7459 265 2651 27292 61223 2032 1667 61272 60639 4061 24576 13095 19508 2312 2695 11157 414 20986 2014 61263 58124 32808 13758 4562 965 5013 61816 61596 61569 61680 337 1667 61816 5141 241 44768 720 18862 5168 43323 3498 37424 11157 61223 1151 151 48659 40762 14660 21095 56411 11900
46483 30637 61238 54129 23054 421 296 36543 771 2150 61252 61270 5608 722 9576 61279 3306 4706 4826 543 22405 1153 265 27600 16260 61223 241 38637 61161 370 23184 61275 34863 56469 241 46879 5358 5760 15555 4092 20607 3498 44140 61235 13025 73 8787 3494 40644 4706 46879 931 46497 4826 16912 61223 17067 34863 54876 3206 954 331 46497 4826 1482 61423 61216
201 51523 2662 61202 936 15653 1913 61333 49652 16684 14660 54499 56411 993 18721 1257 1345 241 549 617 2896 61223 2526 61223 24140 61223 22588 16795 21292 5608 35764 3996 61383 23453 6427 35764 3996 61383 26229 61223 29783 14660 25597 61202 936 15653 2097 2034 5569 61232 3238 1709
1008 61294 56384 33995 1170 11790 51747 9750 241 35764 18061 19110 61263 5358 337 7978 30267 37794 5608 16873 421 21634 44462 241 13095 55993 12615 19110 3196 61423 61216
201 61596 342 2070 61238 15675 9077 5608 61223 25095 1184 1985 24207 61223 337 1170 11790 45148 3750 3996 464 1184 1474 421 1303 1947 8665 414 993 843 61223 21890 4571 33476 2190 29645 658 18972 954 4260 549 2514 61532 3566 543 5748 61238 42860 61333 13607 1709
201 61591 38734 21095 1846 6611 90 7583 260 61349 5626 3832 5608 53192 41296 5748 61223 17067 549 35170 1982 15720 4706 21796 440 45575 1881 52 3001 36121 30267 4023 21561 3451 3306 61223 17067 24948 14660 38301 4976 936 4706 30640 1447 18406 42033 3251 42033 8612 1709
1667 61591 61316 16795 2121 2312 30301 61235 61316 3498 7046 61423 2099 13097 993 4254 8667 465 21449 1347 7635 5836 61223 20823 61275 61223 241 38637 414 13095 6498 61275 3051 61275 620 315 1347 7635 17051 29449 61223 241 33414 421 11165 464 24403 61243 18946 1910 9044 56807 17945 2034 1184 1658 61223 241 1661 382 15503 50618 1557 48027 15720 11900
201 61816 5141 3385 24948 3385 18614 61223 1151 57669 4810 8294 7978 4933 549 9201 61238 136 1507 8433 61272 20215 58019 7640 61265 42914 546 1557 36984 29449 1709
201 61580 382 35228 9728 61272 9826 41535 43563 266 549 534 6647 3251 8753 56161 1881 16684 14660 36965 315 217 241 44610 201 61235 4571 61272 9826 41535 43563 266 3056 14213 21292 5608 61223 1347 25184 1913 27800 61238 241 8753 56161 6208 61223 24403 36219 6611 13899 600 54158 965 13758 60103 331 38159 6647 13194 6427 41326 4663 3832 4240 42033 8612 39150 17945 241 59472 8753 56161 1881 1709
201 61593 8762 61398 61228 55043 30829 370 3832 28186 19587 2747 16684 24403 11716 954 32808 13758 60103 464 21796 9077 44727 24222 1127 9025 61223 722 13690 20447 1474 8665 50619 9501 61333 13607 4706 1347 7635 1881 59352 331 61423 370 1947 370 41611 59352 241 59897 19591 61423 19222 7939 54146 337 464 20447 1127 9044 50619 9501 25241 61383 4706 5760 37759 7640 337 31666 7640 43892 600 61235 25184 17945 1709
2603 3495 19997 60405 4758 3251 1153 265 27600 16260 195 25678 15725 61275 44446 140 50556 61260 140 11701 61228 27040 61247 4706 1257 7296 1910 440 73 8787 3494 40644 1326 315 370 13565 3064 15594 61216
1667 61591 843 4004 195 22222 61223 4706 53048 17960 993 4305 1474 8368 27262 41506 61223 19041 967 61275 2450 8368 4260 3001 13053 22814 1557 1276 61270 546 61228 55043 30829 370 3832 26595 37676 10238 11900
3030 16441 41184 50813 2150 10127 6812 1928 14692 2249 1447 343 1557 24149 343 24694 1985 61513 25285 61513 830 9728 61513 464 38710 331 1345 1447 5388 8612 73 8787 3494 40644
1544 3001 2410 10556 2121 21231 61243 22644 241 7696 5935 1489 265 61236
201 61600 61235 5490 28517 3832 9826 1303 5082 465 993 1153 18402 93 465 60121 61383 54333 61477 2600 61265 13594 8035 7272 38020 4933 241 416 2468 13106 30063 61272 195 22799 7927 922 35880 8346 14586 59709 922 61282 815 2574 61339 61309 27943 61223 500 41734 27943 61223 1676 11980 61312 27943 61223 337 11549 27943 6427 24576 1709
201 61816 5141 241 12613 61247 26153 4810 15720 20069 48398 5608 2468 13106 23646 2121 440 250 15714 16912 61223 1151 3001 16684 14660 54499 5388 61216 201
201 61600 61235 7734 3996 61223 331 26713 546 6476 5608 2121 21634 290 61333 337 1544 290 421 61240 61223 43008 14423 6611 61223 2032 241 33921 195 32667 46915 922 56902 20149 3251 14250 3196 2410 543 13992 73 8787 3494 40644 21095 1846 6611 2468 1538 13025 931 45618 8762 50461 61223 38814 546 21292 5608 61223 331 21494 61272 43564 1299 241 15653 15805 41865 1881 61423 45618 8762 50461 241 58619 58189 41752 73 8787 3494 40644 993 1545 61423 45234 549 56081 936 1709
1667 45857 61355 388 47440 31666 7640 7136 1532 19822 11411 6611 48037 37212 28324 1881 61223 241 1151 17847 4076 31666 3306 7978 31046 34863 14660 658 4092 2070 370 936 241 13095 265 2470 61216 201
54451 61303 19106 6783 14401 1151 948 44060 1127 38665 8753 10155 15550 35393 58619 7640 241 13899 600 54158 53574 38027 3332 20564 21890 2150 370 936 241 1814 3996 1982 30633 31070 459 61423 549 363 3451 3498 58619 7640 195 549 363 3451 8194 45450 543 1881 61275 1326 12683 61228 9196 2912 22031 4023 12869 11307 61216
201 61591 33401 19513 331 12111 4758 3498 1814 2157 266 7640 93 217 47962 61223 4706 2146 543 20437 5690 56670 32620 61279 771 382 931 217 769 38027 61303 5135 61228 5019 8753 56161 1881 24072 38020 6611 9131 948 61407 13758 17824 382 546 61238 25678 15725 4706 7563 23287 5585 61223 19513 331 12111 4758 3251 4706 25678 10825 4023 22710 4061 73 8787 3494 40644 61228 644 4023 4975 1085 19249 29699 3498 51695 241 1489 15550 61423 5135 61228 5019 61228 322 61423 61216
201 45857 787 61671 61567 37971 554 33709 61223 195 22531 2312 27420 1347 61513 61316 8194 58791 61275 24403 36219 7629 20069 48398 5608 195 382 931 29134 388 3186 319 61268 19895 61216 7163 61268 61216
2929 382 217 817 61252 61263 7513 948 1881 93 61240 421 41198 61263 4751 9077 9826 2034 1184 61232 41184 2354 948 1881 6427 1326 47643 41184 1928 61279 25380 61333 7513 948 1881 61265 337 346 13097 465 61240 388 61316 93 61240 421 41198 61263 4751 9077 6144 2034 61252 6144 346 1184 61241 61279 5358 388 61263 6427 1170 11790 6144 1928 61279 25380 61232 24765 346 13097 931 4685 61263 61265 16684 33837 38602 61216
