140 50556 61260 140 11701 2678 21307 671 10192 2447 61381 2820 463 7483 61705 2820 30018 9866 2678 31327 39362 61342 3307 5155 4888 7694 2820 30018 1307 1822 6307 45132 1736 6041 5213 2309 6107 24904 61342 52132 30491 30289 61678 61480 61397 2227 2678 15710 18518 61491 20247 2820 2974 19553 61553 4381 1736 6320 1704 3425 13452 52278 1307 61357 5958 61868 2309 7137 61426 4703 3129 47770 61441 2447 1250 61487
11086 2882 13479 1736 2882 1700 5298 61868 2309 56033 1700 2227 2820 2418 30595 5155 61223 1736 10332 6041 61417 61947 3425 1643 1120 62322 61320 61868 61223 3022 42039 3425 43954 15585 61868 61223 51949 61253 61223 3022 42039 3425 1802 24202 1802 3134 2227 61223 395 61480 61543 2227 2309 1643 49984 2324 61223 57645 3425 2418 61426 9399 61455 2309 1643 49984 2324 3425 20748 61705 1736 6298 62100 61320 61868 2309 15326 1182 3818 3970 3349 61132 2115 28224 1250 61223 73 8787 3494 40644 2820 61223 6041 27831 61522 2309 6162 395 62048 43206 9362 958 62305 30489 61490 2309 6162 1436 10419 61676 4381 4247 28224 1250 61216
9420 61576 61547 318 3812 1058 61576 57253 12392 2309 6162 1058 61576 57253 12392 2309 6162 1736 1182 3448 1704 6041 61411 8578 61342 2227 2678 22628 61543 1704 2309 6162 61223 2856 61688 15566 1822 61397 1515 61576 10038 61553 8005 42125 2309 2418 32210 61426 2309 6162 13471 5213 1704 2309 6162 61216
8902 18745 2309 6162 10725 8005 8818 61947 61372 4386 1250 61223 11366 3701 6162 10725 8005 8818 61947 61372 4386 1250 61216
6360 6041 61411 8578 61342 2227 3349 14949 12392 2309 6162 6041 61411 8578 61342 2227 2678 1687 1344 61381 61995 61228 61473 61441 61654 1704 2309 6162 57611 12392 3425 2678 61732 48111 2115 12451 5155 52 1307 20454 28240 61441 61228 61473 24349 18666 61223 1736 8902 6052 61473 31410 3970 40929 2678 8902 8002 60479 7483 1704 2309 6162 1515 62305 10833 2447 43938 20510 61342 1307 10419 61676 2227 2678 1643 17905 2115 1428 1388 61487
140 50556 61260 2418 61336 9757 60656 2309 671 61522 1822 61491 61342 2227 1736 6107 45583 24202 2820 3163 40929 2678 671 10192 2447 61381 3129 416 5812 183 5922 62431 61547 61397 3349 61132 12392 2309 20247 3129 4002 61480 17384 61788 61336 61678 61426 1736 3022 6228 17372 12392 2309 6162 1643 33257 26671 4359 2227 2678 8005 31495 4381 11948 5155 61487
6975 1822 1226 1250 2375 42597 45047 6320 1704 32325 6041 61411 8578 61342 2227 2678 4386 6320 1704 2309 6162 61223 1736 6041 61411 35139 2309 39373 2227 2678 6360 24146 21613 2820 46799 6041 38243 9399 3349 598 28148 8818 22628 61543 3307 5155 61223 10359 8237 23682 61421 61480 10061 39373 2227 2678 1182 11373 16771 3307 5155 61223 10359 395 61473 61576 61473 2309 30987 44142 6041 61411 8578 61342 2227 2678 8902 39373 3425 22258 1428 62204 61654 1704 2309 6162 10979 15566 19760 4381 12392 2309 6162 10979 15566 19760 4381 9272 17162 1250 61223 30754 8721 6041 61411 8578 61995 2227 3425 6041 61411 8578 2227 3425 8005 42055 40192 61320 8898 1250 61487
18579 10332 15478 1259 4247 61223 54916 2309 36820 8262 61397 3129 23348 61228 5236 1325 9233 61421 61480 10061 2227 2678 17949 31987 61426 1700 2227 2820 1307 1120 59948 4386 2115 12451 5155 1736 8902 50270 2227 2678 1307 19058 2115 12451 5155 61487 39373 3129 16771 1704 2309 6162 23348 9823 4386 15117 28224 1250 61223 3669 8237 7247 3420 6041 27831 61522 1250 2375 8237 1307 10419 61676 12392 2309 6162 9823 6925 4386 39498 1250 61487
23348 61228 5236 5390 61732 2227 3129 1182 3818 3970 6107 12400 18518 3425 19525 52028 23795 1687 6307 45132 3425 8005 42055 2678 1182 3818 3970 12392 2309 6162 8369 9391 1700 4381 4247 17162 1250 61223 1736 7247 60674 2375 1259 4659 42039 45047 1736 671 13328 5309 2227 61223 32379 25213 2227 9362 32379 25213 2227 3425 1515 61543 61381 2820 958 61947 4659 61426 2227 3425 1515 61543 61381 2820 1325 61947 4659 61426 3425 1515 5129 61417 61947 4381 2115 12451 5155 61487
7247 30641 50123 3129 6320 1704 32325 3022 39232 29800 22425 2882 1700 598 61421 3818 2309 6162 1182 61490 18628 24960 5155 61223 3669 8436 15117 3307 5155 61236
2960 7663
19223 9866 7345 19223 395 3448 24777 3425 19525 38330 3425 61223 15308 2423 61813 8721 1182 3448 61659 61421 1182 3448 2115 12451 5155 1182 13719 59119 61381 2227 3812 32508 1704 2678 3022 61455 45765 10310 3307 5155 61487
958 2661 61936 4659 30018 1700 2227 7345 19223 395 2324 42039 2309 49515 19223 1515 1120 61421 9520 61491 2447 40929 2678 6107 26671 61522 4381 12392 2309 6162 7137 61381 3425 8005 42055 2678 14477 61676 2324 1704 2309 6162 7137 61381 3425 23471 2974 45583 24202 12392 2309 6162 3679 36303 3448 61441 1259 10406 1736 7247 3420 1325 61947 4659 14177 2974 19553 61553 4381 10406 61487
9420 61576 61547 3379 3812 44142 1259 4659 61688 61788 61336 7105 61336 2418 61342 62305 6307 2309 39373 2227 61223 846 61356 61654 2227 1736 5881 61480 61547 2324 2227 2678 1515 3818 61473 1700 2309 15326 1182 3448 9272 17162 1250 61487 1736 15710 18518 61491 5086 8902 1307 10419 61676 2227 2678 8902 39373 2820 7385 24202 1259 42372 61441 1704 2309 6162 2115 14590 1250 61487
5272 2820 4002 61676 61249 61678 61372 61678 61372 61249 2309 1643 49984 2324 7345 22279 17162 4002 61372 30289 61788 61868 61678 61441 2678 15117 1704 3425 4928 51700 1250 61223 3669 8237 6041 27831 61522 2309 37722 3129 6360 958 7845 1344 61426 4002 3301 3420 61441 4247 11752 8898 1250 61487
6298 3448 27157 20247 2820 2856 61688 15566 21613 61707 671 62431 61654 61397 6320 1704 32325 1307 10419 61676 2227 1736 2856 61688 15566 1822 61397 2309 6162 61223 8369 19553 61553 1736 1307 10419 61676 2227 2309 6162 6041 61411 8578 61342 2227 2309 6162 8005 8818 61947 61372 55782 2309 6162 18235 2423 1226 17162 1250 61487
201 61245 8787 3494 40644 61287 18791 45712 1704 2309 6162 28152 9680 15117 1704 2309 20247 3129 16771 2447 1250 61216
1736 43174 20918 5129 61411 24202 1687 61995 9520 61491 45101 2678 6975 61356 61654 1704 2309 6162 61223 4888 1325 17529 30220 61543 31544 1250 61223 1515 1120 61421 9520 61491 26780 3425 8005 61732 61417 61947 61372 1736 2974 61732 61480 61397 4381 4247 17162 1250 61487
1736 10359 11086 5086 93 61522 61490 35237 3129 61265 1058 15031 17905 4247 41471 1250 3669 2632 1388 61342 1643 3952 4928 3307 5155 1736 6360 43150 7814 48145 35724 1643 3952 53496
15308 2423 61480 8721 4351 4109 9866 2309 6162 19223 846 61852 5298 61480 9362 846 61356 61654 20469 3425 28153 26349 9362 10725 6925 1250 61223 1736 4351 8902 25992 58485 40929 3349 15859 61397 27869 2115 29776 5155 61487
1643 17905 18808 1515 3818 61473 1700 5309 29090 23374 61732 61342 2227 2309 15326 6041 61411 8578 61342 2227 3349 15859 61397 27869 12392 2309 6162 61487 1643 17905 18808 1515 3818 61473 1700 2227 2678 17240 50244 2227 1736 6041 61411 8578 61342 2227 2309 15326 16771 1704 2309 6162 14412 3818 61372 14932 1704 2309 6162 8005 61336 61688 61473 4381 10406 61487
682 671 61421 3818 61473 4381 73 8787 3494 40644 7137 61813 40929 7345 2418 61336 61397 5309 50945 61372 2309 6975 1822 1226 40929 3129 9362 3022 61356 61654 2227 3129 58 19832 61228 61245 8787 40644 2678 25314 1704 2309 6162 9823 6925 4386 25314 1226 14157 61223 48620 6360 1643 61688 7814 1515 3818 61473 2227 3129 11136 17240 50244 2227 3129 54700 12507 61678 61426 2309 20918 5129 61411 24202 1182 1984 61426 3425 1182 1984 61426 2309 15326 1182 1984 61426 2227 3129 35546 17162 1250 61487
1736 93 62273 15872 61265 1058 3448 61426 2227 2309 37332 61426 5298 61372 2820 1182 3818 3970 1182 3085 29154 11948 5155
1182 3818 3970 1428 61480 45128 15308 4866 61426 2227 1736 14477 13340 5484 20572 2309 1307 61357 61441 62431 61707 61357 61397 2309 20247 3129 38537 35088 43938 27497 13452 52278 3812 2418 21861 33887 2115 29776 5155 61223 1736 7247 3812 2418 21861 33887 2115 11752 8898 1250 2375 8237 2974 1700 61480 10061 4381 12392 2309 6162 61216
2632 61357 61441 61576 61480 61397 3349 28153 2423 11136 3129 1802 7845 62431 1120 61654 9272 17162 1250 61216
6041 61411 8578 61995 500 2309 6162 395 61868 6041 61411 8578 61342 2227 2678 73 8787 3494 40644 3129 1182 3085 29154 598 5958 61547 4381 2882 13479 3129 2882 1700 61421 3129 2820 3379 61301 7483 61705 6041 61411 8578 61342 2227 2678 11456 61490 61654 23529 47428 1250 61223 1182 61490 61372 1736 1307 1344 2324 10458 61309 1736 10334 61309 7483 61705 2227 2820 1307 1120 61676 2115 12451 5155 61487
1515 61576 5236 6925 61223 10359 20665 2375 8436 4247 17734 3420 1250 61223 22425 20665 2375 6216 1687 61995 3163 9272 17162 1250 61223 13286 35091 61381 35358 2227 2678 43150 6984 9866 3129 2820 1325 27056 6298 61547 4381 44769 1250 61487
1736 93 62273 15872 61265 2776 9866 2678 93 61522 61490 35237 3129 61265 598 61654 1704 2820 23398 8902 50270 2227 2678 846 61342 4688 3307 5155 1736 10359 11086 93 61473 61576 22252 39886 2227 2678 61265 14477 61441 61654 3307 5155 3669 11086 5086 93 36641 9520 61265 3022 61357 42802 48111 2227 2820 19747 61342 10310 3307 5155
1515 1120 61421 9520 61491 3425 1687 61995 3163 23682 61421 61480 10061 3129 3201 61417 33887 9362 6975 1822 1226 3129 1182 3818 3970 3201 61417 33887 3349 61132 22430 1250 61223 1736 10332 1515 61576 61342 31191 5309 2974 30069 61342 3129 2974 23625 61421 61342 3129 1436 3085 4703 61705 4381 1250 61216
1325 3085 61441 2632 61357 61441 61576 61480 61654 3349 598 62431 1120 61654 1250 61223 48620 4351 23348 1182 3818 3970 4386 1250 61223 3669 7247 60674 10332 1325 17529 8902 50270 2227 2678 6360 3812 30491 61421 12392 2309 6162 1328 671 61576 24777 3425 49687 25923 61342 2447 1250 61223 8237 10979 15566 19760 4381 10406 2375 3022 3705 61356 3425 2632 61357 61441 61576 61473 3349 1643 61688 7814 1250 61223 7247 61455 23471 2820 11148 7814 23471 2820 3201 61336 2820 6360 958 5624 61654 10310 1704 2309 6162 6360 43150 7814 958 5624 61654 3425 1182 44124 61421 1250 61216
23348 61228 5236 5390 61732 2227 7345 1325 27056 7385 9757 61547 61421 2309 6162 1436 61780 1700 3307 5155 2375 1325 3701 61547 61417 61547 5298 61480 1736 958 61947 4659 61688 7814 2309 6162 958 7058 31769 846 4866 4688 2227 61223 1182 4866 61543 2227 1736 1182 4866 61543 2227 1736 1182 15031 61441 3425 17720 36303 2227 3812 2882 4703 9362 23348 598 61421 3818 2115 23529 1250 61487
11136 4386 61223 395 3163 61868 61372 2418 61336 61688 61553 5309 93 9164 61207 61314 61265 5155 61223 6360 1687 61357 61397 61654 1344 62431 61473 62431 61372 61397 7105 61372 1250 61223 1736 43150 6228 3201 33065 61411 61480 62322 61320 61868 2309 1515 61543 61381 2820 1515 61543 61381 2820 1436 61780 1700 8898 1250 61487
1307 20454 28240 61441 61223 11136 61223 18605 9520 61223 58 19832 61228 23419 61314 3598 2309 8369 44887 61223 1436 3970 5213 61995 2309 6162 61223 1058 61576 5236 61397 958 2923 1704 778 61311 2309 6162 14477 13340 48145 2309 6162 8369 61780 61411 22672 21849 61553 4805 61707 40644 93 3121 61336 3163 61768 61553 7105 61397 3129 61265 21849 61553 4805 61707 644 3129 8369 61780 61411 22672 1250 61487
201 61547 61576 62048 61356 61223 10812 61249 8980 60513 9360 3129 2820 3522 11318 61332 1307 61357 61441 62431 61441 3129 6041 38243 9399 1250 61223 18579 21849 62246 33325 21439 644 2309 958 61947 4659 61426 2227 3129 16771 1704 2309 6162 6360 46799 395 62048 5624 2227 3425 1802 7845 62431 1120 61654 3425 4928 51700 1250 61487 201
1325 61947 26934 61480 61732 2227 2678 4002 61372 9757 61678 61397 93 61251 5340 61210 61265 3812 1182 3818 3970 4386 2115 29776 5155 61339 55322 61725 61336 2096 61228 18682 2309 958 3301 3701 61654 2227 3812 15117 3307 5155 61223 7247 1515 61543 61381 2820 2375 1515 3818 61473 1700 5309 2447 3425 1515 61543 61381 2820 1515 61543 61381 2820 1182 3818 61522 8898 3425 1515 61543 61381 2820 1250 61223 30754 8721 1182 3818 3970 61491 61342 2447 2309 37722 3129 2974 61732 61480 61397 61336 2447 4386 4247 8898 1250 61487
1515 1120 61421 9233 2227 7345 1515 1120 61421 9233 3129 3679 36303 3448 61441 9272 4928 17100 1250 395 61480 61473 61441 62431 61372 395 62431 61654 61441 6041 62431 1120 61654 3129 3679 36303 3448 61441 9272 4928 3307 5155 1058 54407 42372 61654 19109 8898 2856 17905 61417 61441 62431 61441 2309 59572 57583 61372 3349 15859 61397 27869 2115 12451 5155 61223 1736 6320 45765 8369 19553 61516 2227 2678 12796 1226 1250 61216 6172 8002 61868 1515 61455 3420 61868 61342 61441 15733 21285 3420 61441 395 3301 61654 61441 61339 8342 4002 61336 62431 61336 62431 61441 5309 61441 395 61654 61441 61339 11727 1687 52260 61868 2856 3134 4659 61688 61342 61441 395 61654 61339 15291 6975 1822 1226 40929 3812 2974 61421 5129 61417 61947 61372 61339 1736 19694 13452 52278 8005 31495 4381 12392 2309 6162 61216
1428 61480 45128 1643 17905 2820 1307 61381 3420 1704 32325 1325 3301 5958 61547 5298 2309 4002 61553 11358 57240 20305 2309 1643 49984 2324 3812 2418 61342 4688 31769 9362 395 61868 5390 61732 2227 2309 395 61868 395 3448 24777 2227 2309 395 3448 24777 2227 2309 395 3448 61441 2227 2309 49515 395 3448 61426 2820 395 3448 1704 3425 1515 5129 61417 61947 4381 2115 14590 17162 1250 61487
201 61659 61947 4659 61553 5129 61411 24202 4002 3301 5236 3301 61654 62431 61372 61417 1984 61397 93 61646 3970 5213 61995 61223 6298 62100 61455 61491 3022 61455 45765 1704 1736 1182 15031 61441 61372 1736 1643 13550 61553 61654 61265 1307 61381 61372 1736 53194 8369 61780 61411 22672 7385 9757 61547 1700 2227 2309 6975 1822 61426 2227 3425 16320 18808 25376 9362 23795 16320 18808 25376 3425 15117 1704 3425 47428 28949 7720 2678 13576 10276 61256 93 2804 61332 9360 2309 6162 671 61676 4381 24643 61455 32026 61480 93 11191 44887 61265 32026 61480 61287
10725 36236 1259 4659 42039 45047 61223 1259 5129 61356 8578 61342 12796 61678 61480 1736 21307 59119 61381 3812 32508 3307 5155 30754 8721 1515 61576 61342 31191 5309 8369 13218 61688 61676 61342 35960 10310 2418 2447 1250 61216
1325 61654 61576 3420 2856 62431 1120 3420 3129 1182 25015 5624 61441 2856 61688 61788 61336 50226 61553 5309 6041 61411 8578 61342 2227 2678 1515 61576 9757 61372 2309 20584 61732 61417 61947 61372 3129 11456 2380 61320 3307 5155 3669 3466 61312 7483 61705 2227 2820 1307 1120 61676 2115 29776 5155 61487
18791 45712 1226 2375 18791 45712 1226 2375 19776 59119 61381 3812 1182 3818 3970 1182 3448 1704 2309 846 10038 12776 61421 2974 61553 7623 4386 4247 28224 1250 61223 11366 3701 2418 3420 13550 61547 3812 6360 17720 61543 4659 2227 3129 15236 2375 2856 17905 61417 30289 61491 2678 395 4127 4386 3022 61455 45765 1704 2309 6162 1058 61576 57253 12392 2309 6162 6360 5390 61732 7345 15161 2375 8237 2856 17905 61417 61473 61417 61473 2678 6925 4386 2115 29776 61487
43150 6984 3201 61516 45510 2227 7345 3201 61688 19553 61516 2227 3129 3022 61455 45765 4381 9272 17162 1250 61487
2856 17905 61417 61473 6360 1259 61678 1515 5129 61417 61947 61455 61491 958 61947 4659 1250 61487
201 61426 61688 15818 61372 3425 58871 61223 2600 7057 671 3705 2227 3129 2820 1336 61228 1902 671 3705 2309 1307 3705 2227 2309 49245 23795 6041 61417 19553 61553 1736 5786 671 3705 9362 1182 3818 3970 1436 10419 61676 6041 61417 61936 61342 2227 2678 1436 10419 61676 4247 31769 5155 61223 734 13520 671 3705 2227 2820 61223 1736 1676 47625 1515 36356 2227 2820 1436 10419 61676 2227 2678 22628 61543 3307 5155 93 61646 3970 5213 61995 682 1389 2351 61265 2309 6162 46799 2820 1307 10419 61676 1250 61287
15308 2423 61480 8721 1325 61947 13479 2227 2678 1307 18628 24960 1736 1182 3818 3970 7385 9757 61547 61421 2309 15326 5086 23348 1428 18628 24960 5155 61223 15308 2423 61813 8721 8237 1428 61480 45128 2856 17905 61417 61473 2309 846 4866 4688 2227 3812 61223 1182 3818 3970 59119 61381 2227 3129 7385 9757 61547 61421 1736 56545 46424 20247 2820 1307 4866 61543 2227 3812 3022 61356 61654 2227 2678 19747 61342 1704 3425 1515 61543 61381 2820 30530 1704 3425 1182 44124 61421 1250 61487
30754 8721 73 8787 3494 40644 3129 395 61868 3201 33065 61411 1736 1325 38330 61421 9823 6925 4247 8898 1250 61223 18579 14477 13340 13452 52278 3425 23471 2974 8898 61421 3425 23471 2974 8898 61421 3425 1250 61223 11366 5236 18791 36209 1250 61223 1182 3818 3970 1182 3818 3970 2974 19553 61553 4381 1736 395 3448 61480 10061 61342 5155 1736 58 19832 1736 72 16486 2820 57288 20572 2974 61421 5624 61411 8578 61342 4247 3163 1250 61487
15733 21285 3121 3420 61868 2309 17240 61995 38243 2227 3129 42733 5922 1344 4805 61707 31094 3085 61491 2227 2678 7638 3129 2974 61553 7623 3129 61223 1182 3818 3970 2309 318 5484 20572 2227 3425 23682 21050 52132 6041 19250 31899 2447 2309 6162 1250 61223 15308 2423 61813 8721 35484 3701 61654 61441 1307 1120 61654 2098 61325 7483 61491 61441 7105 61372 5922 62431 61441 61336 93 61547 61490 61342 6773 2820 61265 2309 1307 61543 1700 3129 1250 61223 7247 7419 49177 61320 21307 1515 36356 3129 6908 27407 3129 40192 61320 2447 1250 61487
2418 61336 61480 61780 5309 20247 2820 19223 13452 52278 2974 1700 61480 61780 5309 61455 5155 1736 1515 3818 61473 1700 5309 2447 2309 1687 61995 3163 40929 2309 15326 6975 1822 1226 61421 5309 1687 61995 3163 40929 2309 15326 15117 1704 2309 6162 8005 26671 61522 61372 12392 2309 6162 8005 26671 61522 61372 12392 2309 6162 61223 4888 2375 61421 9520 1515 3818 61473 1700 5309 35960 2678 6107 26671 61522 4381 12392 2309 6162 8005 26671 61522 61372 12392 2309 6162 8005 26671 61522 61372 12392 2309 6162 61223 7247 7419 1515 61543 61381 2820 8369 9391 1700 2309 15326 35546 1704 2309 58567 1250 61223 20918 5129 61411 24202 13452 52278 2309 15326 19223 24509 51311 2227 2678 1182 61490 61654 29776 5155 61216
4002 61397 30289 61678 61372 2309 14042 4002 61397 30289 61678 61372 2309 5484 61441 61576 61441 13452 52278 3812 2974 19553 61553 4381 2974 19553 61553 4381 20247 2820 15117 17100 1250 61223 30491 30289 61788 61868 1736 2632 1344 7845 1325 61522 4659 61688 61473 2227 2309 4002 61441 61788 61868 61678 61441 4002 61441 61788 61868 61678 61441 1736 53194 8005 18808 61320 40929 3812 1325 61522 4659 61688 61676 4381 13452 52278 1802 7845 62431 42655 2115 23529 1250 61223 1687 27831 61547 48263 3425 13452 52278 1736 25873 38313 61705 61455 1259 51790 12392 3425 3812 61455 8578 61995 2309 6162 38537 35088 43938 27497 1250 61223 11366 3701 14042 4351 7623 61320 2820 2974 45583 24202 9272 17162 1250 61487
2856 61688 1704 1822 3121 5484 21613 61654 1822 3301 9757 2309 2974 61421 5624 61411 61947 61342 6360 5484 20572 61223 6360 5484 20572 61223 6107 61676 13340 1643 61357 20572 61223 1736 1436 10419 61676 1643 61357 5958 61868 5484 20572 1250 16055 61470 1423 34363 5484 20572 734 2820 318 20665 61468 5484 20572 2227 2678 15117 1704 2309 1643 49984 2324 2309 20247 3129 6360 1436 10419 61676 5484 20572 1250 16055 61470 1423 34363 5484 20572 500 2820 836 61468 2678 15117 1704 2309 6162 73 8787 3494 40644 6041 61411 8578 61342 2227 3425 8005 42055 3425 8005 42055 2678 25314 2447 1250 61487
1515 1120 61421 9520 61491 8005 3701 61421 61342 2309 6162 4002 4703 3301 61654 1344 62431 61372 2309 958 4805 13540 61417 13540 61411 61516 24349 61725 3129 15117 1704 2309 6162 4002 61441 61576 3301 61654 1344 62431 61372 2678 11148 57474 14248 57725 2309 20247 3129 2974 19553 61553 4381 22430 1250 61223 15308 2423 61813 8721 10332 395 61480 61654 61441 61336 93 61246 61265 2678 3022 61455 45765 1388 93 61246 61265 1182 4866 61480 1250 1182 4866 61480 9680 3701 1515 1120 61421 5309 46649 25516 61372 61417 1984 61397 2678 1307 12776 61678 61480 61654 2115 12451 5155 61216 93 61203 61265 2960 8208 61282 2406 8815 7724 91 17 3086 4993 1480 3327 57769 93 61203 61216 43 61216 15509 3074 61223 15509 16561 868 61223 7310 5014 47 17 3086 4993 1480 3327 57769 93 61203 61216 43 61216 15509 3074 61223 15509 16561 868 61223 7310 5014
395 61868 6975 1822 24285 2227 1736 1307 19058 2227 2678 38537 35088 43938 27497 4386 1250 61223 15308 2423 61813 8721 17589 31028 2227 2678 39373 2820 47770 61441 12451 5155 61223 15308 2423 61813 8721 9823 9866 7345 11148 7814 59119 61381 2678 11148 7814 59119 61381 3129 846 61342 4688 30357 1250 61487
44142 23682 21050 52132 7137 61426 4381 61357 61397 2309 6162 4002 61372 61473 61490 3085 57240 20305 2309 6162 1736 73 8787 3494 40644 3425 1687 61995 3163 2309 6162 1058 61576 57253 9272 17162 1250 61487
4002 61397 61788 61336 60656 2309 1307 1344 62431 61372 61417 61441 7845 1736 1325 13780 16177 4659 17720 10061 61411 2309 1307 10419 61676 17720 10061 61455 1259 61417 61372 61417 61441 7105 61441 2227 2678 1436 61780 1700 11752 8898 1250 1058 54407 61223 58 19832 2309 15326 8005 61547 60655 4381 1802 3134 2227 1736 1307 19058 61336 2227 2309 6162 1428 61480 45128 26780 2309 6162 2974 19553 61553 4381 4247 11752 8898 1250 61487
21849 61947 61320 5484 20572 2309 49245 3129 1250 61216
2974 3134 24349 61725 5309 8369 13218 61995 3129 1436 10419 61676 6041 23829 45132 2678 1182 3085 29154 2820 47770 61441 1704 3425 1182 3818 3970 5390 61732 2227 2820 1182 3818 3970 1182 3818 3970 2418 8898 1250 2375 7247 395 62048 43206 2678 2418 8898 1250 61487
18579 8005 61780 61553 4247 28224 1250 61223 1515 61576 61342 31191 5309 5484 20572 6041 61411 8578 61342 2227 2309 1643 49984 2324 10359 1328 958 5624 61654 2227 2820 10725 3201 61411 22672 2447 4386 1250 61223 11136 9391 61455 61491 5484 20572 6041 61411 8578 61342 2227 2309 6162 4088 958 5624 61654 2820 35206 4386 1250 61487
201 61491 9536 9680 3701 39373 3425 1058 61576 57253 3425 1515 61543 61381 2820 16741 13671 6041 61411 8578 61342 2227 1736 8902 17240 50244 2227 2678 3022 17234 3022 17234 3022 56987 1704 2309 15326 4386 16771 21496 61487 3201 61417 33887 35091 22290 62048 2227 2820 36820 2324 3201 61688 61947 61455 39373 2227 2309 6162 1058 7814 3420 61421 11456 61417 61654 2227 2678 1325 61426 7814 3420 3129 43150 6984 60569 46193 50023 53033 61228 61676 2324 61228 61676 61480 20572 1436 62048 61356 24960 5155 15632
6360 20918 5129 61411 24202 1058 61491 61732 61480 10061 61995 61223 671 3705 61223 9362 1058 61480 10061 61455 61491 8005 42055 2309 15326 73 8787 3494 40644 2309 35091 61381 35358 2227 2309 15326 1058 10833 3420 61441 1058 10833 3420 61441 8237 5086 5155 17411 3701 15326 7385 9757 61547 61421 1736 7385 9757 61547 61421 1250 61223 8237 1325 61676 2324 61342 8005 61547 60655 4381 12392 2309 6162 1250 61487
1515 1120 61421 9233 3129 4002 61372 61473 61490 3085 57240 15031 2309 6162 2974 8898 61342 4247 8898 1250 61223 2856 61688 61788 61336 62431 61441 62431 61441 2309 7137 61426 4703 61705 2227 2678 55056 61473 9520 61491 2974 10038 61372 2309 20247 3129 24509 9250 4928 3307 5155 61487 2960 6077 61282 3213 438 48 131 153 40718 17 5207 4906 503 61261 165 1091 292 389 61282 2926 61282 17746 36335 61216 1887 61216 1233 61300 23556 61228 41383 61300 41383 61300 41383 61300 23680 61298 125 36553 61300 23680 61298 125 36553 61300 23680 61298 125 36553
6041 61411 8578 61342 2227 2678 671 5129 61320 51311 4381 12392 2309 20247 3129 671 5129 2227 2678 1307 61381 61372 12392 2309 20247 3129 3679 36303 3448 61441 12392 2309 20247 3129 1643 17905 18808 8005 61336 61676 3163 40929 2678 1182 3818 3970 5390 29776 5155 61216 40787 5236 2375 6041 61411 8578 61342 2227 2678 19747 61342 2447 1250 1736 15117 1704 2309 6162 21766 61480 61780 61553 5309 2447 24822 7720 1643 1120 61543 1704 3349 15161 41471 1250 61223 4888 1325 61516 4703 26780 2678 11456 61480 21613 3129 2418 2447 1250 61216
4002 61372 9757 61868 50023 35139 61223 4002 61372 9757 61223 2632 61320 1120 15818 61654 5309 61576 61342 61576 24185 61223 1058 54407 846 61356 61654 62431 61441 62431 61441 62431 24185 1058 54407 5735 61417 15585 6571 58698 2324 14157 61223 30754 8721 90 5340 3425 50023 35139 61223 4002 61372 61216 61868 61216 61868 61216 61868 61216 2309 37722 3129 6041 32697 61688 61473 2309 2974 1700 61480 61780 46651 3425 2418 61336 61480 61780 33065 4247 8898 1250 61216
30754 8721 10738 6298 61725 5484 20572 1736 2856 17905 61417 61441 7105 61372 1736 6298 61491 61441 7105 61441 2309 846 61356 61654 2227 2678 31327 39362 61342 1704 2309 1428 7105 61356 3201 61336 1704 2309 6162 5390 61732 2309 6162 5390 61732 2309 2418 22925 5484 20572 3425 13452 52278 1058 61576 57253 2115 12451 5155 61216
73 8787 3494 40644 395 61480 61397 5309 61372 2309 15326 9866 2309 15326 46799 2820 30018 8005 42055 1250 4888 50023 53033 2447 1736 10979 61705 61522 61491 2447 2678 14477 61676 2324 1704 2309 1428 7105 61356 6041 19250 60282 5135 2678 1307 18628 1736 38537 56987 1736 958 61480 10061 61455 61491 8005 41298 20469 5155 61487
5735 61417 18628 5390 61732 2227 2309 1325 2423 5958 44142 5390 61732 2227 2678 1802 7845 62431 1120 61654 9272 17162 1250 61223 59663 1436 10419 61676 8005 42055 2856 61688 15566 21613 61707 671 62431 61654 61397 61223 5390 61732 61356 61372 61223 1325 61441 61576 9520 61223 1182 25015 61372 61223 2632 24349 61480 61397 5298 61868 61223 2882 13479 61223 3679 61480 12507 61372 1736 1325 15031 61357 21285 15031 3129 1250 61487
7247 1643 17905 2678 6360 2678 6320 1704 2309 6162 6360 17720 33257 1250 61223 54311 61223 1736 43150 6984 53816 2678 9680 3701 15326 5649 61688 1704 2309 6162 1643 17905 3812 1250 61223 11366 5236 8834 9680 3701 15326 5649 61688 4928 17100 19271 61223 3669 10332 6360 17720 33257 1250 61216
6041 10061 20469 1736 6041 5213 61455 3129 11456 61320 7720 61678 24960 19525 18808 61320 40929 3129 5155 61223 5086 958 62305 30489 61490 1736 20918 5129 61411 24202 395 62048 5624 2227 2309 6162 1428 15585 61678 31769 5155 61487
15308 2423 61813 8721 1515 5129 61417 61947 61455 1736 1515 5129 61417 61947 61455 4386 1250 61223 10332 6925 58 19832 61223 72 16486 1736 53194 7385 9757 61547 61421 2227 2678 17240 50244 2227 3425 11456 61320 21613 2820 35546 3307 5155 61223 11366 11439 2820 5958 61543 2227 2678 846 4688 12451 5155 61487
6360 6571 46799 61543 43206 8005 3701 61421 61342 2227 2678 1307 24349 61397 61417 61654 61426 62431 61441 93 61659 2661 61780 1344 61426 5309 61265 3129 1325 1822 33325 61336 2447 2678 20286 61441 29776 5155 61487
1325 61947 26934 61480 61732 19223 1643 33257 26671 4359 2227 2309 6162 1325 61426 7814 3420 3129 6298 3448 27157 1250 61282 17720 61397 61228 61336 4805 61473 1120 61654 3129 778 61332 3425 13452 52278 61223 1325 61426 7814 3420 8369 44887 20469 2309 49245 6041 61417 61947 61455 3425 11456 61320 61421 880 1055 61350 14157 61223 1736 1325 61426 7814 3420 2309 598 28148 5236 3129 44142 1643 28669 2227 2309 1307 6228 61547 2309 1307 6228 17372 2227 3812 1307 6228 17372 2115 14590 17162 14157 93 61522 25579 6984 34469 2227 2309 15326 3022 42039 3425 1182 3818 61522 1822 61491 3425 1182 3818 61522 8898 3129 1182 3818 3970 61265 3669 37279 3129 6522 54539 14157 61487
10738 598 33257 49235 644 3129 1436 3085 4703 61705 4381 4002 61553 11358 61707 61228 644 3129 1182 3818 3970 61491 61342 1325 61947 4659 8578 61342 2227 2678 1307 20454 28240 61441 1515 61576 5236 1515 61576 5236 23529 47428 1250 14149 8372 9362 1182 61372 4002 61426 5624 61426 61372 93 61397 61480 10061 61265 3129 2974 61553 7623 12392 3425 51399 23529 47428 1250 61223 11366 23471 8237 2974 61553 7623 9272 17162 1250 61487
1436 3970 5213 61995 2309 6162 61223 23348 2820 8369 44887 20469 2678 18605 9520 2820 1325 61426 7814 3420 3129 4386 1436 4688 29776 5155 93 61646 61473 6228 61381 2227 3425 2418 22925 61995 1058 54407 1058 7814 3701 2820 1643 1120 62322 61320 61421 3812 3022 61421 6984 3129 4247 28224 1250 61265 93 61788 61473 61490 61780 61553 1250 2375 61265
73 8787 3494 40644 3129 18791 45712 1226 61223 12613 61247 1736 140 50556 61260 140 11701 3129 21849 61553 4805 61707 40644 2309 14412 24643 15566 2678 12796 1704 2309 1428 7105 61356 61223 59663 395 61480 61473 61490 3085 57240 20305 395 61480 61654 61441 2678 1307 19058 2115 12451 5155 61223 7247 46649 25516 61372 61441 2678 3375 1307 10419 61676 3163 12392 2309 6162 7385 10038 8721 61441 12392 2309 6162 7385 10038 8721 61441 1250 61487
1259 62431 61372 62431 61441 4002 61336 61372 61417 1704 61397 93 61245 8787 3494 1804 8335 8369 3420 13184 61282 1802 62431 61491 61441 57113 4703 61543 45394 11541 1182 61372 61336 61441 51200 3818 61397 61336 1802 7845 61417 61543 1736 6107 12400 18518 395 1388 43757 1736 6298 20510 33887 5484 5958 61707 3679 15031 61357 61441 61576 24777 3349 14949 9272 41471 1250 61216
1307 20454 28240 61441 3022 61356 8898 61223 5735 61417 18628 6571 3201 61417 33887 61223 1259 4659 42039 2309 20247 3129 3201 61417 33887 61223 1325 61947 4659 61426 2227 2678 395 62048 5624 1736 1182 3448 1704 2309 6162 1307 10419 61676 12392 2309 6162 1307 10419 61676 2227 1736 1307 10419 61676 2227 1736 8902 17240 50244 2227 2678 23682 61421 61480 10061 4381 39373 2227 2678 1058 61576 57253 2115 12451 5155 61223 1736 1307 10419 61676 2227 2678 3201 61336 1704 2309 6162 1058 61576 57253 12392 3425 1515 61543 61381 2820 1307 10419 61676 2227 2678 3201 61336 1704 2309 6162 2974 3134 24349 61426 2227 2678 3201 61336 1704 2309 6162 2974 3134 24349 61426 2227 61223 7137 61813 7345 15321 1307 10419 61676 2227 2309 598 28148 8818 1736 23795 1307 12776 1704 3425 29806 23131 4659 30725 12392 3425 1515 61543 61381 2820 15321 3201 61336 61688 61936 4381 12392 3425 1515 61543 61381 2820 18791 45712 1226 61487
10332 395 3448 24777 30641 50123 3812 35546 1704 2309 6162 61223 35484 4703 21285 61732 7105 61372 2309 6107 61553 7623 20469 2678 1307 12776 1704 2309 6162 1250 61223 1736 10332 395 3448 24777 3425 1802 35139 12392 2309 6162 1250 61216
15308 2423 61813 8721 2856 61688 61788 61868 61223 3812 58000 61490 1072 61223 6773 2678 10872 60994 4703 3129 8005 3701 61421 1736 1515 3818 61473 1700 61411 2447 3425 958 61480 10061 61455 3425 14432 12151 61411 3425 2375 20276 61553 2820 9866 3425 22258 3022 7845 3420 1250 61487
6360 1428 62431 61516 37176 3425 1182 61490 15585 1250 61223 40787 5236 671 61576 61342 6228 15818 61372 3349 15031 1736 1259 4659 61688 15967 1120 61441 7105 61372 846 61356 61441 5309 61372 2309 49245 1643 8578 61411 61547 2309 49245 1643 8578 61411 61995 9272 17162 1250 61487
2882 13479 7105 61372 7345 1515 1120 61421 9233 2227 2678 1515 1120 61421 9233 2309 6162 1515 36356 20665 2882 13479 7345 61342 18518 2974 61732 61417 61947 61342 2227 3349 3679 36303 3448 61441 9272 1250 61223 11366 3701 6162 8237 5958 61868 2974 3134 24349 61426 2309 6162 3679 36303 3448 61441 9272 1250 61487
4002 61216 61678 61216 61678 61216 2309 1643 49984 2324 61223 54613 61553 2309 36820 8262 61397 6041 61411 8578 61342 2227 2678 3186 417 1307 10419 61676 2227 2309 39373 2227 3425 1058 61576 57253 12392 3425 1515 61543 61381 2820 7385 62100 5236 3425 47428 61223 7247 8005 8818 61947 61372 15308 1120 61654 2309 1307 1120 61676 3129 45968 5390 61732 2227 1736 1325 3420 61547 61417 61547 2309 5484 20572 3129 1339 7483 61516 61421 3129 56874 1250 61223 59663 836 3396 35546 7105 61372 1307 10419 61676 2227 1736 1307 10419 61676 2227 2678 1307 10419 61676 2227 2678 14412 61417 61936 4381 9272 61487
1325 61441 61547 61223 19223 598 33257 49235 2227 2678 37636 61421 62817 1259 61678 4002 61372 61678 61426 61678 61707 21849 27013 2309 32317 2227 2678 10310 4928 3307 5155 61223 38537 35088 43938 27497 13452 52278 93 61426 3085 27013 61707 5298 8005 27056 35358 61342 15970 2678 2974 33257 61553 4381 2115 29776 5155 61487
1436 3970 5213 61995 2309 6162 6360 3022 61455 45765 8002 61491 1736 8005 18808 33800 61372 2309 49245 6360 1250 1182 61356 3085 61397 1182 61372 61417 61372 61417 3349 8005 41298 1250 61223 1436 3970 5213 61995 2309 6162 2375 13452 52278 1736 2974 61547 60655 4381 4002 61336 61678 61372 61678 61372 61678 52 8005 61473 7814 61342 140 8131 846 61417 13340 15818 6984 61397 2678 1325 61947 4659 61688 61473 1700 12392 2309 6162 20918 5129 61411 24202 54613 61553 61947 2324 2447 56342 22430 1250 61216
2960 7663
395 61480 61473 9520 1736 1182 3818 3970 2678 73 8787 3494 40644 2309 20474 36592 3812 1250 30754 8721 10725 395 61480 61473 9520 61491 8005 61336 61688 61676 3163 2309 6162 1058 61455 61397 6228 44769 1250 61223 30754 8721 10332 21849 61480 61397 5958 3349 671 62204 61480 61473 61522 1250 61487
2882 13479 3129 3201 61688 29154 5390 61732 2309 8005 8818 61947 61372 2309 20247 3129 17589 31028 40929 2678 19747 61342 31769 15236 61223 1736 6052 29154 2309 1325 27056 3022 61356 4703 2309 9866 2678 8902 31201 5309 2227 3129 18791 4351 2423 35946 1704 2309 6162 3679 61480 61397 2324 9272 17162 1250 1736 8902 6041 5213 2227 2820 46109 42372 61441 1704 2309 6162 1182 3818 3970 9272 17162 1250 61487
72 16486 61228 23419 61314 958 2661 61936 4659 1307 10419 61676 2227 3129 1515 4381 27869 9272 17162 1250 61223 10359 55482 2820 1307 10419 61676 2227 2309 20247 3129 1307 6228 17372 1250 61487
2856 17905 61417 61473 3129 61223 73 8787 3494 40644 3129 10310 1704 32325 1325 61522 4659 8578 61342 2227 3425 671 61421 3818 61473 4381 1687 61995 3163 40929 2678 2683 11456 61480 21613 3129 1802 7845 62431 1120 15439 15031 9272 17162 1250 61223 11366 11439 2683 11456 61480 21613 3129 9272 17162 1250 61487
201 61397 61473 61654 2227 1736 7385 9757 61547 61421 2227 3425 15117 61455 47428 13452 52278 21849 21439 9757 1802 61455 61543 61336 2227 2309 49245 2820 1072 2335 13738 61301 2309 49245 2309 59572 13576 10276 61256 93 2804 61332 9360 2309 6162 32026 15632
17411 9866 2678 35546 17162 1250 61223 4888 1428 61480 45128 26780 20665 35091 22290 62048 61356 8436 1250 36209 4386 1250 61223 9823 6925 4386 61223 48620 6360 6041 5213 2227 3812 6320 1704 2309 6162 671 61576 61480 61547 3425 2418 6228 61426 3349 2974 19553 61553 3163 15117 3307 5155 61487
15308 2423 61480 8721 61223 1325 3420 61547 61417 5958 61868 57583 61372 3349 14949 12392 2309 6162 7247 9420 61576 61654 61441 5484 20572 2678 46799 2820 46799 1182 3818 3970 2115 8898 1250 9362 8005 61780 61553 4381 1802 7845 62431 1120 61654 2678 1307 12776 1704 2309 20247 3129 27051 13452 52278 1182 61372 3425 10979 22925 2309 20247 3129 4247 8898 1250 61223 15308 2423 61813 8721 4351 1515 1120 61421 9233 3129 395 62048 43206 4386 1250 61487
1182 3818 3970 10872 62431 24312 4386 1250 61223 4002 61441 62431 3085 61397 2974 3134 24349 61426 1802 61455 61491 61441 7105 61397 4002 61426 61678 61426 61678 24185 93 61788 61336 27013 9757 61265 2309 6162 2974 19553 61553 4381 2974 19553 61553 2309 6162 2974 19553 61553 4381 9272 17162 1250 61487
23348 2820 1307 18628 598 61421 3818 61480 61732 2227 2309 42372 61654 11456 61320 21613 31769 1325 3701 61547 61576 61547 2227 3812 2974 19553 61553 4381 2115 12451 5155 61223 48620 23795 8005 42055 26780 2820 26780 3129 40192 61320 1704 2309 6162 2418 1704 2309 6162 2418 1704 2309 6162 15321 1058 61576 57253 2115 14590 17162 1250 61487
201 61659 61421 1704 3349 11541 5129 2227 3129 6360 1058 61455 61397 6984 93 2335 61325 12285 61223 50126 61325 9360 3129 61223 22425 6360 846 10833 61852 61356 3425 6360 1307 1822 8898 1736 7385 9757 61547 61421 9362 1259 3448 4359 3425 19525 18808 61320 32026 61480 61487 201
27051 2882 13328 61441 2227 93 61646 3970 5213 61995 2309 6162 61265 1325 17529 2820 8005 18808 33800 4381 5155 61223 1736 23348 2820 6975 1822 1226 40929 3129 1250 61223 1182 13719 30641 50123 2227 3812 671 61421 3818 61473 4659 2447 2309 6162 8005 61780 61553 4247 11752 8898 1250 61223 7247 3420 16320 61780 61553 4247 28224 1250 61487
2856 61688 3163 61768 61707 5484 21613 61397 3129 598 4805 61707 29323 3301 9757 61441 62431 61441 61342 62431 61426 62431 61372 2678 15733 61441 62431 61342 62431 61342 62431 61426 2820 30018 1182 3818 3970 35546 2447 1250 61216
201 61426 61576 61480 2820 30018 958 2923 1704 3349 15859 61397 27869 9272 1250 2375 2632 1120 15566 3085 61397 6041 61411 8578 61342 2227 2678 39373 16771 1704 2309 6162 1736 8902 846 61356 61654 2227 2309 6162 846 61852 61780 1344 61381 61995 3349 846 61417 61654 1704 3349 15859 61397 27869 9272 201 61426 61576 6228 61868 61441 2974 19553 61553 7345 18791 1436 9250 4688 14590 1736 18791 19747 61342 3163 52 8834 1704 2309 6162 2418 61426 61480 10061 61995 12392 2309 6162 18235 2423 1226 17162 1250 61223 2632 1120 15566 15031 61441 2309 1058 61576 57253 46651 2309 58567 4351 395 61868 1259 61417 61426 5624 61455 2678 15117 12451 5155 15632
8237 21797 28673 62048 61455 2820 3022 61455 45765 10310 3307 5155 61223 2632 1388 61342 3307 5155 1736 3375 50270 2227 2820 846 61342 4688 3307 5155 61487
1515 61576 61342 31191 5309 3679 6307 4866 61397 93 61234 61300 61289 4776 1325 1822 33325 8600 93 61678 61300 5236 4776 54311 61223 5484 20572 2678 1687 61995 3163 1250 61216
59118 2447 61553 9520 2309 15326 1736 598 61421 3818 2309 58567 9680 2418 1704 9362 1428 62204 61654 1704 2309 6162 3022 7814 61522 1704 2309 6162 1182 3818 3970 1182 3085 29154 4247 28224 1250 61223 1736 7247 3420 1325 17529 6925 30018 1182 3085 29154 4247 28224 1250 61216
10332 19223 8005 18808 33800 61342 2227 2309 11309 61516 61417 61426 5309 2418 61336 61678 61372 61678 958 62431 9955 10192 4703 3301 61654 2227 2678 7385 62100 5236 8005 61780 61553 4381 9272 4928 3307 5155 61223 11366 3701 1643 49984 2324 4002 61426 61788 61336 61678 61372 61678 61397 2974 1700 61480 61780 2115 29776 5155 61216
1686 1182 15031 61441 61223 16757 17720 61543 4659 2974 32210 31849 3349 39373 1307 12776 1226 9362 1307 19058 12392 2309 6162 1058 61576 57253 4247 47428 1250 61223 1736 19223 5236 10563 5390 61732 2227 3129 2820 44142 1515 3818 61473 1700 5309 39373 2227 2309 15326 3149 5390 61732 2227 2678 6360 61228 61522 25579 6984 3812 1182 3085 29154 1182 3085 29154 2115 12451 5155 61487
4002 61372 27013 61678 61426 61678 61426 61678 61372 61678 61372 61678 61372 61678 61372 61678 61372 61678 61372 61678 61372 61678 61372 61678 61372 61678 61372 61678 61480 61678 61480 61678 61480 61678 61480 61678 61480 61678 61372 61678 61372 61678 61372 61678 61372 61678 61372 61678 61372 61678 61426 61678 61426 61678 61426 61678 61426 61678 61426 61678 61441 61678 61441 61678 61441 61678 61441 61788 61336 60656 61678 61372 61678 61372 61678 61441 61788 61336 60656 61678 61372 61678 61426 61678 61426 61678 61426 61678 61426 61678 61426 61678 61441 61678 61426 61678 61426 61678 61426 61678 61426 61411 61678 61480 61654 61426 61411 15031 61441 2227 2820 61678 61480 10061 2227 1736 2974 1700 61480 61780 1700 61480 61780 2115 14590 1250
22166 2678 2418 61336 61480 61780 4381 10406 61216
1058 61455 61397 6228 61223 7247 30641 50123 3129 23348 2820 395 61868 30641 50123 2227 3425 958 61480 10061 61455 2309 58567 2375 10332 9680 1736 1182 3818 3970 7385 10038 8721 61441 7385 10038 8721 61441 2227 3812 1182 3818 3970 4247 11752 8898 1250 61223 1736 10359 21797 1687 61995 3163 23348 1436 9955 22435 61522 4247 8898 1250 61223 3669 8237 395 61480 10061 2227 2678 1182 3818 3970 1436 9955 22435 61522 4247 11752 8898 1250 61487
15308 2423 61813 8721 6360 6041 5213 2227 3129 3022 61455 45765 3307 24960 22279 4928 28224 1250 61223 10332 7247 60674 1250 2375 395 2324 3448 4247 4928 17100 1250 1736 7247 60674 2375 8237 1325 18808 27831 61455 3349 10872 60994 2423 2115 12451 5155 61487
201 61397 61480 10061 2227 61216 39373 2227 2309 20247 3129 201 61426 61576 61480 61654 1344 62431 61372 7105 61397 118 93 61547 61417 61372 61417 61372 61417 61372 61417 61372 61417 61441 7845 769 958 2661 61936 4659 45394 25373 61372 61417 61372 4805 3085 61397 15967 9757 8980 769 958 2661 61936 4659 4002 61676 61788 61336 61372 4002 61676 3301 57240 2939 958 62431 61336 7105 61372 4002 61676 61788 61868 61678 61441 61397 61223 5484 21613 61654 1344 62431 61441 61397 2309 17720 10061 61455 55482 14432 22911 61936 61342 4002 61676 61788 61868 61678 61397 84 61289 61298 61309 61223 1802 62431 61654 61397 17720 10061 61411 61654 1344 4805 61397 4002 61676 4002 61676 61788 61868 61678 61676 4002 61676 57240 61311 61223 1307 18628 2974 49983 61705 4659 61426 2309 15326 3201 61688 61676 4381 2974 8898 61491 2974 8898 61342 93 61239 19832 61228 23419 61314 61223 58 19832 61228 23419 61314 3598 769 9420 4805 61654 9399 61411 61654 1344 4805 61397 17720 10061 61455 2309 15326 9420 4805 61654 1344 62431 61397 4002 61676 61223 4002 61676 61788 61336 61678 61441 61576 61342 61223 4002 61676 61788 61868 61678 61441 61576 61342 61223 4002 61553 61576 3301 61654 1344 62431 61372 61223 4002 61553 61576 3301 61654 1344 62431 61372 61223 4002 61553 61576 3301 61654 61223 4002 61553 61576 3301 61654 1344 62431 61372 61223 4002 61553 61576 3301 61654 61223 4002 61676 61336 61678 61441 61576 24777 2309 15326 3201 33065 61411 61553 2309 15326 8005 3701 61421 2309 15326 8005 3701 61421 2309 20247 3129 1428 7105 61356 61522 4381 1250 61487
19223 14477 13340 1802 61455 13923 2227 2309 49245 1515 5624 12151 13452 52278 30725 12392 2309 6162 61223 4002 9757 9757 61868 1736 17057 61768 9757 9757 2309 49515 598 28148 5236 61441 3812 10310 31769 5155 61223 41542 22344 14477 61676 17234 1736 5547 18415 61676 4381 3201 33065 61411 1736 1325 38330 61421 20918 5129 61411 24202 61223 15308 2423 61813 8721 1058 61455 61397 5309 8005 19553 61553 3163 40929 3129 6320 1226 17162 14157 61223 11366 11439 37133 2309 15326 6360 3022 6228 61547 2309 1325 2423 5958 61547 2309 20247 3129 1058 61576 57253 9272 17162 14157 61487
2856 61688 15566 1822 33325 7247 26780 2309 1643 49984 2324 880 8005 3701 61421 61228 61397 61480 10061 2227 2678 6298 62100 61320 35546 2447 1250 61282
1736 4888 9823 1643 9817 61411 1704 32325 5155 14132 15117 3307 5155 2375 2375 1822 61426 3425 35091 61381 35358 61342 2227 3425 23471 3425 57673 20469 2309 15326 395 2324 30909 61678 4928 3307 5155 61216
8005 19553 61553 4381 9362 671 61421 3818 61473 4381 6975 1822 1226 2309 15326 21849 61947 61455 20247 2820 8005 44221 61282
140 50556 61260 140 11701 2309 8005 44221 2227 2309 15326 8005 44221 2227 2309 15326 8005 44221 2227 2309 15326 61223 42597 45047 13452 52278 4002 61707 61707 2678 8005 31495 61372 12392 2309 20247 3129 21849 62246 33325 21439 40644 6975 1822 1226 40929 2309 6162 8005 19553 61553 4381 9866 2678 30725 12392 2309 20247 3129 35546 11752 8898 1250 61223 11366 5236 8005 44221 2227 2678 21849 61553 4805 61707 644 6975 1822 1226 61421 12392 2309 6162 8005 61780 61553 61947 4381 1250 61216
1515 61576 8818 61491 48620 35484 2423 61768 61441 62431 3085 61397 3129 44142 38884 2227 2678 1058 61491 61480 10061 61995 1736 1802 35139 12392 2309 6162 44142 395 61441 61576 61441 7105 61372 3425 1802 35139 12392 2309 6162 61223 395 61441 61576 61441 7105 61372 3425 1687 1344 61381 20469 2678 1058 54407 1643 1120 61543 9520 61491 2820 47770 61441 3307 5155 61223 11366 11439 2820 5958 61543 2227 1736 2974 61553 61381 1700 20469 2678 1182 3818 3970 2447 56342 2115 29776 5155 61487
8369 9391 1700 4381 9420 61576 61654 61441 6360 1259 61868 58439 2309 15326 318 7385 61705 4659 2227 2309 15326 4002 61707 62431 61707 61357 61397 5922 1344 4805 61397 3349 61132 12392 3425 1182 44124 61421 4386 1250 61216
73 8787 3494 40644 2309 6162 1515 5129 61417 61947 2227 1736 7385 9757 61547 61421 2227 2309 6162 8005 62322 36356 4381 9866 2678 1736 31987 61426 1700 2227 1736 31987 61426 1700 2227 2309 15326 23795 6041 23829 2820 19747 61342 3307 5155 9362 40787 5236 34469 1736 1802 24202 3425 1643 61688 61654 61223 3022 42039 3425 1643 61688 7814 61223 3022 42039 3425 1643 61688 7814 61223 671 5129 61320 61868 3425 21849 3448 2309 1643 28669 2227 1736 395 61480 61397 61336 2309 15326 20748 61705 2227 1736 395 61480 61543 1700 2309 15326 5155 61487
11136 10957 28148 61426 2227 2309 395 61480 61397 61336 2418 25373 61372 61417 61553 4805 61397 93 9164 61207 61314 61265 93 61678 61342 4002 61480 17384 61411 61654 4805 61397 2678 19747 61342 2447 1250 61223 43150 6228 395 61480 21613 61372 2309 8005 3701 61421 3129 35546 2447 1250 61265 93 61678 61342 61216
1515 61576 61480 61473 5309 2227 2678 17949 59119 61381 3812 3022 61455 45765 3307 5155 61223 15308 2423 61813 8721 1325 17529 6925 1325 1822 61473 12151 1736 1325 1822 61473 12151 5484 61426 62305 6307 1250 61487
201 61646 10419 61676 1515 3818 61473 7814 61421 5484 20572 61553 5309 2447 9362 15710 18518 61491 8005 62322 36356 5309 2447 3425 7385 9757 61547 61421 4386 4247 8898 1250 61223 1736 11086 2856 61688 61788 61372 4002 61372 61788 61868 61678 61426 4002 3301 57240 61788 61868 93 2613 61298 61265 3425 49687 25923 61342 2447 1250 93 7052 61332 2820 7739 61335 61223 23288 9360 1736 958 61947 4659 61426 61372 4002 61426 5624 61426 61372 2309 17720 36303 3129 31410 61705 9399 46651 3425 49687 25923 61342 2447 1250 61223 26733 13539 2820 3522 61242 11958 61223 25215 9360 395 61480 61397 2309 37332 61426 5298 61372 2309 49245 1436 10419 61676 1250 54160 11318 61332 2820 10812 61249 8980 61223 4063 9360 22425 6360 46799 46799 1736 7385 9757 61547 61421 5309 2447 1250 9362 21849 33325 21439 61228 19115 671 10061 20469 2309 20584 61732 61480 10061 2227 3129 2820 30018 1250 61487
1515 61576 5236 6571 4002 61336 61372 61417 1704 3301 61654 1344 4805 61654 2227 2678 11136 10957 28148 61426 2227 3425 1436 13780 16177 29800 5155 61282 61228 2632 19250 61654 3679 61480 17384 5309 2678 61336 61372 61417 61372 7105 61397 3349 1325 61522 4659 61688 61473 1736 1182 61490 61522 4659 61426 4002 61473 4659 61688 61654 5309 6204 12904 4160 8169 10385 93 38964 61265 2309 16158 2820 14477 61676 4381 1325 61522 4659 61688 7814 1325 15031 61441 3425 10957 28148 61426 93 61543 61576 5236 4002 61725 61788 61868 30289 3129 6320 1226 41471 1250 61265 2632 6984 61654 11785 36547 61426 5309 2678 61336 3163 61553 7105 61397 93 61293 11701 61265 1250 61216
1515 61576 10038 61553 5309 1515 1120 61421 9520 61491 17240 50244 2227 2678 35484 5236 12796 1704 2309 6162 73 8787 3494 40644 7137 61473 4659 61688 17384 2309 6162 6360 2678 61732 48111 12392 2309 6162 6360 2678 61732 48111 12392 2309 37722 3129 2974 19553 61553 3163 40929 2678 2974 19553 61553 4381 22430 1250 61487
4002 61676 61216 4002 61216 7137 1120 61676 26176 338 58 19832 61228 23419 61314 3598 2309 598 28148 5236 61397 8002 61397 1736 8005 61397 15031 2309 6162 5922 1344 62431 1120 61654 61228 61678 61480 8721 15031 8005 8818 61947 20469 2309 6162 54613 61553 3349 54613 61553 1250 61487
7247 1515 61543 61381 2820 61223 2856 17905 61417 61473 2227 3812 6360 49851 2309 15326 19776 2678 1182 3818 3970 2820 1182 3818 3970 1182 3818 3970 846 7623 9272 17162 1250 61223 17411 9866 2678 1182 3818 3970 9272 17162 1250 61223 23795 6107 12400 18518 12392 2309 6162 57611 22430 1250 61223 1736 15321 6041 61411 35139 12392 2309 6162 57611 22430 1250 61223 1736 15321 671 61522 1822 8898 12392 2309 6162 9362 13452 1704 2309 6162 61487
7247 15478 2678 1307 12776 1704 2309 6162 2375 61421 9520 6571 1325 27056 4386 1250 2375 9680 3121 846 61342 4688 2227 3812 3022 61455 45765 4381 2115 28224 1250 2375 8237 7247 15478 2227 2678 1307 12776 3307 5155 61216
15308 2423 61480 8721 19776 23471 3425 1687 61995 3163 1058 61576 57253 4247 16749 61480 61223 8237 3022 42039 9362 3022 42039 3129 22628 61543 1704 2309 6162 10725 10957 28148 61426 3425 1687 61995 3163 1058 61576 57253 4386 9272 17162 1250 61223 1736 4888 9823 6925 1687 61995 3163 1250 61223 3669 10332 1250 2375 8237 1307 10419 61676 12392 2309 6162 61216
958 61372 61473 33359 5922 1344 61576 61516 2632 61357 61441 61576 24777 2632 61357 61441 61576 24777 4002 61336 61678 61372 61678 61441 2632 61357 61441 61576 61516 61357 61397 4247 28224 1250 61216
15308 2423 61813 8721 1058 1700 7845 2309 5484 20572 2227 61223 1515 61417 61543 1700 2227 1736 9420 1344 61576 61480 61397 61336 7623 61372 1182 11373 2115 29776 5155 61223 10332 6925 3201 61411 22672 5390 61732 2227 3129 1250 61487
1325 61516 4703 55599 23829 3812 3349 42655 1736 5922 62431 61547 34200 61707 49106 8818 40929 2309 15326 50270 2227 2309 15326 61223 2856 61688 61788 61336 9757 61868 2309 49245 2309 49245 2309 6162 9420 1344 61576 61480 61397 1736 4002 61480 61543 5624 61411 15031 2309 6162 3679 61480 17384 61725 61356 61397 2309 6162 61216
1307 10419 61676 2227 1736 1307 10419 61676 2227 2309 1307 10419 61676 2227 3129 8005 61780 61553 1736 3022 42039 3425 8005 42055 93 61678 61725 29622 9757 61265 3425 1687 61995 3163 40929 3425 15117 1704 2309 58567 140 50556 61260 140 11701 13452 52278 3129 2974 56650 17240 61995 38243 12796 1226 1250 93 61646 61473 61576 61480 61654 39306 52 7700 853 61265
2418 61705 5129 61455 61421 61223 10979 15566 19760 4381 73 8787 3494 40644 7137 61426 61441 3425 8005 19553 61553 3163 3425 8005 19553 61553 3163 1307 1344 61576 61547 1344 61576 24777 2309 8005 3701 61421 3129 7247 10979 22925 61995 4381 5484 3701 61654 61441 3425 20286 61543 3425 1436 3970 5213 61995 2309 20247 3129 6360 1436 3970 5213 61995 1250 61487
40787 5236 90 18805 7345 61547 2309 6162 1802 62431 61547 2309 1428 7105 61356 395 61473 18628 1182 3085 29154 2115 12451 5155 61216
4002 61372 29622 4002 61397 61678 61372 2418 1704 1515 18887 1436 2447 61381 1182 61576 61543 3022 61356 4703 2678 73 8787 3494 40644 3129 1182 61490 61654 1704 2309 1428 7105 61356 3349 15859 61397 27869 9272 1250 61487
1328 1182 61336 61688 7814 3812 61223 8465 417 1182 13719 54916 3129 6041 61411 35139 12392 32325 9866 2678 46799 6041 61320 9250 2309 58567 2882 61417 61654 23529 47428 1250 61487 10332 7247 3420 58567 1250 2375 1072 5316 5390 61732 2227 3425 11456 61320 27013 2309 58567 1250 2375 1182 3818 3970 1259 5129 61320 61421 3425 1515 61543 61381 2820 61487
43150 6984 36236 7345 11136 8369 61780 61411 22672 1058 1822 33325 61336 2227 3425 10310 1704 2309 1643 49984 2324 93 61646 3970 5213 61995 2309 6162 2375 23795 14477 13340 5484 10061 61455 2882 13479 2820 1736 35484 9955 61547 61417 61707 5298 3425 22258 2820 43150 6228 1643 61688 7814 395 61480 61547 61417 61707 61357 21439 2820 56627 3129 1250 61265 6360 15478 1250 61223 48620 9420 1344 61576 61441 3812 1687 47304 16771 1704 2309 6162 1736 3679 14796 61320 40929 2678 7483 1704 2309 6162 6298 61553 61947 2324 12392 2309 6162 6298 61553 61947 2324 10406 61487
73 8787 3494 40644 2678 19747 61342 1704 2309 6162 4002 3301 9757 61678 61372 7105 61372 846 61852 5298 61480 1736 53194 1259 4659 61688 61654 61441 2309 6360 3679 61480 17384 1704 3301 61654 61441 8005 8818 61947 20469 2309 14949 2820 8369 61780 61411 22672 8005 8818 61947 20469 3349 14949 9272 41471 1250 61216
12613 61247 2309 15326 140 50556 61260 140 11701 2309 395 1704 3301 61654 61441 3425 8005 42055 318 3425 1687 61995 3163 3425 1687 61995 3163 3425 4928 8898 1250 93 61543 7845 61455 20247 2820 13452 52278 8005 42055 61265 2309 1643 61688 61473 3129 2418 8898 1250 93 61543 7845 61455 13452 52278 3425 8005 42055 61265 1182 4381 3163 1250 61216
1307 1344 62431 61372 1736 2632 61357 61441 62431 61397 61223 54311 61223 23295 14042 6360 61228 8818 61426 4381 140 8131 10310 4928 17100 1250 61223 1736 6360 61228 61522 61490 25825 140 8131 10310 41471 1250 61216
3022 6228 61547 73 8787 3494 40644 395 61480 3301 9757 61372 3129 10310 1704 32325 1307 20454 28240 61441 1182 61372 5309 8005 3701 61421 5309 1325 3701 61421 1736 2856 17905 61417 30289 61491 3812 61417 61473 2309 1643 9817 61411 1704 2309 8005 44221 2227 2309 20247 3129 2974 19553 61553 4381 2115 14590 17162 1250 61223 11366 11439 2882 1700 958 61947 4659 61688 61788 61336 2856 61688 61654 1344 62431 3301 61654 62431 3301 61654 62431 3301 61654 2309 8369 44887 2227 2678 1436 61780 1700 61480 62322 61320 12392 2309 6162 958 61947 4659 61426 9399 61455 61491 8005 19553 61553 2678 40067 62817 61473 24349 18666 12392 2309 6162 2974 19553 61553 3163 1250 61487
8237 10332 3022 61455 45765 1704 2309 6162 2678 61732 48111 2115 12451 5155 1736 59118 5213 61356 2820 23398 8902 50270 2227 2678 846 61342 4688 1704 2309 6162 2678 61732 48111 2115 12451 5155 61487
10332 395 61868 48145 2820 7137 61813 2820 4002 61480 61397 3425 22258 4386 4928 8898 1250 3669 7247 60674 38396 61676 61417 2375 8237 13452 1704 2309 6162 2375 8237 598 61654 1704 9362 4386 4247 17162 1250 61223 1736 7247 1643 32210 3129 8902 671 3705 61372 3812 671 3705 61372 2882 61417 61654 17162 14157 9362 8237 15236 1736 15161 61223 201 61491 61381 6360 20918 5129 61411 24202 36236 3425 1182 44124 61421 1250 61487
10332 7247 3420 58567 1250 2375 43150 6984 9866 3129 2820 5649 61381 9362 11136 51797 17384 1643 61688 7814 14932 1704 1736 1307 1344 62431 61707 2678 1182 3448 12392 2309 6162 43150 6984 2309 15326 8005 61547 60655 4381 12392 2309 6162 6360 8005 61547 60655 4381 12392 2309 6162 1250 61487 7247 3420 1325 17529 6925 4386 1250 2375 10332 1250 2375 10332 1250 2375 8237 671 61676 4381 24643 2309 15326 6360 395 1704 3301 2447 1250 61487
1515 61576 10038 61553 3129 17720 12151 28947 61491 4002 61426 7814 61543 1388 61397 4002 3301 61654 61223 53194 2974 61547 60655 4381 846 61356 61543 2227 3425 59119 61381 2820 9420 62431 1120 15818 61372 7345 18791 33546 16139 61705 2423 1226 1250 61487
1736 8902 50270 2227 2678 5735 61417 18628 1736 5735 61417 15585 59664 2309 15326 1058 61576 57253 14932 1704 2309 6162 846 61342 4688 61417 61223 9815 8902 50270 11456 61490 61654 61342 2309 1307 61441 3812 14932 1388 61487
3201 1700 61480 61780 53257 1325 3701 61441 3129 2974 3134 24349 61426 2974 3134 24349 61426 61223 10979 61705 62305 10833 6307 1736 8005 3701 61421 5309 2447 4002 61553 11358 57240 20305 2678 4002 61480 61654 1388 61707 61417 61397 9362 21849 61947 61356 5649 61411 8262 1704 3129 2974 61553 7623 9272 4928 28224 1250 61223 11366 11439 3201 1700 4381 24643 61455 61491 8005 3701 61421 61342 3129 2974 19553 61553 4381 4386 1250 61223 2856 61522 4659 31365 1428 62431 61441 8369 29124 3301 20305 3129 2974 61553 7623 9272 4928 28224 1250 61216
40787 5236 2375 8237 3201 61654 61342 3307 5155 2375 8237 3201 61654 61342 3307 5155 61223 8237 13105 25992 61868 1736 2974 8898 35139 2309 15859 61397 27869 2115 12451 1250 61487
2309 59572 61223 4351 11501 5484 2423 61768 61654 7345 8902 846 61356 61654 2227 3812 1436 10419 61676 7137 61813 61654 2227 1736 7137 61480 61654 20469 3349 61132 4386 10310 8898 1250 1736 4351 8902 1436 10419 61676 2227 3812 1436 10419 61676 4247 4928 28224 1250 61223 11366 3701 49515 9680 3121 8005 61516 61421 61342 12796 1704 2309 20584 61547 60655 61995 2227 2678 1436 3085 61441 61480 62322 61372 12392 2309 6162 8369 61780 61411 22672 2447 40929 2678 1436 61780 1700 2447 1250 61487
9420 1344 62431 61372 9420 1344 62431 61372 1736 9420 61455 27013 33325 93 27013 9757 33325 61265 9420 1344 4805 61397 2678 15117 1704 2309 6162 846 61356 61654 1344 4805 61397 12796 1704 2309 6162 12796 1704 2309 6162 61216
30491 30289 60656 8005 61547 60655 61342 1643 8578 61411 61995 1687 61455 61336 5298 3129 8005 61780 61553 2309 2418 61342 62305 10192 6307 2678 4386 19747 61342 1704 2309 6162 6107 12507 61553 5309 1325 1822 33325 61336 2227 2678 6107 12400 18518 12392 2309 1428 7105 61356 61223 9866 2678 8005 61780 61553 4381 38884 2227 2678 16320 21861 3301 2447 2309 6162 1736 32379 8600 2227 2309 6162 8005 61547 60655 4381 12392 2309 6162 16320 21861 3301 2447 40929 2678 20286 61543 2447 1250 61487
1515 1120 61421 9520 2820 6360 1307 10419 20304 14432 22911 61936 2227 2309 15326 17167 20584 61732 61421 2974 61421 5309 1344 2447 1250 61339 30754 8721 55482 2820 57019 61342 2227 3425 23471 1436 9955 22435 61522 1250 2375 8237 1307 10419 61676 2227 2309 6162 1436 9955 22435 61522 1250 61487
21797 1058 1822 33325 61336 2227 3129 2820 30018 20572 73 8787 3494 40644 3129 2820 1307 18628 24960 21849 33325 21439 644 2678 1259 3669 4688 1704 9362 958 62305 30489 61490 4386 15236 61487
201 61678 61725 61678 61426 61678 61426 2309 31986 61818 4703 2974 61421 5624 61411 61947 61342 9420 61455 61426 958 13328 61411 15031 61287 201 61725 61455 61678 61426 2678 5484 61426 62305 6307 2309 1428 7105 61356 25478 3163 1436 13780 16177 4659 1250 61287 1736 201 61397 61480 10061 61455 17240 18808 25376 61223 4002 61725 61678 61426 6320 60657 4247 11752 8898 1250 61287 7345 15161 2375 846 61417 27013 3121 2678 2974 45583 24202 9272 1250 61487
6360 9420 1344 61576 61516 61357 61397 2309 6162 21849 61678 61372 61397 61228 61473 61576 3301 61654 61441 8005 61547 60655 61342 2227 2678 73 8787 3494 40644 35091 61381 35358 2227 3812 8005 61780 61553 4381 2115 12451 5155 61223 11366 11439 4002 3420 61547 61417 61547 4805 61547 3349 42655 2227 2678 25314 1704 2309 6162 60021 2447 2309 6162 17949 2974 8898 61342 2227 2678 1802 7845 62431 1120 61654 2115 29776 5155 61223 11366 11439 2974 61547 60655 61342 2227 2678 1802 7845 62431 1120 61654 2115 29776 5155 61487
27051 55322 11541 62431 3085 61654 26780 11136 15498 2227 3129 1182 44124 4247 28224 1250 61223 9823 6925 61223 48620 6360 7137 61426 2423 1250 2375 6360 15498 9362 6041 1344 62305 6307 3425 2974 61356 35139 27051 1515 1120 61421 9233 2309 2974 61421 5624 61411 8578 61342 4247 28224 1250 61216
8002 5213 2309 1307 1822 8898 2820 44142 24341 3129 16320 61441 20493 61947 1250 61223 15308 2423 61813 8721 1643 8578 61411 61995 18605 9520 3425 3201 61411 22672 2447 2678 395 61868 2820 35546 2447 1250 61223 1736 395 61868 1643 8578 61411 61995 18605 9520 3129 35546 2447 1250 61487
1307 20454 28240 61441 3022 7814 61522 11373 61223 1687 61320 61421 9520 1736 21766 61576 57253 16771 1704 32325 44142 1515 3818 61473 1700 5309 22881 2227 2678 1307 19058 12392 2309 6162 1182 44124 61421 1388 5155 61223 28478 39373 61228 61678 61342 3129 16771 1704 2309 395 3448 24777 2227 2678 54985 14590 1250 61487
4888 21307 6975 7542 61491 2309 6162 1259 5129 61455 8578 61995 4386 2115 28224 1250 61223 90 7583 3425 8005 8818 61947 61372 2227 3349 61132 22430 1250 61223 7247 60674 2375 19223 1307 20454 28240 61441 2227 2309 3022 56987 61725 2227 2309 6162 28153 61732 4247 3163 37476 5155 61223 7247 60674 2375 8237 28153 61732 4247 12451 5155 61487
8005 17904 61421 8005 3701 61421 61342 2227 2309 8005 3701 61421 61342 2227 20665 14412 25015 2227 2820 3022 61455 45765 1704 2309 6162 8369 61780 61411 18666 12392 2309 6162 1182 3818 3970 23348 2820 9866 2678 2418 61426 61480 10061 61995 11948 5155 61223 11366 11439 23348 2820 9866 2678 14412 3818 61372 3425 2418 61780 3705 61372 12392 2309 6162 2974 19553 61553 4381 9272 17162 1250 61487
2418 61646 61654 61473 61490 61654 3425 10957 28148 61426 2227 53194 9866 3129 2820 136 51797 17384 20215 51797 61441 61265 1643 17905 14932 1704 3425 2678 61732 48111 2115 29776 5155 61223 1736 9680 2309 6162 1307 12776 1704 3425 2678 61732 48111 2115 29776 5155 61216
7247 1515 61543 61381 2820 15321 30220 61543 31544 30220 61543 31544 3425 13452 52278 6320 1704 3425 1515 61543 61381 2820 61223 1259 3818 61491 2447 1325 61947 4659 42039 9362 4002 61441 62431 3085 61654 1344 62431 61372 2309 3022 61356 61421 9520 1687 1344 9817 61342 2227 2678 1182 61490 61372 2820 29733 9272 1250 61223 11366 11439 6360 15733 21285 3121 3701 61654 5309 958 61480 10061 61455 6360 6360 201 61397 61480 10061 61455 61491 61287 2309 20247 3129 201 61397 61490 22911 61936 4381 61287 5922 1344 61576 61516 2678 37476 4247 28224 1250 61487
2856 61688 61788 61336 61441 62431 61441 2309 58567 5922 1344 61576 6228 2309 395 61868 1182 3818 3970 1182 3818 3970 1325 61947 4659 61553 62305 10833 6307 13452 52278 56342 2115 11752 8898 1250 61223 1736 1515 61576 5236 1515 61576 61342 31191 5309 13452 52278 40068 61654 3425 35960 56342 2115 11752 8898 1250 61223 1736 1515 61576 61342 62305 6307 45132 1736 8005 18808 33800 61342 2227 2309 15326 8005 44221 12392 2309 6162 8005 44221 12392 2309 6162 8005 61780 61553 2678 30725 2115 29776 5155 61487
23295 6162 73 8787 3494 40644 7345 18791 45712 1226 2375 140 50556 61260 140 11701 61228 27040 61247 2309 16320 61441 20493 61947 2309 61132 2820 8369 9391 1700 4381 35484 61654 61441 2678 1687 6307 2820 1058 61576 57253 9272 17162 1250 61487
1736 20918 5129 61411 24202 61223 4351 3679 61480 17384 61678 61441 62431 61441 2820 19223 44142 2678 6320 1704 3425 2678 61732 48111 12392 2309 6162 1307 12776 1704 2309 6162 846 33359 61455 24285 2678 1436 10419 61676 12392 2309 6162 61216
1182 61372 61336 5298 2632 62431 1120 15818 61654 4002 61397 7137 61480 61547 7814 7345 73 8787 3494 40644 2309 3022 6228 61547 4381 7385 61705 4659 2227 3129 1436 61780 1700 8898 1250 61223 6360 58698 33800 4381 26780 7345 61216
1736 6041 27831 61522 6216 5484 20572 2227 2820 3022 7845 3420 61678 61480 6838 61236
2974 56650 61228 61473 19250 61936 61995 2309 6162 28949 1822 8818 7137 61426 5298 416 7137 61426 20469 2309 15326 2600 958 2923 61372 3129 6041 32697 61688 4247 8898 1250 2375 6107 9955 61372 5309 6041 19250 60282 6041 32697 61688 39498 1250 61216 500 671 3705 61223 500 41734 671 3705 61223 1676 11980 61312 671 3705 1736 11549 9362 33869 30018 61216
4002 61725 61678 19075 61426 62431 3085 61397 2309 23348 2820 7137 61426 1344 2227 2820 56711 3307 5155 61223 6041 27831 61522 6216 1182 3818 3970 4247 28224 1250 61487
2882 13479 2820 1736 1182 3818 3970 2820 9420 4805 61654 61441 7105 61372 8005 18808 61320 40929 3425 23471 2974 8898 61421 11948 5155 61223 21849 62246 33325 21439 40644 2309 7137 61426 4703 2309 58567 2227 3129 1325 38330 61421 3425 1515 61576 61342 62305 25825 2447 40929 2678 1325 38330 61421 1250 61223 48620 56627 3129 21849 62246 33325 21439 644 9420 1344 4805 61707 2227 2309 49245 4888 9823 1250 61223 1325 38330 61421 9520 13452 52278 1250 1736 37133 3425 45428 12151 61411 2447 3425 13452 52278 1250 61223 48620 1182 3818 3970 4386 9272 17162 61216
10359 47440 3129 4247 12451 5155 61223 1307 20454 28240 61441 598 3085 3420 61441 2227 3129 35091 61381 35358 29800 5155 61223 15308 2423 61813 8721 8237 3022 6228 61547 2309 20247 3129 8005 61547 60655 4381 12392 2309 6162 8005 61547 60655 4381 2115 29776 5155 61487
19223 19075 61426 5624 2227 2309 1325 2423 5958 40929 7345 1325 61426 5624 61455 2309 846 61356 61654 2227 3425 671 2923 32026 61480 61223 10359 8237 7385 1822 21285 61426 1802 61455 61397 61336 2227 2309 15326 2418 3307 15236 61223 10359 8237 671 2923 1307 20454 28240 61441 1250 61487
31986 61818 13340 8005 61336 8578 61995 2309 6162 2974 61421 5624 61411 12151 8005 8818 61947 61372 2309 6162 93 61543 61576 5236 2418 61426 9399 61455 598 4805 61707 29323 13540 61417 13540 61417 3301 61732 5298 61265 338 5484 20572 5135 61228 5019 958 61480 10061 20469 2678 21849 62246 33325 21439 644 3129 846 61342 4688 1704 2309 49245 20584 61732 61421 2309 49245 61223 10359 20665 2375 1182 3818 3970 1436 10419 61676 2227 2309 9866 3812 3679 36303 3448 61441 12392 2309 6162 3679 36303 3448 61441 12392 2309 6162 1428 7105 61356 61487
40787 5236 4002 61372 29622 60656 7345 61780 61356 61522 9272 1250 61223 7247 4002 61397 2324 7345 7247 6228 61868 61441 2974 61547 60655 61372 2309 958 2923 1704 2309 6162 57611 2115 28224 1250 22425 3186 5922 62431 61441 61336 2678 1736 30018 2820 35546 11752 8898 1250 61487
1307 1344 62431 61372 1736 2632 61357 61441 7845 2309 6298 61480 61547 3349 14412 61490 61654 93 61522 9817 61411 1704 2820 6298 61480 61397 3349 6298 61480 61397 9362 11136 61372 61417 1307 61576 61342 7814 3349 671 61576 9955 13550 14412 61490 61654 61265 1736 1307 1344 62431 61372 3420 61852 61397 93 61659 61516 13340 598 6984 61342 61397 598 6984 61342 61397 9362 43150 7814 1307 3301 5236 61336 7105 61336 1687 1344 62431 61342 61576 61654 61397 61265 2678 4386 14932 2447 1250 61487
