201 61763 61593 61763 2333 61593 61580 3385 28517 61243 216 1532 61272 1180 265 922 2014 29699 5608 21292 5608 2121 23369 3832 3251 2468 13106 4663 414 27431 53574 53366 24576 18979 7694 996 1585 315 7640 1170 11790 26595 337 830 965 26595 1034 61796 35764 3996 61223 331 61423 370 3306 370 51091 45575 2097 24576 463 319 49207 40230 1709
1667 4326 388 31666 3306 21890 3178 15720 195 3385 600 459 922 61223 31002 47100 3306 922 21634 290 3566 337 1544 290 421 5935 61223 17067 43008 14423 6611 61223 2032 58619 3306 61223 11411 24207 4256 2150 12084 1913 24207 1299 12813 5748 43892 600 61235 25184 17945 337 32667 250 8762 14250 3196 61223 241 48879 61223 2526 549 46030 1474 26217 2548 296 33335 61223 2030 61423 1451 6144 4315 61232 2058 61243 61223 5690 9752 3332 11713 6812 61223 1034 61580 61627 61593 61223 938 382 217 426 1127 28186 45450 543 15725 61223 1153 61316 440 26565 45450 543 10825 61223 1394 53433 1127 9077 9826 2354 967 9077 9826 45450 543 61316 9118 337 1338 1768 534 61316 61275 61223 32733 24576 3769 382 4880 26412 15231 8665 56902 20149 13758 21533 2190 61513 1046 61627 61591 61665 61600 40644 1709
1667 318 15618 290 20385 61535 61816 61567 56499 331 26713 546 27806 13899 26565 1661 382 26565 21991 61563 2599 331 658 18972 60670 658 10025 14255 2150 6476 3498 33336 61268 337 42593 6395 7640 11900
16627 47472 24724 8753 56161 5836 4706 38301 16647 10915 2190 5676 290 2034 1184 1658 61216
2438 56161 4933 25678 8665 4023 21561 3451 3306 4706 13695 61223 10150 42593 6395 3306 46581 49408 954 21750 10428 18402 20437 337 54609 40656 7136 51057 61316 931 53984 16912 61223 1303 1450 61272 9621 6674 9485 954 337 1557 7852 954 10428 18402 20437 42593 6395 7640 61216
37815 30829 370 3832 45148 37129 3306 337 24451 931 16372 5551 61383 996 1585 315 7640 2333 61593 61580 61763 42939 5569 6611 996 1585 23649 4706 13053 19822 21796 440 27431 17607 2468 13106 4663 416 5812 183 1470 61279 370 965 28738 241 549 617 2896 61216
201 22523 6860 61310 8612 731 3451 61398 2662 15720 4706 549 61310 11911 9501 4880 3498 42593 6395 7640 61223 24140 1660 24593 10825 38637 61223 4076 8028 771 61223 4652 61398 1331 658 1814 10498 922 33336 3238 61216 2603 382 5073 61398 33336 17607 8035 3052 459 1489 61241 6395 61243 54499 1474 4933 4256 9131 13928 8273 3566 658 18972 13607 33336 61268 61223 241 31666 322 3385 2912 266 20447 22814 61223 2032 4260 42593 6395 3306 9131 18946 5486 6611 30014 33336 1479 61223 14954 658 18972 30975 33336 3238 38293 1474 9750 1709
1667 1321 1538 7629 61223 2032 15016 61223 3769 382 35662 61223 549 1394 13028 2249 13095 6498 61238 3769 3206 61223 7978 26217 2548 21676 61223 28618 3306 26217 61223 2032 57809 61238 1732 4976 19822 1415 45903 1661 363 241 46516 61238 17847 22120 15271 6611 21750 29431 426 61223 10150 54609 40656 56807 17945 2410 543 13992 11900
201 61591 57809 61423 24198 61423 49652 43892 600 61235 25184 17945 19212 53211 4976 217 414 13152 1447 61238 8753 56161 2097 241 18050 61223 2032 549 19041 61313 771 22588 16795 414 25336 13095 6498 61238 6674 12644 58619 7640 61223 337 61223 24140 61223 3385 2034 13441 1557 5592 954 7563 15550 241 44388 28955 1557 43214 37414 59046 53144 61223 993 20833 931 337 59897 61241 15000 331 20335 1180 10825 1709
10586 600 3996 46516 440 31070 459 4256 5082 534 15720 464 4652 61398 54029 50618 16550 1660 46030 1127 5836 61216
201 61627 2058 9576 22814 21095 5388 6144 52210 6783 4315 23071 20607 3498 27218 61310 3498 20823 61275 61282 21846 19997 37583 61223 17156 19676 3498 414 20447 15550 13695 61223 10150 42593 6395 3306 61223 241 48879 17786 61223 20893 4023 12869 11307 6427 3385 21880 4880 2121 29292 24724 993 3052 11307 61223 11411 6611 56098 296 20823 36083 35494 6245 3251 47227 19822 61223 14213 16022 46030 5388 14401 6674 12644 2121 24537 11411 6611 56098 296 21991 61563 382 43644 731 55085 46744 1709
7704 21142 459 8294 12403 1732 465 8667 337 54609 534 8294 10379 11568 5630 61238 10379 11568 1689 61216
1667 61627 10814 4061 464 48866 26612 20986 388 546 12869 49749 61238 2121 35393 37583 61223 1303 1450 61272 8028 3832 18603 549 25678 8665 3051 61241 617 922 61513 241 44610 4566 3196 5569 39932 440 4706 241 16355 37225 241 18149 26202 21991 61563 382 22405 13875 2912 266 11900
201 3379 15618 290 4260 2354 5109 41090 45148 33336 3238 20564 658 18972 3306 2354 5109 41090 3142 61275 58791 61275 61223 61202 35230 931 337 42860 61333 13607 20564 658 18972 3306 337 53984 421 658 7272 5486 421 46497 41268 3385 8737 954 2121 21676 1709
201 61593 2695 3001 28324 771 331 15345 61243 3051 61241 617 922 61240 84 61249 61251 61249 241 5272 27256 61223 787 61580 61567 34863 31475 37794 8194 1470 543 3451 12625 731 3451 61398 17960 3051 61241 617 922 61240 1709
201 61810 1127 3306 3385 61263 54439 24593 10825 337 17137 5082 33725 7640 241 7704 18222 4818 17356 61423 20564 1732 8667 370 936 3385 14518 33026 42593 6395 15333 8035 3052 3996 414 24593 15725 61223 5554 965 61238 337 216 690 1450 61513 1709
4326 2905 617 922 61235 21768 61333 73 8787 3494 40644 7978 7629 2526 15503 61216
201 61593 250 22228 61223 36965 21905 37038 9025 42504 44446 13875 2912 266 195 55908 61513 195 28251 59352 45575 1881 241 39068 61268 543 53574 32569 13690 19212 42033 217 1709
201 61593 61235 6929 2146 3196 4225 23649 16840 61407 4240 61223 28457 1658 8294 7682 337 658 21231 322 7682 798
11107 46581 3064 13690 1303 23381 18879 28955 658 42033 19697 61513 6427 549 534 6647 8194 9131 13928 8273 3566 35393 7563 23287 18603 6427 1583 61279 1085 61241 61216
7704 13551 954 8028 343 4706 4315 23071 20607 3251 47227 19822 337 10055 1180 8665 18162 27868 47227 19822 42593 6395 7640 61282 52124 2097 8028 61268 4315 23071 20607 3251 47227 19822 195 53984 1482 922 337 42593 6395 60510 61216
201 22523 1447 965 6498 61238 61161 15725 61223 25932 6834 33249 14401 414 682 44949 195 61162 58211 8194 73 8787 3494 40644 549 28324 61268 47472 24724 24324 10238 73 8787 3494 40644 241 54169 543 6427 830 1184 843 37971 382 58211 3498 61223 33132 2099 28378 388 546 771 1533 61272 20564 1732 43214 4319 370 936 241 2468 13106 4663 61423 51570 817 37971 382 11974 5836 61223 47168 1544 61796 61596 731 57926 2312 32215 465 1709
4254 18467 30267 2410 421 195 14250 44202 938 1913 61216
1034 342 2070 61238 1034 61796 337 46373 31724 25002 17607 731 3052 459 549 40988 34142 6611 61223 2032 32808 5608 33402 24207 21292 5608 34863 14660 938 659 23224 936 61216
1008 57926 14615 11165 13565 37543 342 37884 43501 48704 8035 15594 61238 2097 61216
1667 500 15618 290 13095 55993 4319 42593 6395 7640 61223 658 8433 2020 56141 720 18862 5168 43323 14586 1507 57753 1046 61627 61591 61665 61600 40644 51747 17051 241 21634 290 61238 61223 195 658 8433 2020 3306 922 3379 61301 1661 31767 61235 13025 42593 6395 7640 61223 10055 1982 16284 2127 1533 2097 61383 195 21324 61309 319 49207 61216 337 1544 6881 195 19029 61309 319 49207 61216 201
201 61580 426 459 2097 722 1450 61275 61303 250 18324 10624 922 52192 922 19212 3385 61333 4976 217 61223 2526 41898 10827 1768 17414 37884 342 620 20424 241 2121 61294 1127 6208 1709
6648 5748 32811 12442 931 61223 1814 11974 18979 464 24149 954 2146 18467 337 54609 534 8294 35664 26911 7682 61223 14954 3385 2526 33725 7682 61216
201 61600 61240 3196 1947 15725 2034 1184 1658 61223 4076 8028 771 61223 41410 1846 7629 241 15347 2097 195 61279 370 543 217 241 2526 61263 6427 38774 2097 195 8500 1881 241 54169 771 61223 26847 28677 421 2014 1184 7629 12500 28251 250 12683 4706 3385 61333 16647 2034 1184 1658 1709
201 61671 61238 4286 722 8104 440 965 3064 554 2599 61275 1326 1750 922 1085 18061 61223 2526 549 1347 54577 319 57573 5073 342 61223 13386 20424 22645 12442 931 1303 5748 35892 414 1328 43253 2747 61223 20447 1474 26217 61223 10150 1415 2070 33773 33963 4260 938 1947 61223 722 658 29834 25598 8160 954 20069 48398 13758 22278 2825 993 13695 61223 13945 722 8104 440 965 40979 32544 3750 2108 9750 1709
201 61596 342 2070 61238 44176 1732 61235 14755 817 421 6427 21045 12570 46030 1474 421 2312 61383 5266 61223 3750 11307 61223 722 13690 10801 265 23646 61223 49949 342 414 4747 19822 337 2121 658 8433 2020 56141 44140 61235 13025 1709
18346 1910 9025 6611 18721 2301 2157 938 342 266 342 266 93 9164 61207 61314 61265 1347 1768 61279 61282 27318 2121 24537 3385 44075 52912 4758 13758 6443 15594 61228 61316 11001 61272 13758 2410 543 61316 9118 337 22719 61383 260 61349 5626 3832 13758 2410 543 61316 9118 61216
201 61591 61240 1184 61263 58 19832 61228 23419 61314 3598 29715 59757 8194 658 73 8787 3494 40644 93 1447 543 61316 9118 23012 217 817 1184 1658 778 61311 10963 769 658 266 1985 42504 260 61349 5626 3832 13758 2410 543 61316 9118 61223 40633 241 9752 26565 3385 61333 4976 217 241 4537 38386 778 61311 10963 241 1008 61294 19341 315 61223 49771 2058 61383 61223 21634 44462 61216 201
201 61591 5490 6647 61223 118 9612 61332 58619 7640 61223 31002 47100 56141 2121 73 8787 3494 40644 2121 500 1740 61301 60513 9360 549 20564 241 13095 265 2470 61223 40305 421 464 57323 18615 50618 4256 41970 25285 61513 12813 2190 43892 600 61235 25184 17945 1709
201 61671 61235 965 55993 4319 2526 22031 996 18958 459 7640 7563 23287 18603 93 61535 61816 61265 549 61294 459 6611 241 59472 40436 29392 7563 23287 5585 61223 2121 61228 1345 53068 3566 543 25783 1151 32620 931 6427 10417 1557 43214 37414 993 5592 3832 18603 42033 8612 414 4826 543 15503 45450 543 13992 241 41143 33461 265 27744 8753 56161 5836 38027 2157 2096 61228 18682 1709
201 61596 9241 3996 32733 8552 38602 658 4256 3052 18061 61223 60979 3566 20024 241 61202 936 15653 18615 15287 843 55390 56297 658 32942 61303 1533 61383 337 549 459 61272 17233 830 382 21768 10624 61275 61161 15725 61275 61223 337 21095 58978 216 16795 1470 543 3451 7640 61282 6172 33461 265 1127 38665 55390 617 2097 331 3332 1474 10825 13899 600 54158 21449 45450 543 5836 61339 17158 2034 382 21768 56061 55390 617 2097 61339 31936 830 382 21768 56061 55390 617 2097 45575 1881 61339 31371 830 1184 5748 5760 370 6245 3498 58619 7640 241 49749 61423 14615 11165 61339 337 19694 7563 15550 59352 1709
201 61574 6881 46743 5608 7136 34199 931 61223 260 17519 5608 7563 250 26565 2312 61383 5266 414 47568 5608 20639 4810 5266 61223 20564 1347 9043 33249 61349 6427 40979 32544 1732 61235 14755 4976 936 241 57809 61423 24198 61423 2121 61228 1345 29292 27731 35392 1658 6427 8028 3832 51293 658 465 2912 61272 1709
1667 2990 61241 5608 61223 34130 24207 1299 1732 43214 37414 6427 1557 43214 37414 4256 1532 7628 61423 28575 43892 600 61235 25184 17945 337 36984 35063 554 3498 32667 250 8762 14250 3196 4706 3385 61316 8665 56902 20149 3498 15237 5130 28676 241 31666 322 260 61349 5626 3832 4240 4023 22710 4061 93 61243 61216 61238 61216 3746 1768 2070 61316 61275 337 1975 363 3451 8612 61265 20564 56098 936 4706 801 1442 61256 58619 7640 93 2898 61332 9360 93 61574 61232 11568 4663 17910 61287
201 61816 5141 731 10552 14731 3385 28251 61223 13913 13082 2548 337 13053 48223 2468 342 19676 13758 60103 331 47568 13194 464 11983 6208 34600 440 41708 1709
201 61591 1544 61243 5626 5358 61223 787 19106 61228 62649 4090 61279 42593 6395 3306 2929 61252 315 965 15000 17137 5082 33725 290 8035 3052 3996 12869 464 57323 18615 50618 463 319 49207 61216 7163 343 8762 241 549 617 2896 241 25095 1184 5109 3171 61275 22232 1658 1709
201 61580 426 1538 13025 465 241 658 8433 2020 31137 14640 315 16684 1732 23381 296 10055 1982 18492 2190 46030 1127 9044 241 39210 1881 337 61223 14213 3385 549 459 10700 20564 241 658 8433 2020 31137 14640 315 61223 49749 61238 44176 31919 549 50332 61243 15016 2121 21231 954 7421 543 290 1709
47226 2070 61238 20564 8035 15594 690 61349 12905 465 421 2912 6476 14586 658 18972 13607 922 61216
23718 2157 1863 3001 2526 27274 1470 2905 61279 15555 22212 3051 61241 617 922 61240 61216
201 61567 61235 382 5073 61398 1303 1447 8762 931 4706 2600 7057 58619 7640 13317 3385 1331 731 41268 241 55126 4004 1336 41734 27943 337 22588 382 61263 3238 61423 241 55126 4004 5786 27943 337 55906 1331 61223 195 2030 5748 922 29292 931 922 28324 23184 922 61223 33402 16284 1433 12591 61275 241 55126 4004 1557 734 13520 27943 337 22588 382 61263 3238 61423 241 55126 4004 1676 47625 27943 93 61763 61232 52158 5748 682 1389 2351 647
201 45857 1947 3238 61238 3051 22213 1947 2599 337 1489 61223 20893 6243 459 2249 4256 41970 1910 61383 59044 61398 61223 21251 15720 30640 1447 18406 14250 4031 6476 14586 337 24948 54609 40656 7751 1447 440 10379 322 1331 37414 61223 26847 4256 5082 534 2249 9621 241 58618 1660 61223 241 48879 260 17519 5608 2312 61383 5266 61223 24577 6025 2099 3306 61238 26890 32113 41708 337 61223 241 48879 61223 296 2599 2150 26565 61223 31919 658 1814 10498 922 56902 20149 342 658 8433 2020 56141 44140 61235 13025 1709
201 61848 2514 61333 1046 61627 61591 61665 61600 40644 20424 549 28202 35063 554 9826 61223 4566 45877 3832 5608 21292 5608 43008 14423 6611 61223 2032 11449 24576 3769 1184 1482 61513 46250 337 658 266 2014 3832 9826 61223 18979 830 2912 61241 9826 32942 61303 61303 2157 61223 337 9201 61238 2034 1184 1482 61252 9826 2526 24576 658 266 2014 3832 9826 61223 18979 925 61763 61567 337 1034 61816 61763 61567 1709
1667 61591 28677 421 5551 61223 27262 6395 13194 241 7638 27256 42733 996 18958 459 7640 7563 23287 5585 61223 331 2470 265 29699 3498 241 59472 33461 265 27744 8753 56161 5836 61223 2468 47195 53868 20607 5608 8035 3052 3996 61223 22588 61333 3306 61238 33837 13441 25497 4706 331 12111 37225 7563 23287 5585 241 59472 29410 61366 3498 8753 56161 5836 38027 2157 5135 61223 1347 11716 421 4920 61325 319 61268 19895 61216 7163 61268 61216
1667 61591 13899 44548 32943 4751 61398 61223 3001 34130 7629 4566 45877 3832 5608 21292 5608 61223 337 9621 28677 421 61316 46030 1474 43523 1557 43214 8273 3566 59352 61223 38110 8346 3251 32808 4240 21869 1180 15503 414 51057 61316 931 61223 40633 3769 1450 343 414 34274 2070 43892 600 61235 25184 17945 241 31666 322 3064 15594 440 54499 19822 6674 9485 14615 28738 61223 722 13690 658 6020 61407 931 241 195 28251 59352 61223 7046 4810 16284 37098 1881 59897 19591 61423 37924 7640 61339 12403 3385 600 3996 34863 15231 35892 241 21533 843 337 241 1151 17847 61223 4076 32733 56098 936 2526 26565 21292 5608 11900
1667 7383 9319 4256 21880 39345 14106 42033 8194 241 21292 3498 55390 56297 61423 1002 61567 61580 45391 61535 61223 830 388 1034 61796 337 22593 388 265 61232 21449 37676 27744 1507 61270 1532 9814 61223 24403 36219 16284 722 342 17233 13758 60103 331 925 61796 337 36984 45450 543 10825 61423 61223 24335 12813 5748 61223 4076 1557 43214 28955 59352 337 29645 4286 1153 24912 33963 18162 27868 55390 56297 61223 20564 29410 32105 2312 15186 61349 1709
201 61665 61241 31561 61243 4225 388 1660 931 20385 61535 61816 61567 56499 24403 36219 2249 21991 61563 2599 464 42593 6395 15333 61223 658 4092 2070 370 51554 1046 61627 61591 61665 61600 40644 241 33402 18492 61275 6674 11025 27218 45241 61223 658 363 2070 370 51554 241 21991 61279 61268 1814 61263 4751 3251 61223 25002 17607 61223 2354 61407 47544 337 19845 47544 24593 10825 521 61294 382 5073 61398 734 5812 1046 61665 61574 3350 722 13690 241 21991 7734 61423 3385 61263 54439 24593 10825 521 1538 13025 500 7909 1046 61665 61574 11900
201 61627 61279 36543 2034 1184 1658 4256 1470 42918 61241 8194 1661 35589 4031 1533 61275 464 3052 1947 9750 414 1557 421 46724 3051 382 43489 1151 61241 3498 938 61279 49870 241 1470 42918 61241 61216 5687 1184 61232 24765 331 61423 9938 1347 2099 32883 2121 2450 2905 61270 3251 1890 61235 465 61223 24335 722 2651 363 14363 1184 15720 41535 61279 38652 5608 1303 322 61240 936 1507 42347 936 93 61246 769 2468 771 290 93 61247 61265 337 1726 2905 1482 93 61239 28145
201 61596 342 2070 61238 48513 965 3306 337 52306 965 5585 1470 370 1689 61240 382 12869 549 2514 61532 3566 2896 1910 440 59046 53144 61223 337 49749 61238 40979 32544 31009 60861 30014 20892 50207 1709
14842 13053 5388 5608 2468 13106 23646 8753 56161 15720 4706 32942 61303 2157 337 73 8787 3494 1804 2906
57139 948 61407 9826 10379 954 1470 600 2896 4061 23012 217 817 1184 1658 925 61763 61569 61567 337 23012 342 266 342 266 61228 3178 61252 3498 938 266 342 266 731 465 44075 61223 2032 23012 217 817 1184 5266 61223 52463 5608 195 925 61567 61763 61567 61223 241 1489 15550 41540 61238 17847 938 61644 546 600 421 2014 382 12869 61216
3001 241 21059 7282 1153 25518 13152 659
7383 546 61238 24451 37356 29783 22085 421 954 53048 1331 61238 42033 19697 241 27885 50048 19597 12625 464 195 25375 315 9044 195 13053 5388 8194 61223 14213 44176 14743 9025 6611 38814 546 61216
201 61591 43008 61355 322 61223 717 659 28332 4706 27218 45241 25002 18401 33336 3238 549 40762 260 421 4933 24576 1328 22278 61243 61223 722 549 24576 4088 22278 61243 4706 42593 6395 7640 241 19845 18615 33336 543 1709
2438 57323 18615 50618 500 2811 7057 42593 6395 7640 337 9621 43893 61240 34863 14660 658 4092 2070 370 936 1303 33994 965 9077 4240 1975 21067 32544 241 31666 322 658 18972 13607 33336 61268 61216 6648 52158 5748 33336 17607 11779 459 21251 15720 39556 21396 296 31493 18615 54029 337 265 10127 388 15503 49489 4305 195 28265 18061 241 7704 18222 4818 17356 61423 10055 1303 33994 965 9077 3498 3746 1533 61272 61216
201 61929 61238 52192 61223 6243 459 24207 195 2354 61407 265 922 55827 922 43892 600 61235 25184 17945 61223 17067 40305 6611 45331 61303 250 5748 1046 61627 61591 61665 61600 1804 3137 241 48879 6010 543 1881 61223 35664 465 6427 658 3178 5626 2097 61223 24948 549 843 61270 6245 342 16372 1345 4933 195 9621 14047 25491 61275 1709
201 1008 46516 61238 17847 2034 382 771 2070 39337 2468 13106 23646 4706 55390 56297 32942 61303 2157 1347 5490 600 8160 15720 48291 7524 8194 658 5490 38388 61216 201
201 61627 7272 24912 954 24694 1947 50207 1557 459 6245 3498 27218 61310 3498 717 659 265 61477 241 658 59033 1660 1557 35213 342 28676 20639 363 3098 421 36803 42593 6395 7640 61282 23930 1947 8665 21890 2150 6476 6144 731 382 5073 61398 47227 19822 195 30423 14740 20639 363 3098 421 36803 337 44672 546 265 6647 14586 35213 10176 42350 42593 6395 7640 61223 241 48879 4706 4315 33773 29699 3498 21377 15731 241 35383 25783 50618 1709
201 61567 25002 343 40436 29392 1583 61279 1085 936 6427 7563 23287 5585 57640 3769 1910 61383 35063 554 936 331 38837 61223 1151 32620 5630 1660 61223 24670 620 546 931 315 388 5358 337 44672 1447 421 61316 843 787 61816 61593 241 15704 1127 37643 37038 12615 798
11107 40436 290 3566 55390 617 2097 61223 17156 19676 6144 414 19085 19997 59352 414 27431 53574 53366 61223 722 13690 1338 11568 23645 414 14916 2825 4706 13695 61223 10150 36071 10428 18402 20437 996 1585 23649 241 33401 31701 5585 9621 59352 337 195 28251 2034 382 21768 27744 337 830 382 21768 27744 2468 13106 30063 61272 61216
37815 56161 1881 38027 2157 5135 21251 15720 296 31493 14586 7866 600 5168 922 8753 56161 1881 922 4706 52124 1881 38837 337 42033 8612 731 22953 45810 13095 50378 6674 9485 4023 4975 1085 29699 3498 73 8787 3494 1804 2906
201 61567 549 50278 931 922 30534 61316 931 922 8753 10155 19822 922 4260 44176 54876 3206 421 464 57323 18615 50618 27318 61149 61223 24222 37356 41313 19676 3498 35605 29715 30640 1447 18406 44584 29188 241 7704 18222 4818 17356 61423 61223 37815 2157 6208 61223 1544 290 421 61240 61223 53791 620 6208 61223 38746 4061 61223 5760 388 8346 290 18401 21634 290 61238 61223 1544 266 315 337 7704 16053 13194 2929 382 543 61272 12615 1709
1667 11551 4305 3064 15594 331 2470 45416 28338 8035 10791 2097 61223 23369 322 61223 2032 3385 337 22719 61383 40230 1489 5676 12442 931 24608 296 5491 3098 11900
201 45857 1947 3238 61238 52192 337 1489 61223 20893 6243 459 2249 4256 2150 12084 1913 7927 922 45450 543 1881 922 61223 21251 15720 30640 1447 18406 731 42189 2912 61383 56902 20149 3498 15237 5130 28676 61223 47168 8031 61252 954 1709
1667 7771 543 61316 9118 29715 2301 1533 61275 23012 217 817 1184 1658 61223 43893 61238 61223 296 33476 2190 13690 1732 13785 543 24584 925 61763 61569 61567 61223 1034 61816 61763 61567 337 54105 1583 426 5074 3306 21796 440 4562 620 11900
19770 61313 37212 45331 61303 250 5748 34863 14660 2468 543 61313 5388 61349 1732 3418 363 322 33544 39068 2470 290 948 343 93 61232 2470 290 11465 10439 217 647
201 2929 421 37356 35393 2354 61407 18615 19508 28575 43892 600 61235 25184 17945 2468 47195 241 7704 18222 4818 17356 61423 61282 464 7421 61235 7272 617 7481 8194 21292 8194 778 61332 10963 1814 61240 2190 1910 4319 4315 61232 61313 8612 29699 3498 4315 61232 2058 290 731 22588 382 61263 3238 61423 1347 11716 343 13272 61249 19288 722 1814 5073 6812 464 55126 7296 22918 14893 617 38471 45450 543 370 5836 93 1846 61263 5690 9752 11713 6812 8394 22719 440 14893 617 49580 45450 543 10825 61265 1347 11716 343 13272 61325 61350 241 37279 27256 1709
60431 549 1447 965 6498 61238 6674 12644 58619 7640 61223 31002 47100 56141 1046 61627 61591 61665 61600 40644 241 55126 4004 9201 61238 644 27943 61223 7046 4810 6611 1170 61263 25404 19941 19120 14149 8372 6427 241 15347 2097 241 3454 61229 93 600 2548 620 647
201 51523 47962 61223 13095 55993 4319 722 35228 534 250 8762 549 30546 6611 1890 543 3306 2121 21634 290 61333 241 7704 16053 5608 58531 3306 93 217 5082 14401 61223 10150 54609 40656 14250 14692 1557 7852 4933 23101 46030 1127 5836 337 45154 617 954 1732 2020 11974 5836 22588 16795 464 20149 61270 3051 22213 1947 266 61223 10150 3385 18614 2121 44176 647
201 61567 1470 2905 617 922 5935 1046 61627 61591 61665 61600 1804 3137 12613 61247 337 2333 61567 61593 2333 61593 61580 38803 61303 388 382 12869 55390 617 2097 658 37038 9025 43141 32942 61303 1533 61275 4706 24897 1482 658 56807 21905 61275 1046 61627 61591 61665 61600 40644 241 2468 3206 315 61223 337 28338 1303 51437 61268 24072 38020 2249 14825 5168 17414 46419 5585 1709
2438 61333 19997 2526 22405 23012 217 817 1184 1658 93 61245 8787 3494 1804 8335 61282 1303 51437 61268 60405 37225 55390 56297 61223 60979 3566 20024 54849 8433 61275 61161 10825 337 55390 56297 2929 382 543 61272 15000 44053 543 61270 1985 1326 17541 21449 37676 10238 337 21796 9077 3251 45618 8762 50461 1002 2651 421 61240
1667 61591 31666 322 658 18972 13607 33336 61268 20385 61535 61816 61567 56499 35170 1180 12688 25678 8665 20823 5748 1557 459 6245 3251 24593 10825 337 37242 56141 27218 61310 3498 20823 61275 337 9059 61243 9191 61275 61223 195 27917 19106 38637 33336 3238 337 28618 20651 34863 47651 45689 13928 43718 195 42593 6395 60510 414 42914 546 61238 17847 337 46030 1474 954 46944 17840 24593 10825 11900
3030 10791 47818 1732 43213 56962 7629 241 45473 24589 3306 21796 9077 3251 45618 8762 50461 4514 421 9191 1881 61216
1667 61591 843 4004 195 22222 1072 2146 61333 6773 10963 32862 49408 1474 26612 414 26612 13317 61162 58211 241 38746 4061 60811 39437 2174 6881 23645 61316 15000 40091 17607 337 43892 600 61235 25184 17945 11900
201 61665 4460 260 1985 2912 61272 13317 28378 2020 421 29699 61223 4076 337 22719 61383 2146 61243 61355 787 61671 61569 61223 29552 12926 45066 6144 241 13127 1982 12193 6877 9043 3451 250 21634 2651 61263 337 2068 56475 20404 5105 61216 201
201 61600 1482 60050 1470 61241 2014 620 61223 731 5388 61349 61238 25678 12869 34161 342 843 61223 331 26713 546 6476 6144 2575 44462 3142 922 61161 370 23184 922 241 1276 61241 370 363 26176 10963 61223 10150 2121 61235 421 33963 45349 13758 1303 322 61232 61316 1709
201 61591 644 15618 322 3186 49060 7640 42593 6395 7640 241 1661 363 20564 658 8433 2020 3306 658 18972 30975 33336 61268 61223 2032 33402 2249 27431 43512 658 18972 388 3566 241 45968 24198 61423 337 47568 3498 658 18972 47722 241 1339 24198 61423 61223 241 31666 322 49817 658 4092 2070 12869 836 3396 1661 31767 61235 13025 41268 337 48488 617 1947 1709
1667 12937 965 41410 1846 7629 241 18050 61223 10150 12078 20564 4023 322 35229 23224 936 241 2526 26565 5760 2470 61303 4061 57255 1955 2456 40861 61223 464 50618 13695 61223 4076 12078 4225 13025 4880 1299 56098 14586 61223 50332 61333 59507 41424 658 21494 2097 33402 16284 59352 93 61596 61232 965 39053 659 61232 24765 1732 25129 17910 61287
201 22523 21561 61279 38652 6144 1303 322 33528 46160 2912 426 1447 2020 61279 543 61232 61316 61223 414 47962 61223 1732 342 1450 61243 20069 48398 13758 15027 19697 241 2312 61303 1482 4061 61223 24403 36219 61333 2312 11095 20607 13758 31282 19120 61223 1557 43214 9025 61513 46250 658 35490 25783 11088 843 266 1345 19121 61251 61216 1321 7628 61275 2121 37794 3498 31282 11157 28081 11095 1658 29715 2312 61303 1482 6812 2034 1184 61263 3251 34161 342 620 1709
201 45857 922 948 40213 59337 8753 56161 5836 4706 241 15347 1881 2526 22405 1583 61279 1085 936 6427 28378 388 817 1184 17607 7563 23287 5585 241 33461 265 1689 241 13899 27274 3069 61223 33837 13441 421 24948 20447 22814 61223 2032 9131 948 61407 5608 41540 61263 382 46259 6427 1394 53433 39337 1151 32620 931 28202 24072 38020 15720 61223 241 48879 61223 9131 13928 37414 414 549 266 26412 2121 61294 5388 5608 44446 93 61563 1750 17654 4286 61223 2312 5490 1982 60143 19697 61223 10915 2190 61241 9826 49652 61223 58889 1303 22940 28145
3282 4286 57640 993 5592 3832 18603 61223 50332 16284 3385 315 1660 930 5082 3996 61238 3385 600 3996 464 52210 322 1184 4023 22710 4061 241 1046 61627 61591 61665 61600 40644 1415 17847 1975 363 3451 8612 61216
201 61591 21634 290 61238 20564 331 2470 265 23224 936 4023 1085 6395 3306 195 331 3832 8194 59046 217 18378 61223 1557 5592 61272 2108 922 10428 217 3306 337 10176 6881 8194 61223 722 337 10176 6881 14586 5554 23184 922 61223 49949 342 29845 5608 52192 61223 2034 24912 2121 9621 296 11103 388 2599 16840 57597 2470 61275 195 938 12798 29188 4566 45877 3566 1709
201 61596 61816 61763 61567 61228 61593 61235 61591 464 30976 14106 731 15704 1127 5585 61223 3385 40961 61333 1726 2896 7939 61228 3178 61252 1450 29235 1507 7321 61355 13758 1170 1660 2020 11440 620 13025 798
201 61591 41143 47289 15000 1347 61513 1345 14615 61240 73 8787 3494 40644 61223 61162 58211 5608 241 12500 28251 250 20437 61223 54876 5486 15720 241 1489 15550 2683 6025 15731 10055 337 6395 388 39184 4061 798
1667 9153 56164 11549 61301 14615 28738 61223 54876 5486 51554 296 1046 61600 61593 61223 16022 801 1442 61256 93 2898 61332 9360 20564 50813 2150 4061 23224 936 195 21292 14586 331 2354 61407 15805 28575 43892 600 61235 25184 17945 11900
1667 61600 9287 440 61263 382 46259 22703 37414 731 51695 61223 8753 2470 6245 3498 61223 464 61228 7272 61407 315 2190 549 28386 546 38301 4976 936 61223 38814 546 731 49749 61423 45450 543 370 51554 58619 7640 13565 28324 342 1347 9043 52539 61202 61268 61787 61313 24724 60640 343 1709
201 61535 3566 549 9201 61238 61223 241 46516 61238 17847 8368 337 57573 426 1184 3566 61223 14213 41898 10827 61310 17414 13875 2912 266 24403 36219 2249 22953 45810 59352 4706 13695 61223 10150 1732 23381 296 44611 33709 47568 3251 658 6020 1947 10825 6427 38218 1846 6611 10702 61252 6647 5608 1557 1127 3306 26153 61310 8612 27396 440 1470 1533 5626 40850 11900
2333 25445 549 21561 61279 38652 3498 1303 322 61240 13025 25270 12084 1913 15720 4706 21533 922 36803 28081 11095 1658 11088 5490 322 61240 13025 2312 61303 1482 1345 61300 18469 9970 425 93 61245 13192 647
201 51523 61240 1447 18406 46191 2070 61238 46030 19822 34130 15720 3051 22213 1947 8762 61223 17067 549 459 10700 51747 17051 241 658 8433 2020 56141 44140 8195 61423 61223 2526 61223 4260 22228 61238 61223 57809 61238 44176 1732 48027 6611 9621 414 22918 241 41970 30633 10379 322 1331 8273 61383 1709
201 61627 546 771 7046 954 35393 58619 7640 8831 27303 2335 54723 61325 9360 11411 421 464 57323 18615 50618 4256 41970 25285 61513 12813 2190 43892 600 61235 25184 17945 6427 32667 18149 14250 3196 1709
201 51523 2108 21059 61243 2599 93 61279 11103 388 2599 55390 56297 61265 241 46516 61238 17847 38301 4976 936 61223 337 16684 39345 4933 34398 61316 8194 24140 32544 3064 15594 414 7635 954 996 1585 23649 61223 53069 59296 5608 241 44140 8195 61423 61223 24335 14615 61240 22228 61216 201
2871 61240 61279 1450 61423 771 382 931 61241 24576 17824 382 546 56098 690 61223 18979 1394 771 382 931 61241 241 41752 61216
1667 45857 51226 21989 49529 2929 61252 315 61268 343 1732 9196 34380 42593 6395 7640 7978 4933 731 24537 10055 3769 13057 3498 1557 5627 14692 337 7136 18614 414 2034 61252 25074 48704 24593 15725 61223 319 61644 382 1544 290 465 1303 45308 1667 843 61270 6245 14401 337 930 5082 1180 61238 37884 43501 48704 23458 61238 61282 8368 42915 3566 44651 61263 5608 31970 39337 22703 37414 10055 658 18972 13607 2929 61252 315 965 15000 17137 5082 33725 290 11900
201 61591 61349 290 3206 322 7682 464 1345 659 61223 28457 1658 8294 7682 61223 658 29834 1557 5748 32811 12442 931 1709
201 61580 363 2470 6395 3306 37884 18946 1482 93 61627 61300 61535 4776 36965 363 936 93 61627 61300 61535 4776 14213 669 61223 22222 19457 59609 201
39275 14660 15237 61407 26412 61223 18979 55883 5630 43688 954 1890 20622 414 4747 19822 6427 414 1557 61532 20149 61270 5358 1557 41708 61223 52463 3251 195 52727 25253 922 337 4256 5082 534 27800 61275 46030 19822 61275 61216
7391 10055 1982 7629 29441 61263 2905 59336 61275 35393 3750 61310 5109 342 922 27744 1153 543 61279 20182 549 534 6647 3251 195 5748 9485 241 9621 33402 16284 38159 6647 3498 195 5748 9485 61423 19121 61251 61215 61216
1667 1686 15618 290 8028 26582 16757 26863 25270 30976 421 6427 28617 421 2912 12869 658 18972 30975 33336 61268 61223 2121 38637 10563 26863 61223 658 18972 61272 43564 33336 3238 414 27431 53574 53366 61223 337 3149 26863 61223 24335 658 18972 30975 33336 61268 51747 16007 414 41708 61423 11900
4514 1585 315 3306 2333 61593 61796 61580 2333 61593 61580 61223 18632 9025 24207 241 717 967 440 5579 61275 2034 382 21768 1127 37643 55390 617 6208 32942 61303 2157 61223 25002 421 1303 1447 15725 731 58619 7640 61223 11411 16284 45331 61303 250 5748 8140 3946 61216
1276 1557 29660 2896 15016 2121 28780 26712
201 61591 61228 7282 954 61240 61423 61223 28618 3306 26217 46030 5388 14401 25365 1474 61238 8753 56161 5836 241 57809 61423 8113 41231 23390 6812 61423 241 1489 15550 17414 31122 459 61223 21292 6144 28677 421 61316 61223 3769 382 35662 61223 1557 43214 45821 25270 7035 6647 8612 241 33401 2030 58811 56902 20149 3498 14615 28738 61223 337 31666 3306 34863 15231 4933 241 938 1985 61383 337 241 18050 50618 61223 4076 32733 38774 936 22228 8753 56161 5836 1709
201 61591 49749 61423 14615 11165 3001 16684 14660 10417 549 34199 15212 61223 31919 14213 3385 241 38219 1331 61275 45618 8762 61398 61238 337 731 1180 4976 19952 2719 12850 38293 5608 40906 61333 241 39210 1881 1709
201 61591 61349 3052 3996 61282 1890 1538 546 382 217 817 1184 61263 118 93 25545 217 817 1184 61263 61223 23012 217 817 1184 61263 15704 56061 1321 61245 8980 769 15704 56061 23012 217 817 1184 61263 84 61289 61298 2939 23012 217 817 1184 61263 4254 26933 61223 23012 217 817 1184 61263 61228 2150 61252 1450 61263 7866 2905 554 363 965 965 84 61289 61298 2898 23012 217 893 342 1184 61263 61228 2150 61252 61263 61228 382 61263 382 61263 61228 382 61263 382 61263 2871 61593 61810 3137 23012 217 600 265 1184 61263 61223 52463 6144 195 1545 2747 12683 24621 967 3238 61423 1415 3996 93 61239 19832 61228 23419 61314 61223 58 19832 61228 23419 61314 3598 769 23012 217 817 1184 61263 61228 3178 61252 61228 3178 426 61263 21869 265 61279 25380 61316 84 61289 61298 2953 23012 265 5082 61263 61223 52463 6144 195 260 61349 5626 3832 8194 1545 2747 12683 925 26073 315 600 2099 465 61223 23012 217 18149 118 2871 20698 5109 440 61313 93 61247 125 23419 61314 61265 61287
201 61591 45473 731 1180 4976 19952 37225 1557 43214 37414 59352 35393 4566 45877 59337 31070 11307 20564 331 2470 265 23224 936 45829 61563 5935 195 2354 967 1814 617 43512 46030 15550 61275 61223 47168 14615 61240 61223 52463 5608 195 35063 554 8194 337 549 21073 893 554 8194 4225 2825 38388 1170 61263 25404 57195 61223 195 337 8394 993 3052 459 241 3454 61229 61223 4076 1433 342 265 18149 61223 337 3385 61263 1331 61238 46030 15550 61223 21095 1846 44045 16022 14615 61240 61223 31666 61243 38637 13317 35063 554 8194 4076 1433 342 15271 250 12683 1709
1008 1489 15550 17414 31122 459 20385 61535 61816 61567 56499 3069 38020 2249 880 57091 11157 61282
337 731 10552 16665 27318 2121 22799 16284 45331 61303 250 54147 241 993 17315 21905 195 33510 922 13152 659 10624 922 2410 1482 922 61236
939 2719 5748 61383 9786 2014 56061 5760 37759 61243 195 3769 382 4880 8194 6427 61162 58211 8194 14615 3566 61216
6264 5569 12644 10700 61223 2032 731 45691 17840 938 659 39184 4061 59352 5760 37759 7640 195 996 1585 315 60510 2333 61593 61796 61580 2333 61593 61580 1347 9043 388 61243 24140 4286 13695 61223 10150 52192 61223 60640 10556 658 4092 2070 370 27800 61238 1046 61627 61591 61665 61600 40644 549 4256 5082 61313 421 22747 1184 61252 2070 30584 33132 2662 26582 464 549 893 18061 61216
201 61240 925 61627 61567 61591 61816 61600 61569 61775 61223 2032 4706 1347 25184 17945 21796 9077 3251 45618 8762 50461 337 38837 241 1726 17356 61423 4514 421 9191 6208 61223 1276 36525 61513 21357 5748 61275 61223 10150 4260 4514 421 9191 1881 1347 21142 459 6611 39897 600 10377 47195 44692 15345 38063 241 24011 21796 9077 3251 45618 8762 50461 61223 3385 322 465 24207 2121 10140 56042 18402 21796 9077 3251 45618 8762 50461 1709
6264 61263 2108 4758 14401 55390 617 2097 19513 2468 217 33364 771 34398 61316 19697 2526 22031 938 11307 195 318 37543 61241 14586 14615 42350 61216
201 51523 61240 1447 18406 14250 4031 6476 8194 15231 388 3566 4023 22710 4061 2034 1184 1658 1046 61627 61591 61665 61600 40644 337 56902 20149 3498 15237 5130 28676 21251 15720 464 1947 3238 61238 52192 337 1489 61223 720 61398 61240 10915 2190 5676 61243 9826 49652 34432 1768 2249 6427 6243 459 2249 2354 61407 18615 1331 61238 19617 5585 61223 4076 14893 617 5630 61228 2150 3178 3098 1482 61252 14401 45450 543 2097 61223 4315 61232 2058 61243 61223 5690 9752 3332 11713 6812 61223 1394 53433 1127 28186 260 61349 5626 3832 9826 2410 543 61316 9118 337 1257 61279 1709
201 61600 61235 61240 61423 2301 1533 61272 938 382 217 817 1184 1658 93 9164 61207 61314 61265
201 61665 61241 22710 4061 48037 546 56807 1913 15720 414 14916 2825 61223 337 59897 19591 61238 34274 2070 13386 46030 5388 61349 1709
201 61580 61235 15555 61243 19697 58619 7640 61223 31002 47100 56141 1046 61627 61591 61665 61600 40644 11411 16284 464 57323 18615 50618 2354 61407 18615 12813 843 43892 600 61235 25184 17945 6427 32667 46915 14250 3196 61223 13317 3385 1331 731 4023 56409 1982 61232 20182 61223 17067 7046 1447 12869 2548 241 39210 1881 241 717 659 265 23645 4023 11713 1450 61272 3498 45450 543 370 5836 93 61810 61567 61665 61265 93 7052 61332 2121 7739 2980 23288 9360 6427 8394 1732 3566 543 1881 241 41752 26733 13539 2121 118 12636 2980 25215 46607 18979 731 17786 61223 20893 549 40698 15720 241 1170 61263 25404 57195 1878 9612 61332 2121 500 1740 2589 6751 40777
201 61591 843 4004 195 22222 61223 18721 2301 2157 23012 217 817 1184 1658 658 266 1985 6611 2174 1750 3306 61282 37515 45066 5836 23012 217 817 1184 61263 2174 1750 290 3385 44075 6010 2099 546 61228 4092 61241 250 46724 1545 2747 12683 61223 35063 554 6144 4256 24212 15725 61275 1470 2905 2912 61235 388 30584 43601 61252 5626 17607 1470 61241 6783 7939 290 93 61816 61961 61593 61265 337 24576 7563 290 18401 15287 18324 30575 15027 1450 61240 2034 1184 1658 93 217 47962 939 61665 62005 938 61243 61265 35063 554 3251 4256 24212 15725 61275 15287 61275 3251 23012 342 266 342 266 93 25657 61293 44196
1321 61596 61567 331 26713 546 27806 40833 5266 4706 12500 28251 250 8762 331 18050 61223 4076 28617 421 2912 8665 1303 5082 931 1046 61627 61591 61665 61600 1804 2906
201 61591 15618 322 26176 10963 45349 9826 1303 322 61232 1345 2034 1184 1658 58 19832 61228 23419 61314 3598 19212 337 6395 388 4975 1085 23224 217 4076 55908 4706 464 554 61228 10025 22710 20607 3498 7563 23287 18603 798
201 61816 5141 3051 22213 1947 61252 2121 7421 543 290 658 266 7977 61223 38027 1507 266 50332 2249 16840 1660 60050 51695 61223 1545 10377 30633 1299 44208 18061 195 31645 61223 10150 8753 56161 954 9621 6427 464 11716 954 9621 241 996 6881 31680 315 1709
1667 60911 322 57165 5168 296 9131 948 61407 8194 46944 17960 61275 1583 19508 9059 13025 464 20149 61270 931 61223 49949 342 14213 3385 9131 18946 5486 12850 2548 241 337 10176 6881 23645 11900
201 22523 37038 45821 47472 24724 24324 61241 3498 1489 2099 61272 1303 61333 16647 2034 1184 1658 6427 28378 388 25545 1533 61272 241 51570 817 61223 33462 61333 1489 30734 241 59472 30591 1709
2349 61238 342 922 1127 38665 787 61763 61535 38159 6647 3251 195 5748 9485 4225 26804 9750 34161 342 44202 2034 1184 15731 10055 7628 61423 61216
1667 17521 37025 39337 1732 4976 19822 61223 42860 61333 13607 337 29441 46743 5608 51513 34863 14660 658 18972 3306 61223 49949 342 241 658 8433 2020 56141 24198 61423 11900
201 30376 290 337 1338 11568 4663 414 14916 2825 3927 16644 61241 54849 4092 4706 15287 61275 26739 931 337 4023 967 17520 3251 17137 5082 33725 290 59024 61263 12777 61303 22232 61263 61223 195 2468 342 16647 922 3927 16644 61241 201
11107 27262 421 13899 600 54158 30267 61161 10825 241 1928 5551 59352 2333 61593 61796 61580 2333 61593 61580 4706 37098 1881 6674 9485 31666 7640 32074 4240 296 8762 61398 4240 21533 2190 3238 93 62005 61567 61593 61265 337 2468 30633 4225 600 61279 731 22588 382 61263 3238 61423 337 41268 93 61763 61232 52158 5748 682 1389 54947
201 51523 546 37388 61223 58532 26412 2468 217 1184 26712 61162 58211 3251 14615 61333 73 8787 3494 40644 50698 2896 33773 382 12688 3064 15594 61238 21846 19997 17414 731 45691 15186 3251 13875 2912 266 241 41143 27431 18401 830 388 1709
1667 47226 2070 61238 337 61313 2599 61223 29552 12926 45066 5608 241 13127 1982 61223 4260 6010 16020 2912 23573 61223 21890 4571 90 18805 14995 11900
11111 17840 787 61671 61569 241 31666 322 38159 6647 3251 1303 61333 16647 2034 1184 1658 73 8787 3494 40644 337 42189 465 11719 147 157 20372 61216
201 61591 1328 15618 322 24576 8465 49060 7640 42593 6395 7640 37970 20564 658 8433 2020 3306 658 18972 13607 922 61223 195 1072 61312 27431 965 14586 658 18972 13607 922 33336 61268 1709
201 61591 61349 13690 11411 12850 24140 4286 464 1689 2157 954 18721 1557 617 21449 1890 543 7640 93 217 47962 61223 1890 20622 2121 21634 290 61333 241 1046 4207 1447 61270 1985 337 39556 21396 1890 20622 2121 1046 4207 1447 61270 1947 241 7704 16053 5608 58531 3306 769 2526 13913 13082 46596 549 464 24149 954 241 996 6881 31680 6427 52817 2719 954 33510 1928 534 61407 12193 11779 61240 922 1709
2333 25445 8753 56161 5836 55547 17051 195 27917 19106 7563 23287 18603 23101 1008 61665 61929 337 36984 2526 22031 28378 388 817 1184 61232 21449 7563 23287 18603 4706 7563 19822 1046 61627 61591 61665 61600 1804 2906
3030 21142 617 2097 2333 61593 61796 61580 2333 61593 61580 195 12613 61247 24072 38020 7629 4076 24589 290 45618 8762 50461 241 21245 61275 8028 343 61423 93 14613 8433 965 59352 58619 7640 61265 46209 61268 7173 10963 22221 61407 4305 43892 600 61235 25184 17945 61216
2929 382 217 817 1184 5266 1347 6020 24584 2034 1184 61263 1002 61763 61535 10417 61383 337 51057 61316 9319 38159 6647 3251 195 5748 9485 61216
43704 18790 5608 8753 56161 1881 7704 421 9500 8612 337 54608 34688 45148 2468 217 1184 26202 61223 331 61423 370 3306 370 24207 414 13095 265 23646 195 56902 20149 4240 73 8787 3494 40644 4023 22710 33856 61223 1732 48027 6611 38803 61303 290 6647 13758 5760 2470 61303 19120 195 55908 61513 3064 15594 2121 21231 954 30428 61243 2599 8753 56161 1881 241 195 25375 315 6208 31666 7640 28386 61349 363 61423 46160 9576 426 18402 21449 1489 266 2905 27744 44611 61383 61216
2438 1538 266 8294 2548 36071 3001 4652 61398 1331 337 1557 5748 954 21750 12442 931 32781 22222 61223 4076 10552 35664 2020 61243 2450 30063 61216
1667 61627 4305 5630 549 37038 45821 49408 1474 44949 241 19587 2825 61263 61223 464 39122 61161 10825 21357 5748 4706 13695 61223 10150 42915 954 61223 15441 56408 55586 2450 2034 1184 61263 9059 15555 290 6427 20564 2450 9059 15555 3306 34674 2121 61161 10825 57189 11974 936 6427 722 342 16281 30267 11900
201 61961 250 41940 2249 46030 22814 21750 5760 37759 3306 195 12571 922 61223 241 46516 61238 17847 8035 10791 2097 57926 1507 8433 61272 6427 16550 4286 58019 7640 195 2354 922 337 54609 534 61333 1347 7635 5836 1709
201 61574 9551 61303 20301 61268 37925 241 39519 195 58169 922 3764 546 217 331 27431 21449 720 18862 5168 43323 3498 37424 6812 61423 61223 58889 1303 1474 61423 39897 600 10377 30633 36903 13025 1709
201 61763 61232 1447 290 8294 12442 931 6025 2099 414 1489 39985 61383 1415 617 337 2030 3560 61241 61223 658 29834 658 3178 56856 9621 195 27917 19106 6674 2099 440 14893 817 290 1709
201 61591 658 59033 1660 1557 56098 4240 1303 322 61232 1345 1170 1660 4240 296 20622 931 61223 296 421 370 61407 337 722 14363 817 1345 6812 50332 6611 2034 1184 3178 1303 9173 37015 241 1170 1660 3832 13758 296 20622 1689 25932 4751 39437 1470 61241 1180 1085 250 1345 6427 41198 61263 4751 9077 3251 1347 32344 1881 2034 1184 1658 195 1170 1660 4240 1507 61275 14188 4240 61216 1008 8737 61272 241 1170 1660 3832 13758 296 20622 1689 61223 2034 1184 61263 9826 42933 4663 2468 217 1184 7629 337 7682 34161 342 620 241 21880 4880 241 21991 250 14518 61316 843 1709
7704 21142 459 8294 5690 2070 690 5608 37676 931 61223 16986 61238 4076 17786 61223 17067 50332 6611 24403 61243 18946 33026 32942 61303 61303 61303 2825 61216
201 61591 843 4004 195 22222 414 2662 46879 465 13594 21095 57002 43446 15271 1881 331 1975 2912 2157 61263 4240 2146 265 5627 421 23224 6208 2468 13106 30063 61272 337 7136 12926 22212 37583 24897 1482 658 266 26202 922 61223 17067 24948 14660 44584 37212 241 414 19508 996 1585 47194 1709
2929 382 217 817 1184 61263 1433 315 61313 93 61574 61593 61591 61265 3385 44075 1470 61241 322 426 3306 731 61202 7481 11307 61216
27733 1732 25129 60979 7629 4706 1557 4628 1947 10825 658 53069 25129 61275 4023 56409 1982 61232 20182 241 20385 61407 4240 2929 363 61238 4706 24403 61243 18946 32113 549 2150 21142 56297 996 6881 50121 10379 29834 1557 3495 16647 464 20115 25807 16912 337 16840 554 33709 37543 1881 241 44768 3385 3052 459 2121 56081 61241 4240 14640 936 61216
201 61591 61240 1184 61263 40305 61268 28677 21768 5630 4286 17167 61350 195 23012 342 266 342 1184 38388 61228 3178 61252 1450 1658 61223 464 39122 3927 1545 10556 25598 61316 363 370 7629 61223 2032 60050 50748 47878 3052 57332 731 1726 370 61228 3178 61252 1450 35105 798
7513 38814 21504 217 549 15231 343 56902 20149 4240 216 315 61272 948 6208 61223 52463 4240 195 1046 61627 61591 61665 61600 40644 6427 549 731 11492 343 61216
1667 45857 421 388 546 21991 388 382 12688 5875 620 53919 5080 61223 3064 61272 31093 30316 1660 3832 59245 46915 5013 61816 61596 61569 61223 26847 658 30976 61268 61223 2032 1667 62005 61816 61596 61569 20191 2249 32808 13758 4562 965 241 60639 4061 2312 2695 4061 414 20986 2014 61263 414 24576 17824 382 34687 11192 40937 61398 61680 337 1667 61470 61238 61468 61272 720 18862 5168 43323 13194 44768 61223 151 48659 40762 14660 21095 56411 11900 61680
46483 30637 61238 54129 23054 421 18632 9025 24207 1732 32869 4706 1545 2747 382 18324 30584 55390 56297 61223 241 38637 38680 34863 54876 3206 954 21750 45331 61303 250 5748 4706 39345 1881 45486 61161 370 23184 61275 7986 250 44060 33963 14640 936 195 5760 15555 4092 33856 45331 61303 250 54147 1046 61627 61591 61665 61600 1804 2906
201 51523 2662 37038 9025 61513 46250 49652 16684 14660 731 45691 1331 217 241 18721 1257 1345 241 549 617 2896 61223 2526 61223 24140 61223 260 315 61272 5608 6427 6844 3451 5608 21292 5608 24948 1347 36219 954 42672 61202 936 15653 5836 4256 21880 1709
201 61796 61235 11790 1008 61294 56384 51747 9750 414 22918 19110 3196 61423 61223 722 7978 48704 5760 388 8346 61243 3251 21634 290 61333 414 13095 55993 12615 1709
201 61596 342 2070 61238 38063 61223 10801 4975 936 337 4254 27215 2157 15290 3306 3385 34215 421 1732 465 8667 414 993 2190 61223 17067 29552 41261 58680 658 18972 30975 22918 549 2514 61532 3566 543 58811 42860 25241 61383 1709
201 61961 250 8246 32883 4706 260 61349 5626 3832 3498 2146 3142 90 61311 2898 17067 549 35170 1982 15720 4706 13095 6498 61383 21796 9077 8612 61282 3001 36121 421 2014 29699 6144 44949 61232 61268 61223 26847 27355 8028 10556 38803 61303 388 33963 4706 33897 388 620 18401 42033 8612 1709
201 61569 61279 1085 6395 3306 61223 1732 61316 6476 5608 13095 6498 61238 1347 7635 2097 29449 61223 2312 30301 61235 61316 5608 4108 543 266 2070 414 5760 61477 1750 3306 61223 28378 2020 421 23224 936 1415 45903 1661 363 241 45473 50658 1881 56807 17945 2034 1184 1658 1709
201 21248 3385 24948 3385 18614 61223 57669 4810 8294 1347 25184 45416 8035 10791 2097 464 57323 18615 50618 136 1507 8433 61272 20215 58019 7640 61265 195 12571 922 61216 201
16748 2470 61303 6812 1489 1689 1910 440 33461 265 30584 8753 56161 1881 16684 14660 36965 315 342 241 41143 1667 61232 22112 9938 3251 5760 2470 61303 4061 11065 14213 21292 5608 61223 414 546 61303 6245 5608 241 59472 8753 56161 1881 61223 24403 36219 6611 13899 600 54158 965 13758 60103 331 38159 6647 4240 6427 41326 4663 3832 4240 42033 8612 7563 19822 61216
201 61567 61238 382 21768 61333 16684 24403 36219 954 32808 13758 60103 331 21796 61383 10915 2190 5676 322 45575 1881 61223 722 22593 388 315 30267 830 388 34863 24403 11716 954 53192 41296 61275 15287 18324 30584 195 28251 59352 61223 35213 6144 1732 6834 8667 8665 9621 296 993 2548 620 61275 337 59897 19591 61275 24176 965 17356 61275 1709
6264 61263 2108 4758 14401 55390 617 2097 61223 60979 61333 830 954 140 11701 140 50556 61260 61228 27040 61247 4706 4562 659 3832 4240 1470 2905 617 922 61240 73 8787 3494 40644 13565 3064 15594 38301 4976 342 61216
1667 52949 13695 61223 8368 53716 8753 56161 954 24140 4286 13053 22814 4260 12403 2121 24537 731 2034 382 21768 27744 996 1585 315 7640 61223 195 22222 10150 54499 22814 31666 3306 11900
3030 16441 41184 50813 2150 10127 6812 1928 14692 2249 1447 343 31009 5486 2249 830 2912 61241 2121 61228 1345 73 8787 3494 40644
337 2410 421 7136 843 5486 7629 195 34600 440 13152 659 61236
201 61627 61310 13106 23646 32733 44611 4975 1085 23224 936 195 416 2468 13106 4663 922 61223 4566 217 4747 5388 14586 4706 1814 2157 61241 617 922 30584 61161 10825 56299 414 54333 61477 61265 241 22799 16284 55126 554 3498 3069 843 49097 61282 815 2574 61339 500 27943 61223 500 41734 27943 61223 1676 11980 61312 27943 337 11549 27943 6427 24576 1709
7391 61243 6674 12644 22733 3064 54499 22814 61223 14213 1153 24912 30734 12613 61247 40698 15720 241 22228 61383 42933 1303 1447 8762 61216
201 61600 61235 7734 3996 2121 21634 290 61333 337 1544 290 421 61240 43008 14423 6611 61223 2032 32667 30637 14250 3196 13913 388 4933 195 56902 20149 4240 21533 25783 1046 61627 61591 61665 61600 40644 21095 1846 6611 4256 41970 47195 12813 5748 43892 600 61235 25184 17945 61223 38814 546 47472 37212 21292 5608 13301 1450 12570 28575 43892 600 61235 25184 17945 4256 543 534 16284 722 52454 26595 58619 7640 61223 31002 47100 56141 1046 61627 61591 61665 61600 40644 20424 549 54876 5486 17051 11900
201 61627 546 771 6872 49060 7640 4023 22710 11157 3385 31860 6611 48037 37212 45331 61303 250 5748 61223 7978 30267 34863 1732 23381 296 13095 265 2470 1709
201 61763 61232 5569 20687 3306 1151 948 6395 1450 250 843 8054 61240 35393 58619 7640 20564 21890 2150 370 936 195 1814 3996 1982 3206 922 31070 459 922 61223 11411 7927 922 13301 17840 296 549 363 3451 8194 58619 15333 61223 1347 2099 32883 2121 33897 1085 6395 7640 296 1257 26412 13913 388 29699 44727 11192 48316 241 58532 14740 38027 3332 1709
201 61580 426 19513 331 12111 4758 13194 7563 23287 12615 93 217 47962 61223 5690 61279 1450 61423 771 382 931 61241 4706 2146 343 659 61316 620 769 1489 30734 11489 2912 61272 5135 61228 5019 61223 17067 3769 59401 414 1347 19344 4754 1299 1474 58619 7640 61223 658 266 7977 3498 73 8787 3494 40644 24072 38020 6611 24140 4286 60405 40327 25678 15725 19513 331 12111 4758 3251 7563 23287 5585 4706 7563 19822 4023 22710 4061 73 8787 3494 40644 1709
201 61763 61238 17840 24403 36219 2249 37884 43501 10556 2190 8028 3832 9025 56098 296 20069 48398 8194 3186 319 61268 19895 61216 7163 61268 61216 41752 4706 49489 4305 195 3051 61241 617 922 5935 61223 21890 4571 90 18805 14995 1709
2929 382 217 817 1184 5266 34863 3385 61316 8665 216 315 61272 8612 93 61240 421 35383 5748 61238 2034 1184 61263 5608 216 315 61272 922 61240 2450 1447 39556 382 26565 1928 61279 25380 61232 30267 216 315 61272 8612 61265 337 346 13097 931 3306 93 61240 421 35383 5748 61238 2034 1184 61263 5608 346 13097 931 3306 61223 2450 1447 39556 21396 1928 61279 25380 61232 30267 346 13097 931 3306 647
