1084 20375 61283 61260 140 11701 2346 11918 7 191 25573 26 551 3735 2890 31 61231 61288 25720 44485 3037 574 6108 2890 31 61231 56100 448 11019 106 7694 96 61283 448 20042 24 20042 24 373 1511 2890 1021 2757 13 61231 104 5088 25595 63 106 233 94 104 2277 685 564 133 81 245 14269 106 24930 106 4494 106 463 16072 106 10945 61216
1667 6446 9235 26477 485 8924 61203 1061 238 8789 44657 175 212 481 282 373 212 22168 105 61223 1546 3037 10629 779 22 427 1021 3761 51604 448 3733 106 26607 7839 11062 373 13 1164 7 1775 61223 26 61231 129 61228 61387 61228 24125 61223 5474 20766 9235 11 123 61223 390 245 47947 46529 10961 14799 61223 1061 238 42402 4483 61223 1061 31 61231 724 12031 4483 61223 1061 238 73 4772 61253 61223 1061 238 1901 71 105 26 38133 61224 4228 35 4095 2979 61223 1061 31 61231 724 61219 1424 61540 159 61223 1061 31 61231 724 61219 1424 61540 159 61223 373 1061 31 61231 724 61219 1424 61540 478 61223 215 61231 3087 6681 39661 171 16095 13 61231 7422 13 1164 7 1775 13 61231 1851 1901 71 105 34485 11062 2800 106 7612 212 33978 106 238 73 8787 3494 40644 798
201 16980 318 30464 61223 31 61231 5193 60310 4 603 5729 1021 15095 209 4718 3707 1439 448 687 180 106 31 61231 61288 49572 24651 579 6048 7089 1021 13982 61540 1277 798
2125 28 61231 61220 4 1196 106 56898 1780 114 13 61231 1851 29 15 63 2890 245 2293 55487 61216
35663 85 3901 13 61231 19466 8046 448 310 3087 3037 4766 19 61 238 574 11145 10813 54 448 36260 631 24 448 4718 3707 1439 373 6202 8013 61598 1161 61233 106 2087 1471 1021 6000 212 33978 106 1162 6149 215 61231 3087 8 61231 71 579 61 373 51610 61 448 36260 631 24 448 4718 3707 1439 61216
5218 28433 106 45163 8432 106 238 20375 61283 61260 140 11701 373 1021 28433 106 58629 22298 6197 43467 28528 61494 61211 6048 1061 238 26 2298 92 26050 13 61231 374 1159 81 191 603 25720 44485 2625 106 31 61231 61653 63 106 416 5812 183 57 61217 446 390 233 94 1851 61216
5218 13982 61540 1277 28 61231 468 1196 172 44199 2277 1021 13982 61540 1277 3037 5573 6995 61288 13 61231 6339 81 49075 28346 9261 13 61231 2084 919 312 441 1061 31 61231 29718 30838 106 31 61231 61288 49572 61216 5218 28 297 7352 13 61231 12904 21760 106 31 61231 61288 49572 6995 61 106 8 61231 4653 1959 11 11521 238 50510 1773 106 38552 37 314 448 603 6462 24 212 33978 448 25193 383 106 8 61231 437 9418 427 15614 1021 13982 61540 1277 1626 224 35487 1061 31 61231 61288 49572 20401 149 2687 238 38552 37 314 448 603 6462 24 61216
1667 1111 35009 7397 61223 595 28 61231 61220 4 1196 4494 13 61231 2308 10821 6590 212 18824 7 1061 238 58453 61223 986 106 14269 1775 1185 56 985 1172 238 687 7 15614 6681 38552 1036 26050 13 61231 61288 61225 3929 31 61231 59 26764 17227 106 11460 1901 71 105 798
1667 18440 238 306 710 192 448 11019 61223 245 29899 13 61231 61288 135 2084 585 4 25035 1829 373 485 34180 61288 1061 31 61231 1283 203 94 3025 106 574 158 191 5088 14269 106 1901 71 280 61223 373 595 42 4 3165 4841 215 61231 2226 4 8305 2130 110 3735 106 53093 3165 7943 212 33978 106 31 61231 19569 951 13 61231 16324 9261 13 61231 2308 10821 6590 61223 106 1065 19 2800 13 61231 192 4317 106 14919 798
6446 215 61231 9 4 4530 15676 2890 1546 13045 13405 9624 19681 61228 47719 61 1061 238 6705 3025 13 61231 12332 436 61216
1667 58 61231 437 9418 215 61231 44 28 61231 61220 4 1196 106 1578 61288 2890 1021 7449 13 61231 2084 919 312 441 106 14282 61282 519 951 61233 448 25756 3037 737 133 61 1061 1546 427 1021 4718 3707 1439 2890 12567 37046 175 106 14919 2800 3037 149 4530 1607 1061 448 5474 631 1061 37670 2888 43360 622 61288 903 5334 7449 13 61231 2084 919 312 441 106 14282 61223 8 61231 44 28 61231 129 215 61231 44 8 61231 52518 13 61231 1851 5736 449 4718 1839 3037 155 2888 12214 622 61288 903 1061 3165 603 20676 26069 1829 55490 798
201 61234 69 2733 61233 10538 141 61540 12508 1248 61223 373 3 61231 12904 21745 61233 1021 350 411 159 7352 798
201 61271 24 1588 61288 38284 106 23722 106 31 61231 40074 11338 61 60644 106 10538 901 61469 631 61223 775 10 61469 139 1061 37542 215 61231 3087 155 26262 1196 7033 8046 245 16 4713 12 18322 212 9804 215 61231 374 61227 5926 61222 13 61231 48358 81 448 25193 383 106 176 8699 26069 1104 32427 3930 22396 19 9530 798
1667 16980 3379 30464 61223 26844 1021 603 6462 24 453 19614 50821 5573 4530 15676 215 61231 3087 942 13359 8305 38552 1036 1061 31 61231 2474 236 453 19614 50821 61223 1021 16 4713 27695 2252 19197 427 1021 574 21615 280 5573 8305 38552 1036 373 1021 30963 5573 8305 2130 110 1036 390 1021 6000 106 149 7053 7 17257 106 238 58453 32969
1667 51375 31 61231 9 31 61231 61204 13547 11145 21047 2890 245 13045 106 5272 84 61249 61251 2939 1021 90 20571 26262 9624 3165 24300 17047 2890 238 3684 18271 106 238 10731 798
1667 5218 278 25749 373 1021 134 1623 24 2890 7495 245 28899 448 23586 61228 55326 5573 8305 8622 1036 106 1626 224 1562 1021 49827 5334 4718 3707 1439 448 3411 19 13 61231 3806 577 585 373 106 4246 585 61216 2699
116 61231 8577 67 61288 1025 28758 106 238 73 8787 3494 40644 149 15761 848 61216
201 13848 4494 106 7495 61223 2877 11 245 29899 106 7275 61203 2769 139 1061 1260 20495 3188 26050 13 61231 61288 2178 8046 238 12602 448 41040 106 238 16285 34603 215 61231 44 20017 191 4114 5509 798
201 61271 24 2231 3930 106 31 61231 41883 61223 238 12214 61233 191 5409 798
19531 5867 61225 631 23322 7 373 23322 7 31 61231 10152 50 94 3025 106 31 61231 9802 61203 215 61231 44 28 61231 61220 4 34847 104 13 18381 1775 1061 10538 1065 19 2800 448 3743 61540 1565 61216
7279 61288 11 448 141 61540 12508 1248 13 61231 2084 919 312 441 1061 238 58453 373 23322 7 245 34978 13 61231 2084 919 312 441 1296 16075 2872 8556 1021 24997 850 5334 6000 373 5334 4718 3707 1439 106 31 61231 2084 919 312 441 1061 238 58453 61216
1667 19592 5736 449 4718 1839 3037 4 4718 143 333 682 16 12662 7089 73 8787 3494 40644 28 61231 61204 1196 13547 11145 191 2918 281 106 58 19832 61228 61245 8787 40644 2890 1021 18 1216 13 61231 47912 1439 2800 106 31 61231 41883 61223 5474 1021 23 11852 20318 106 238 1901 71 105 39294 2486 1036 2890 448 603 25720 133 631 7855 61214 1216 106 31 61231 9802 61203 61223 42 22722 31 61231 61229 61218 61246 1061 14110 30963 798
1021 21803 106 31 61231 12655 59777 1061 31 61231 61288 1161 16091 24982 3735 390 3165 1901 71 105 1671 347
1452 306 710 192 448 128 61260 373 448 49 24800 8058 1036 1061 1546 42535 155 26262 1196 8 61231 437 9418 427 238 3254 13 61231 10152 50 94 3025 17047 155 13405 1196 9624 1108 61217 21789 2890 245 6414 61216
2125 8 61231 52518 13 61231 104 17078 55330 35266 585 448 21803 448 14110 61216
1667 16980 500 30464 61223 238 306 710 192 448 4718 3707 1439 3037 5573 5108 61288 1021 25756 106 3979 603 6068 40669 106 238 73 8787 3494 40644 106 238 481 282 61223 20401 1021 1977 61301 16072 13 61231 3054 3707 1439 5573 8305 17597 110 61223 5573 176 8699 245 19228 9 373 106 21324 61309 16072 13 61231 61029 390 191 58155 106 19029 61309 16072 13 61231 61029 798
1667 2125 42 4 3165 32879 106 20290 9081 106 238 1901 71 105 26641 139 106 24930 20766 52110 1478 52963 106 238 1901 71 105 61223 16285 504 595 485 10629 5759 215 61231 61387 12964 23974 595 485 798
72 3626 61233 16168 2264 61210 21679 106 40217 245 2231 1359 373 6202 5535 21745 61233 13 61231 2084 8751 1021 2231 3930 20401 6202 31 61231 43133 26 94 61288 61216
116 61231 49375 106 31 61231 12 33909 106 34603 10863 495 28862 106 685 564 133 81 31 61231 1283 8843 106 31 61231 45004 13 61231 104 233 556 327 441 2800 106 31 61231 45004 13 61231 29718 28762 1061 31 61231 528 30838 8806 61288 1061 31 61231 143 204 61212 4836 26050 106 685 179 5898 448 40309 61216
1667 116 61231 40577 1879 485 191 120 2083 7 61228 18757 281 92 8384 347 61223 5474 1546 28 61231 129 1196 191 120 2083 7 61223 26 61231 129 54393 36268 25885 449 1021 1328 16 61598 2252 3873 106 29 15 133 81 16168 2264 61210 61223 307 1280 61233 1061 1546 427 26844 1021 1854 61540 1565 106 31 61231 21743 67 1626 17425 1607 106 31 61231 41883 61223 373 595 32391 15815 7 191 28958 3444 3037 13405 9624 191 56567 61223 2277 427 31 61231 40577 1879 1602 1243 1946 29527 585 798
1667 18440 238 306 710 192 448 11019 38552 1036 2800 7089 21941 14685 106 904 6279 61223 448 38501 180 61223 373 448 16174 61212 50 2594 3037 1578 61 2890 1021 141 2232 61223 595 42 4 448 1083 55375 106 4842 105 373 13 61231 2066 3735 2890 448 1185 56 985 908 7646 1036 798
201 28766 42 4 14110 10112 106 256 282 1571 27710 110 93 9164 61207 61314 769 1546 3037 144 779 1359 3165 1901 71 105 13 61231 1851 39483 1161 106 238 39483 1161 485 242 3735 2890 1021 2373 1775 106 238 16285 12930 3037 4 8305 4530 15676 24982 139 3165 1901 71 105 33923 53050 798
1667 1084 13045 106 58 19832 61228 23419 61314 3598 485 238 4426 106 238 73 8787 3494 40644 93 61217 21 27710 110 778 61311 769 3165 1901 71 105 4279 3735 390 245 50220 70 61469 564 2277 238 37682 26917 212 50078 778 3137 1061 78 11093 61223 1061 84 8681 61206 61223 212 481 282 32969
1667 13969 31 61231 41756 11019 61223 3522 11318 61332 3761 106 10812 61249 8980 60513 9360 3037 5573 839 61206 245 73 8787 3494 40644 28 61231 468 34923 8305 4718 3707 1036 1061 31 61231 61212 61494 61219 1988 61223 95 4 56087 61288 215 61231 44 8 61231 52518 13 61231 1851 149 2687 7176 106 26607 26 551 3735 798
1667 1452 306 710 192 448 53097 3995 61210 93 61251 5340 61265 5573 8305 603 135 2084 1036 5460 238 26574 212 1379 13 61231 104 16174 61212 42742 61223 13405 61228 7422 41054 215 61231 3087 5573 191 56225 701 4536 497 2800 41054 215 61231 44 28 61231 61204 1196 52480 8305 8924 61203 1061 31 61231 12655 59777 106 238 687 7 61223 11521 595 485 49144 21339 2890 245 22916 28778 2096 61228 18682 106 238 6204 2474 29260 106 31 61231 12655 495 798
1667 5218 50510 10625 23322 17386 245 29899 27676 61288 2277 238 7275 61203 1230 37346 106 31 61231 16601 1028 5697 373 106 31 61231 2084 357 44 106 238 6006 27313 105 61223 373 566 61209 1262 61 12607 61277 6122 1296 15970 238 7275 61203 106 31 61231 5161 185 56763 106 31 61231 3054 1839 61339 17158 238 7275 61203 106 31 61231 30 2234 114 61339 31936 238 7275 61203 106 238 6006 27313 105 1595 7069 61339 15291 245 162 909 24 4449 6006 68 106 1901 71 280 61339 373 19694 238 3820 114 106 238 5487 798
1084 3995 106 31 61231 3054 14 106 1260 564 4151 3735 1061 448 23 11852 20318 4136 19 1036 485 47860 22 2800 38552 61288 1946 29527 585 2890 238 306 710 192 448 26722 212 33978 448 49953 1553 12957 2093 2800 448 1292 24 3037 149 13045 61 61216
1667 1452 5487 14807 1061 31 61231 16601 1255 2800 31 61231 1283 203 94 3025 448 3733 106 26607 3846 24214 373 13 61231 21798 52110 1478 52963 106 56225 3871 2232 448 1256 1205 106 238 1901 71 105 33923 53050 93 61217 61231 129 61228 61387 61228 24125 238 1901 71 105 373 238 1901 71 105 61265 39294 1626 17425 61225 6048 36563 1021 3761 106 13576 10276 61256 93 2898 61332 9360 93 61237 497 556 17910 61680
201 26237 595 28 61231 61220 4 1196 13 61231 41756 53598 61223 9364 24 191 461 39 373 6202 4530 5254 61233 448 38900 10713 12957 1310 1172 31 61231 3054 14 106 238 1379 20401 6202 3432 61233 798
1667 13969 31 61231 61229 283 4295 61223 1061 2068 6040 61223 1021 4718 3707 1439 106 31 61231 41882 963 3025 33263 168 5573 27676 61288 191 58155 106 463 16072 106 10945 390 2145 61228 184 1227 177 44454 106 51 1229 18435 798
201 61271 61231 1351 8317 230 1061 191 1185 33853 24651 579 61288 13405 149 2346 2515 15744 11 1061 31 61231 2066 3735 831 125 4836 61223 373 8 61231 44 28 61231 61220 4 215 61231 61387 31 61231 528 2537 13 61231 21798 11019 215 61231 44 28 61231 556 68 1196 50197 106 120 1220 373 106 2877 11 448 904 6279 798
15673 61210 5573 8305 353 6695 61224 1036 1061 238 38552 37 314 49639 61216
116 61231 39783 485 245 4494 5088 14269 106 24930 36317 49589 13 61231 1851 1901 71 105 1553 229 105 491 61223 5474 595 28 61231 61220 4 1196 106 14269 1775 61216
1667 1084 14269 13 61231 61288 25720 133 631 61223 106 2600 7057 3761 51604 1336 41734 2843 373 16845 36563 1021 24930 13154 61218 6048 106 5786 2843 2800 4494 61223 373 1021 28 297 7352 1553 12957 2093 1061 31 61231 61624 471 106 734 13520 2843 373 1676 47625 2843 36563 1021 24930 13154 61218 6048 93 61293 9135 682 52 2351 28145
201 61271 24 24930 20042 24 3037 17393 35487 191 51746 373 19623 3733 106 26607 6681 21941 13 1164 7 5083 373 25551 30723 8 61231 9176 61598 5898 106 29483 191 51746 212 18 1478 44 61223 11521 191 51746 106 1260 564 1083 8594 61223 2277 149 7053 7 2890 448 1185 56 985 61223 373 1172 61205 160 448 38501 180 61223 279 27484 1220 373 212 59982 706 448 1185 56 985 21941 24651 579 1036 798
201 61246 12892 504 38777 106 1546 20017 162 2513 390 245 73 8787 3494 40644 95 13405 9624 3871 564 61223 238 3254 2716 2062 757 11062 215 61231 2226 4 3165 2888 26005 373 215 61231 2226 485 1578 3735 4494 5833 585 427 31 61231 874 3735 106 41794 11019 61223 373 427 6202 28 61231 43133 1196 238 2888 26005 106 643 963 11 245 58 19832 373 245 72 16486 61223 5474 595 485 4494 60242 215 61231 3087 798
1667 13121 885 61224 6279 585 106 7638 448 3035 21839 106 26 184 2950 3037 5573 8305 4718 3707 1036 2890 245 28368 106 31 61231 61288 1161 16091 106 31 61231 61288 2178 105 61223 31 61231 61653 63 448 3411 19 3520 7352 453 686 19330 3037 4 8305 9398 43856 390 245 58155 3684 110 899 106 238 10547 5135 4 8305 106 4920 61325 25600 2950 106 10945 93 10 10945 212 6773 769 191 233 5159 7 45928 61288 390 245 4352 106 14719 27407 106 31 61231 874 3735 798
1667 29986 13 61231 143 257 61223 11460 37682 3254 61223 373 238 26574 1061 9620 19461 3635 92 3735 238 3254 45 5161 185 1115 14807 1061 31 61231 51053 45595 106 238 48383 106 26607 106 31 61231 12332 436 3343 139 1172 1021 44592 24 106 8911 26005 5646 61288 1104 14 585 373 1061 31 61231 59 26764 17227 106 31 61231 25470 25885 12291 245 885 61224 6279 585 106 238 50861 813 19 2399 180 61339 1546 3037 4 8305 4530 61225 3735 155 13405 34923 2877 11 11521 238 3254 4451 160 3735 4 8305 4530 61225 3735 798
1667 19592 3 2226 50510 1773 4 8305 2346 21164 61209 3735 215 61231 2226 25035 281 6644 2890 245 45108 106 238 16426 106 31 61231 2031 22621 1681 61223 245 54746 556 106 128 61260 1061 31 61231 528 2537 373 448 28433 448 43479 3037 3175 61208 43360 106 31 61231 25470 2346 11918 61209 3735 390 31 61231 3526 61229 373 13 61231 21798 3733 61223 20401 448 1837 6048 914 24 427 245 6414 106 25573 373 238 25885 3025 13 61231 437 9418 191 34978 106 16426 14505 50986 5573 8305 359 4210 390 4114 5509 798
1667 116 61231 6602 4830 77 106 31 61231 5193 60310 2277 1021 2005 52963 8 61231 10152 229 564 390 1021 4718 3707 1439 524 1036 1061 238 73 8787 3494 40644 3037 10052 61 5334 4718 3707 1439 3037 212 23969 919 448 4718 15845 2890 1021 32732 52014 106 5623 61223 1021 32732 52014 1559 61223 1021 32732 52014 11004 12957 2093 61223 521 1423 34363 734 1061 318 3350 19197 427 1021 4718 15845 106 23384 23974 521 1423 34363 500 1061 836 61468 32969
201 61271 61231 3054 3477 13 61231 10527 503 1172 1021 15863 5197 881 61210 46299 2107 24214 461 639 35978 427 1021 16 4713 27695 2252 155 6681 1196 1571 9959 8090 61210 1061 31 61231 61288 5018 2107 61216 116 61231 3054 3477 106 31 61231 25470 49165 61 191 4718 14 106 31 61231 3054 14 106 17151 347 20401 245 2212 38662 93 61246 769 31 61231 10 1508 848 93 61247 61265 373 1021 1438 61288 1491 3037 149 4530 1607 7089 238 267 311 93 61239 61265 2769 61 798
1667 1452 306 710 192 448 24930 28 61231 468 9364 106 14269 5083 28433 3037 9508 448 9973 7947 1511 25885 8283 2277 215 61231 3087 2888 43360 25345 61223 373 13 61231 21798 28 61231 468 1196 38552 61288 3371 5 585 1021 9973 7947 798
51 411 1021 603 25720 133 631 1626 17425 61225 1036 6681 8806 1036 390 1021 1553 50753 373 238 73 8787 3494 1804 2906
201 61271 61231 12655 59777 106 2877 585 3037 13405 42 9624 61223 453 58 19832 1571 27710 110 373 448 1571 9 194 8283 49921 1216 61223 10629 779 22 427 1021 1571 9 194 8283 1227 58 19832 149 13927 61 2890 1021 49921 1216 1061 1260 49504 798
595 42 4 5460 245 705 36424
1009 8 61231 1351 184 1061 1546 427 31 61231 10152 50 94 3025 2892 61203 314 212 27719 106 24662 453 24178 22441 3684 110 899 1061 1546 2061 390 13045 1061 46491 34605 61214 2890 1021 11019 3037 28824 133 61 4686 47149 61216
201 61245 61231 129 6644 61223 31 61231 104 3025 13 61231 3054 3707 1439 11363 22 8283 1553 12957 2093 155 38636 1196 9624 4494 106 1328 3873 61223 373 9065 155 5867 61225 631 1196 4494 106 4088 3873 2277 1021 13982 61540 1277 11363 22 8283 106 23384 23974 798
1667 1084 14269 13 61231 3054 3707 1439 106 16741 7057 373 106 19623 5474 631 155 26262 1196 9624 5754 1036 106 31 61231 1283 599 7397 13 61231 30 2234 114 212 33978 106 238 38552 37 314 448 793 75 8283 61216 5218 7449 13 61231 30 2234 114 106 31 61231 61288 49572 485 3165 4718 3477 106 1065 312 9 6300 1478 3735 373 106 279 1775 5334 23586 61228 55326 390 1021 54746 7352 13 61231 30 2234 114 798
1667 61271 24 24930 51604 448 3733 106 26607 3037 5573 448 52110 1478 52963 106 73 8787 3494 1804 3137 3037 566 61209 1262 61 1021 1492 20318 61223 1021 603 135 2084 3565 61223 2800 31 61231 9176 61598 1161 230 106 31 61231 2396 61223 30723 8 61231 50817 579 11 5646 61288 1104 14 585 12567 603 1161 16091 106 31 61231 19569 951 106 238 26607 798
1667 13969 31 61231 6 314 1230 37346 61223 1021 603 25720 133 631 13 61231 61288 25720 133 631 106 7275 61203 106 31 61231 12655 59777 10052 61 1227 24638 2979 106 238 23417 798
16075 2872 8556 238 1260 51210 448 8939 1036 13 61231 2084 919 312 441 1061 238 58453 212 149 8058 139 1172 1021 37478 5133 13 61231 3806 577 585 106 43842 61282 5638 5753 61233 245 14879 10052 139 1061 31 61231 61288 1161 16091 106 238 24662 106 31 61231 3806 577 585 373 448 37478 5133 10629 61225 2232 212 33978 106 31 61231 61288 6068 106 238 52111 106 1857 129 7543 36 61216
1667 13121 2346 6804 106 238 26574 212 1379 13 61231 1851 39483 1161 2800 453 1065 19 61223 595 42 4 14685 106 28796 312 3058 212 27719 106 23723 61223 13 1164 7 1775 61223 13 61231 10152 50 94 3025 61223 106 10629 4091 373 106 25035 18053 106 238 90 5340 2277 1021 41040 798
19531 2277 35660 16967 428 31 61231 374 19808 53050 2277 13982 143 14541 448 25573 1172 238 687 7 6478 373 191 39456 106 36260 631 24 106 31 61231 3054 1839 30969 12567 2320 449 106 238 3254 373 31 61231 61288 2178 105 448 603 25720 133 631 13 61231 25470 373 106 6006 1629 23524 1359 61216
1667 116 61231 12 33909 106 238 6204 2474 29260 5135 485 191 5088 461 39 61223 191 461 39 13 61231 2308 1592 114 106 238 23723 373 106 31 61231 10152 50 94 3025 36563 1021 5088 61210 24930 36317 49589 106 238 73 8787 3494 40644 798
1667 61237 160 24 1021 11019 5573 9364 31 61231 528 20383 13 61231 1851 149 2687 33757 61223 373 1021 233 5159 180 52934 1036 356 61208 1036 5334 23586 61228 55326 61223 212 11715 15825 61223 212 22168 105 61223 212 773 4966 15825 61223 212 6748 61223 212 2264 1365 481 282 61223 212 9119 61223 1227 11897 61204 2861 61228 41882 798
1667 51375 245 53598 8384 347 106 33866 11460 23 2169 61223 25551 5414 61 427 6202 61223 7089 17816 59196 11338 61288 373 17816 23 11852 2234 373 238 12214 61233 1021 2264 61210 2277 149 4068 5898 61216 2699
5218 24930 56564 49589 373 39708 3037 5573 448 5414 6048 106 26607 1653 9530 5573 1887 448 13 19446 106 1901 71 280 21941 17078 492 4210 3037 3684 104 43360 238 7612 61216
1667 33746 1901 71 105 485 191 3189 106 1571 27710 110 61223 191 3630 7 40549 2979 3037 574 6108 245 58 19832 61223 245 72 16486 61223 373 1021 10112 106 1901 71 280 1553 229 105 5083 798
5218 11804 61494 2252 106 1901 71 105 504 1901 71 105 1775 26262 9624 603 5327 1036 390 31 61231 19569 21 1899 453 390 94 3054 59 75 93 94 3054 1592 163 33892 647
1667 1084 14269 106 10538 3733 106 26607 8349 1043 1150 149 4530 1607 5334 23586 61228 55326 61282 1559 3735 1172 238 574 11145 10813 54 356 25262 212 778 3161 31 61231 13279 230 114 106 238 1901 71 105 603 5327 3735 36563 1021 24930 13154 61218 6048 448 23586 61228 55326 19461 106 880 1055 19288 373 31 61231 13279 230 114 448 23586 61228 55326 3037 4 1571 4346 61288 31 61231 61624 471 106 15614 1021 10112 106 1901 71 280 6074 164 3930 93 1283 1028 139 31 61231 724 12031 4483 20766 3165 28958 1901 71 105 6074 164 1359 61265 19461 106 13272 54539 212 778 2815 2699
593 42849 14269 106 3761 643 9261 390 73 8787 3494 40644 13154 61218 1036 13 61231 61624 471 106 4544 644 2843 4 8305 10157 61288 215 61231 44 4 8305 244 3867 61288 1061 31 61231 61212 61494 61219 1988 14149 8372 2800 1108 61217 48130 1061 31 61231 2613 61298 93 135 2564 1359 9603 647
1667 1149 35466 61223 238 306 710 192 448 15340 3054 1036 28 61231 71 579 61 1196 1021 49 61288 24434 4911 3930 26641 139 106 238 481 282 1061 31 61231 61643 61205 1418 61228 55326 93 61219 224 26 185 61288 2277 8013 61598 5898 31 61231 2066 3735 1061 238 33157 448 24997 850 373 106 238 9235 22699 1061 238 27721 13 61231 1851 13652 106 4842 105 44196
1667 13969 31 61231 61288 1161 16091 106 238 73 8787 3494 1804 3137 245 12613 61247 373 245 20375 61283 61260 140 11701 5573 9398 43856 238 16426 106 31 61231 10152 50 94 3025 26050 13 61231 4653 1959 11 31 61231 2308 10821 6590 106 238 73 8787 3494 40644 2890 245 57372 61223 373 1546 33392 2899 869 212 1379 1334 8058 585 1061 31 61231 2308 10821 6590 798
932 490 428 1227 22456 69 556 5380 9 8006 110 93 61245 8787 3494 40644 3080 932 283 11062 13 61231 61288 867 61218 24968 106 238 16426 11719 24148 3735 1084 11897 30 35791 47 3947 43817 818 209 18966 373 245 14895 106 16426 373 7089 238 26607 50212 4473 2459 26168 61216
1667 1084 9235 26477 4 8305 49538 1061 31 61231 2474 236 106 19623 2770 21839 3037 5573 6644 8305 4718 3707 1036 61223 4 18507 61288 191 61167 1061 31 61231 2084 919 312 441 61223 1061 7280 3929 238 56622 114 61223 1021 5414 6048 13 61231 5161 564 133 81 1021 30963 61223 1021 3684 51435 60944 448 3411 19 13 61231 47912 1439 1061 31 61231 61288 1161 16091 3037 155 5867 19675 1196 25035 1562 61216 6166 16662 238 38552 37 314 448 603 6462 24 61223 31 61231 5193 60310 20082 31 61231 36995 448 59501 490 180 13 61231 2084 507 503 1061 2770 50 439 373 13 61231 15 3542 314 448 7449 13 61231 3806 577 585 373 448 603 6462 24 373 448 46503 3037 155 26262 9624 27676 1036 2277 622 61288 903 5334 13982 61540 1277 1061 1260 49504 373 8 61231 44 8 61231 10152 21 1359 31 61231 4653 40646 230 798
6446 140 19399 1537 485 17486 61288 1061 27691 3929 238 26607 55165 871 448 32881 106 238 4567 188 21 1817 61216
1667 61245 61231 129 54393 61223 245 1072 3656 21922 95 4 4530 15676 191 20290 599 106 238 45379 1061 31 61231 41756 1061 238 6748 9726 3735 390 245 8362 4836 38345 61469 4466 448 59075 3224 24 373 106 238 26607 61216 2699
201 16980 279 61214 106 157 20372 4 8305 3027 113 61288 61223 19197 215 61231 104 28958 279 61214 106 238 90 15682 453 3245 1597 11571 8446 5460 245 23964 61209 5868 40826 373 1021 2068 56475 20404 22574 798
1667 157 110 132 61231 61387 238 8789 44657 175 106 31 61231 10 1013 478 61223 1021 1292 14 8283 5573 27676 61288 448 25891 405 106 4755 2594 908 7646 6048 390 1021 233 48245 212 26572 800 26176 2277 603 61215 20872 238 1438 61288 425 106 31 61231 26830 282 798
1667 16980 644 30464 61223 3186 417 448 4718 3707 1439 106 31 61231 56100 106 238 687 7 5573 8305 5108 6048 1061 238 38552 37 314 448 603 6462 24 61223 1546 3037 10052 1061 238 38552 37 314 2890 31 61231 56100 453 11019 106 45968 373 238 38552 37 314 106 238 13652 106 1339 16072 106 31 61231 47912 1439 373 448 46503 798
1667 2125 485 10629 5759 215 61231 3087 51627 5775 1036 2890 1021 53097 11269 1742 106 58 61251 1955 2456 40861 11521 4755 24 215 61231 3087 5573 8305 4530 61225 1036 61223 1546 3037 39411 61 13 61231 10 23969 2452 448 25573 1192 1439 93 61239 4684 6447 164 1506 1562 1350 1359 17910 61680
1667 1452 1438 61288 1817 20766 12581 13 61231 2308 21 47432 365 975 61223 390 35466 61223 3175 12469 3165 2305 1161 59243 2979 1061 238 13622 114 13 61231 1851 2873 105 212 3175 61208 39206 3165 25035 106 48968 106 238 140 8131 61228 61213 60890 2062 140 8131 10687 976 425 12003 61216 116 61231 1851 448 233 4158 1192 9530 9364 24 390 245 12884 61203 485 106 11841 3165 2873 105 106 7408 106 25573 798
1667 13121 61228 4083 61387 106 238 56898 1780 114 51909 2277 1233 2474 2452 31 61231 819 181 441 2800 31 61231 1851 2800 31 61231 104 13 61231 104 8159 584 653 366 2399 585 1227 34496 25880 129 7 61223 1021 26 20566 2093 30723 359 3054 42830 215 61231 20354 104 56225 106 1260 564 4151 3735 2800 106 1901 71 105 485 1571 4346 3735 61223 42 22722 1021 1256 1205 448 50340 3037 155 6681 1196 8806 1036 21679 93 424 18982 20387 61223 238 3684 61222 1255 61223 238 70 13787 1571 61219 223 16091 61223 5460 22336 28145
1452 1231 40003 8923 436 106 31 61231 47453 2828 106 31 61231 47453 2828 106 31 61231 9802 18322 106 31 61231 9802 18322 106 31 61231 2474 236 13 61231 1851 3 860 92 16174 802 497 390 245 3189 106 73 8787 3494 40644 2890 238 26607 61216
1667 1111 7495 2757 61223 59329 47778 1021 3733 106 238 8456 13 61231 21798 11019 3037 6681 2130 110 6048 390 448 681 53498 13 61231 61212 23520 1150 61223 373 1021 26 20566 2093 13 61231 21798 11019 61223 238 6300 20320 448 24930 4494 2282 455 24 61223 6681 1289 9407 6048 2890 19623 5474 631 155 26262 34923 9624 6654 81 6048 390 1021 32453 3054 8283 106 238 38824 798
1084 72 16486 61228 23419 61314 8 61231 129 461 25 132 3735 5334 41040 1061 25345 448 49921 1216 390 448 5544 405 61216
1667 13121 10636 106 31 61231 33133 30520 61223 1021 3733 804 92 6048 2890 245 37295 1424 61540 4932 106 238 73 8787 3494 40644 6681 2346 1121 6048 5460 2683 56774 27546 215 61231 8709 5573 8305 70 61469 2232 32969
1667 116 61231 25470 14807 1061 10538 20959 28 61231 61204 8305 4530 61225 3735 427 2890 801 1442 61256 93 2898 61332 32751 448 1072 2335 13738 61301 24930 70 61469 2232 390 245 6594 61245 798
201 61271 24 36746 106 1260 564 4151 3735 448 24930 13154 61218 6048 6681 686 2979 230 4573 4523 61223 5474 595 28 61231 61220 4 1196 13 61231 6649 5862 427 1021 3761 155 25035 35487 1196 1946 29527 585 2277 13 61231 21798 1901 71 280 27771 12662 798
1667 61245 61231 129 54393 61223 1230 54118 61223 9065 155 52000 1196 6866 207 58004 212 1546 3037 44527 1021 28 297 7352 106 238 27721 3175 12469 3165 3254 3791 19 2062 106 238 24712 449 448 25756 11269 1537 8283 4136 24 2800 504 31 61231 1283 203 94 3025 106 1546 3630 7 485 26820 61288 1061 238 25885 3025 106 24401 12602 3127 3735 61216 2699
5218 1438 61288 283 61540 2583 35543 4980 9175 1511 16967 6028 6681 3846 6048 2277 18507 11 191 12884 61203 106 3684 6393 425 61228 18469 9970 425 93 13192 61245 61265 106 6793 7982 992 27486 4911 3930 61216
1667 5218 141 61540 12508 1248 13748 15 7 1775 373 1172 61205 160 390 1021 19773 1761 2890 1021 26722 10629 24961 6048 61223 5474 1021 4494 5088 61210 11019 155 8 61231 2084 333 52797 1196 106 14110 23757 6048 2890 31 61231 56100 32969
1667 1452 149 2687 24300 448 33100 106 10538 41175 3087 93 2335 24326 2335 54723 61325 46607 26126 3165 4718 14 26 551 3735 13 61231 1851 149 2687 2800 3165 24300 13 61231 104 5409 13 1164 7 1775 798
1667 14829 3733 93 61219 12521 106 7275 61203 61265 28 61231 468 1230 54118 2877 61288 61223 373 13405 61228 7422 215 61231 44 28 61231 556 12276 1196 8305 3971 61288 1061 45928 11 1021 16174 61212 50 2594 2890 1021 1185 56 985 20401 595 485 3072 13 61231 5161 56 40655 238 1901 71 105 798
116 61231 23162 6982 20681 4006 132 282 149 4530 69 2890 245 16 4653 1164 215 61231 556 34171 4006 132 282 5334 23586 61228 55326 61216
1667 13969 238 26638 106 238 34973 106 33263 168 106 855 11 123 1021 4718 3707 1439 1061 238 58453 27546 238 162 47411 13 61231 59 829 61288 373 106 44765 1061 31 61231 2084 919 312 441 106 238 49640 314 14804 2226 61223 238 1353 1496 13 61231 61229 283 4295 4 461 43028 1667 3165 4718 3477 50762 871 8384 347 373 2888 312 2062 1863 95 445 68 1021 1256 1205 448 17078 492 4210 153 405 212 33978 106 238 38552 37 314 106 31 61231 41882 963 3025 33263 168 798 59569
201 61247 61211 40646 61228 63 831 125 4836 61223 238 12214 61233 61228 63 61223 373 4451 160 3901 21325 2264 61210 798
201 61271 61231 61212 7484 428 106 31 61231 16601 1028 951 93 61286 61300 61251 4776 26 61231 129 61228 61387 61228 24125 93 61286 61300 61251 4776 504 6202 3267 2800 61206 61223 1021 28 297 7352 61287
14543 28 61231 10153 17846 1196 4530 15676 4494 49538 215 61231 61387 344 15694 3165 49 61288 29260 106 1626 224 2800 106 1626 224 1061 238 1379 212 33978 448 15890 3087 373 448 141 61540 12508 1248 3037 9065 15815 61 61216
73 1179 485 176 8699 106 238 3684 1216 5595 106 10538 16 2298 2093 106 16 2298 92 42592 1776 61228 61210 3806 839 1782 41 50 140 8131 37533 61231 61387 238 16 61274 8131 31287 297 16 61274 8131 10052 9530 61216
1667 16980 1686 30464 61223 1021 1724 24 106 16757 11019 5573 1053 3025 2800 5573 775 1039 61288 238 38552 37 314 448 603 6462 24 61223 3684 104 39206 10563 11019 4743 2252 106 31 61231 56100 448 11019 373 106 3149 11019 3037 5573 448 6182 2399 180 38552 1036 798
5218 15848 24 453 30933 61283 61260 140 11701 3037 5573 2346 1159 61214 3165 3 860 92 1061 238 7275 61203 37313 29613 31 61231 874 3735 106 31 61231 3054 1839 106 31 61231 16601 1028 5697 5573 775 1039 61288 1061 29483 448 603 25720 133 631 106 1901 71 280 3037 2346 21164 919 1021 11804 61494 2252 106 238 116 13192 61229 61216
279 24572 51610 11 3165 13313 61216
1667 17839 1597 61540 61215 585 61223 212 33978 13 61231 1851 8789 44657 175 35543 44 13435 3735 106 31 61231 49375 2890 106 14269 1775 1185 56 985 5460 11460 38824 61223 36268 485 191 9620 14685 4494 8384 347 212 33978 106 238 574 11145 10813 54 448 3733 106 238 26607 61223 373 1546 3037 4 8305 34605 61214 155 13405 2877 11 11521 504 31 61231 49375 106 31 61231 61288 1161 16091 485 4494 6478 798
1667 18440 13 61231 21798 4292 9 55 3058 61223 595 155 13405 34923 9624 3072 13 61231 1851 36913 61223 279 27484 1220 427 6202 307 1280 61233 1035 1129 61288 373 427 6202 59230 6515 7089 1021 36216 5133 106 238 40189 13 61231 2066 3735 798
1667 10708 61282 6572 94 21 27710 110 118 93 61267 26807 5380 27710 110 61223 8391 1571 27710 110 112 61245 8980 769 1595 207 1571 27710 110 84 61289 61298 2939 72 92 282 1571 27710 110 61223 96 276 146 22730 110 2446 1571 27710 110 84 61289 61298 2898 140 411 747 110 2446 1571 27710 110 84 61289 61298 3137 1571 27710 110 6006 61225 4836 106 37612 33923 53050 6006 61225 4836 93 61239 19832 61228 23419 61314 61223 58 19832 61228 23419 61314 3598 769 51 2412 2004 61217 158 19 2446 1571 27710 110 84 61289 61298 2953 1571 27710 110 4279 61288 1227 37612 33923 53050 453 72 746 10 61228 28115 61223 84 33 471 61212 226 1571 27710 110 118 93 61247 125 23419 61314 61265 2699
1667 157 110 132 61231 61387 39144 81 1021 25573 1511 4530 61225 6048 5460 10538 15095 209 3175 29698 2093 61223 238 6478 92 485 3635 92 3735 390 245 14269 106 25078 726 14269 13 61231 5161 56 24968 106 14110 3733 3871 2232 373 238 28346 3025 13 61231 1216 599 54 1061 31 61231 61212 61494 61219 1988 5867 26875 9624 1108 61217 21789 1061 31 61231 2613 61298 11521 2346 5586 5 23344 373 191 2346 5586 5 23344 3037 28 61231 129 1196 27676 61288 427 448 3733 13 61231 10152 1205 3871 110 11521 245 2346 5586 5 23344 798
116 61231 5193 60310 4 526 127 61288 106 880 12015 5509 5460 1021 17609 1296
373 504 6202 33089 448 11804 61494 2252 23322 1439 373 106 238 3382 42967 2890 17816 26 5753 556 61223
593 5108 33978 61208 497 7089 31 61231 437 8610 2800 238 25779 13 61231 6339 81 448 28796 312 3058 61339
2125 485 39026 427 245 6414 106 18590 106 31 61231 25470 26641 139 448 19012 448 26722 106 238 20375 61283 61260 140 11701 4 47860 22 238 28346 3025 13 61231 6339 81 448 24930 4847 1742 212 643 12291 245 73 8787 3494 40644 3037 149 4530 1607 1227 32392 106 31 61231 2308 1453 377 106 238 73 8787 3494 40644 3037 149 4530 69 1061 31 61231 528 2537 106 31 61231 2308 1453 377 61216
201 37 8910 61239 3494 61643 61274 15881 2277 34605 81 238 26607 373 238 23723 106 31 61231 528 30838 2890 29613 31 61231 61643 61213 18644 106 238 4567 188 21 1817 61223 82 61231 291 4530 15676 51909 427 15614 1021 41040 106 238 4567 188 21 1817 2130 61211 29527 61 1021 1292 24 106 26607 55165 871 106 9157 110 26641 139 106 31 61231 61264 125 61 106 238 26607 1233 60768 798
1452 16426 2716 14 3735 4 8305 6644 13718 3735 106 31 61231 50456 106 53097 19911 212 52700 106 31 61231 20319 318 106 31 61231 18246 61288 61204 318 106 31 61231 12 2128 61203 61216
201 61245 61203 1775 3037 5573 191 56225 2892 36424 106 73 8787 3494 40644 373 21941 17078 492 4210 5414 6048 6681 1021 24930 13154 61218 6048 373 3037 5573 448 1901 71 280 1571 61219 223 49576 2800 448 3733 106 26607 2346 25189 6048 11521 3165 1901 71 105 6074 164 1359 373 7855 61214 282 61223 27773 60573 61223 3165 20843 7855 61214 282 21941 52934 3735 61223 3165 1901 71 105 1553 229 105 491 106 513 188 12662 61223 373 106 31 61231 16601 4185 114 798
201 393 1775 10112 106 256 282 1571 27710 110 93 9164 61207 61314 61265 93 61211 61231 41756 144 779 1359 238 3280 327 11077 448 5867 61224 180 61223 31 61231 41756 149 4530 69 2890 1021 23 11852 20318 33923 1391 5566 28145
201 61271 24 5736 985 5736 985 5573 8305 60242 2890 245 233 61624 175 556 61223 373 25551 6681 49075 1061 233 235 179 798
1667 1084 2277 4449 441 448 3761 106 238 73 8787 3494 40644 51604 191 4718 14 106 26607 16887 2800 13 61231 104 56225 5460 39708 3037 5573 34094 13 61231 7422 1553 1367 1036 1061 31 61231 104 3025 13 61231 5161 564 44 106 26607 93 2613 61298 61265 93 7052 61332 1061 7739 2980 23288 9360 373 17523 25551 5573 34094 13 61231 104 32732 24968 1061 31 61231 61212 61494 61219 1988 20766 31 61231 528 20383 106 31 61231 2613 61298 26733 13539 1061 3522 19069 2980 15437 9360 427 39708 3037 28 61231 468 34923 8305 1108 61217 48130 1061 31 61231 61212 61494 61219 1988 54160 11318 61332 1061 10812 12911 2589 6751 417 28145
1667 754 238 16285 34603 61223 595 42 4 14110 10112 106 1571 27710 110 3037 774 919 2890 1021 4743 12093 61282 1084 4743 928 774 7931 2890 245 1571 27710 110 144 779 1359 31 61231 16601 1028 951 106 238 39483 1161 106 238 39483 1161 37533 61231 61387 448 233 4158 3871 2232 390 31 61231 8577 225 2440 50 6204 12904 4160 3978 10385 93 38964 769 373 191 29899 106 25573 7612 39 373 4494 5088 93 10921 61203 245 151 8646 16 5161 14 890 61265 3871 564 390 245 4743 928 1571 27710 110 93 61293 11701 28145
116 61231 1955 61264 4 908 7646 61288 448 38900 1172 1021 37295 1424 61540 3930 106 238 50510 1773 106 56898 1780 114 106 238 73 8787 3494 1804 2906
1667 1111 30464 45419 2299 238 1438 61288 425 3037 485 49 4684 50986 106 31 61231 3054 14 106 58 19832 61228 23419 61314 3598 4 8305 1626 17425 61225 3735 11521 3165 43 21615 3626 106 1065 19 27546 31 61231 2066 3735 106 25573 798
1667 73 1179 4 8305 901 449 427 61223 504 3165 33757 2890 590 58453 485 4530 61225 3735 215 61231 44 4 191 3280 677 61223 1021 574 21615 280 26262 2277 1152 221 7 1021 24930 3037 11338 61 106 1334 653 366 2399 2277 215 61231 3087 51627 56898 2977 1036 2800 215 61231 3087 51627 3280 5729 798
201 61245 61231 129 8095 427 16168 11269 1742 106 51746 155 51627 1196 353 6695 61224 1036 61223 1172 61205 160 504 6202 3432 61233 2890 191 28958 11019 798
1667 2125 28 61231 61220 4 1196 13 61231 2308 59 383 13 61231 2308 1592 11 1021 3392 7352 2800 448 23 11852 20318 106 15724 175 22301 238 1901 71 105 1571 61219 223 16091 61223 16285 504 1021 50510 10625 106 12602 6681 16967 6028 798
1084 31287 188 61228 61210 3806 17515 50 140 8131 51604 3165 2873 105 485 238 12757 106 25573 15432 61211 5777 61216
201 61271 24 3792 1775 106 4882 83 32343 61223 1021 19960 50 23924 61223 1021 19010 142 4210 155 26262 1196 9624 38552 1036 61223 595 8 61231 129 6300 38133 2890 448 1185 56 985 10629 24961 1036 798
593 13045 7257 373 191 39456 106 31 61231 41882 963 3025 106 3192 26497 18435 14895 102 41716 32130 64 29964 2222 7089 448 1626 2688 6048 26641 139 106 31 61231 61212 61494 61219 1988 61216
19531 2277 1152 221 631 238 37682 3684 61222 6125 54 1061 31 61231 528 30838 453 49 61288 61624 4932 106 238 20375 61283 61260 140 11701 26050 13 61231 2308 1592 11 245 14269 448 36746 453 8760 453 7855 4171 93 61293 18805 61265 373 106 15614 1021 233 5159 180 36563 1021 24930 13154 61218 6048 373 36563 1021 30199 93 61293 9135 39306 52 54947 2906
1667 1111 9235 5753 61223 238 8789 44657 175 1227 2346 6804 106 238 1901 71 105 9726 3735 106 238 73 8787 3494 40644 485 191 35466 13 61231 50456 5646 61288 1104 14 585 7495 1546 3037 485 3072 106 16736 10 81 245 18590 427 245 54746 556 2625 32969
201 61253 61231 21798 279 1775 7346 1036 245 4303 17665 149 2277 1152 221 13359 61223 37981 245 90 18805 14995 798
1452 34973 106 238 90 15682 8 61231 129 7053 564 27546 427 245 10012 36424 106 31 61231 61298 46609 157 20372 4 34605 61214 191 4114 5509 3037 4 643 22 1227 13045 106 238 73 8787 3494 1804 2906
1667 6166 16662 245 1328 30464 61223 4494 106 8465 417 448 4718 3707 1439 106 238 687 7 149 6681 51478 1036 1061 9624 38552 1036 61223 212 38552 139 1021 603 6462 24 6434 7352 106 31 61231 874 3735 61249 5316 798
201 61271 61231 41756 3037 13405 11841 13 61231 8317 158 14110 25961 4996 31870 19 93 1467 35466 61223 245 233 50 1594 175 106 238 481 282 1287 1227 22123 108 105 373 245 49 61288 61624 4932 13 61231 94 800 26641 139 453 22123 108 105 485 242 61288 1061 31 61231 61298 61216 61239 29973 5474 11513 215 61231 44 155 22441 1196 149 2687 2800 215 61231 44 28 61231 61204 42927 16168 233 4158 20401 6202 31 61231 5161 1229 15825 61233 798
2125 42 4 3165 14118 3025 13 61231 2308 10821 6590 448 1065 19 106 11167 61254 373 13 61231 21798 53097 24464 180 3037 1087 61 448 57 21760 3565 106 238 73 8787 3494 1804 2906
1452 16426 106 238 128 20071 61260 140 11701 390 245 12613 61247 485 39144 105 37981 245 9364 427 31 61231 71 21724 106 238 26607 212 52700 106 238 41524 318 106 238 41524 1172 238 26607 93 61283 17472 106 31 61231 25470 19960 797 61203 61265 106 7173 93 61274 2474 1537 114 448 40309 19960 50 7352 61265
201 61234 532 61228 35132 27710 110 49165 61 448 25891 405 106 1162 7121 31287 4618 61223 106 31 61231 5461 61251 16887 61228 2542 142 3735 798
116 61231 2308 10821 6590 106 31 61231 56100 106 238 34007 25 3025 373 106 238 4450 2024 1941 30520 448 24930 34 61494 18684 576 209 51604 3165 17078 492 594 1837 3735 106 73 8787 3494 40644 7033 594 3165 1622 594 1647 439 2277 13615 585 2877 11 1021 6552 106 45163 881 3160 11521 9235 26477 106 31 61231 31606 951 106 39012 50510 10625 13 61231 2308 10821 6590 3791 19 9530 61216
201 61237 2094 61233 106 155 1196 32877 11841 10846 61223 373 55927 3901 106 2346 61218 6134 21325 2264 61210 21679 106 3 61231 2084 8751 17816 1268 441 798
73 1179 28 61231 61204 1196 8305 20290 1478 3735 106 238 16 4836 1061 31 61231 528 30838 32390 595 485 51909 13 61231 1851 28053 21745 4451 160 3735 2277 37542 215 61231 44 149 36225 1061 238 306 94 61 7069 2800 1061 448 7297 61469 631 36563 1021 3761 3037 5573 8305 1553 229 1036 1061 31 61231 3054 61209 4684 105 2800 1061 31 61231 2474 236 106 31 61231 16601 1255 61216
73 1179 1292 188 105 238 3684 18271 106 238 10731 7089 13 61231 21798 390 13045 1061 39708 3037 28 61231 194 13359 1196 3165 3 61624 1161 13 61231 16601 1028 951 1398 106 14110 16 29527 180 373 13 61231 9176 61598 5898 106 149 59230 2452 390 448 49743 61216
1667 1924 2160 4 9364 3165 34973 212 52700 106 238 41524 1172 1021 27809 5133 2625 24 61223 390 1025 13 61231 21798 24997 850 212 13083 51210 61216 2699
201 61293 790 24 19197 16168 2264 61210 390 238 18 2414 282 373 31 61231 41883 215 61231 44 31 61231 10 779 105 61223 373 6202 5535 61598 158 6515 16168 2264 61210 390 3165 1052 1359 106 238 18 2414 282 798
1667 13969 31 61231 36434 106 238 1438 61288 425 106 238 4755 2687 3037 149 4530 69 61223 238 25961 7082 373 31 61231 10152 50 94 3025 28862 1061 31 61231 25470 13 61231 61 2452 1061 25345 106 238 4755 2687 49 61288 24434 4911 1359 390 31 61231 184 41589 294 2800 390 13045 1061 238 5352 5929 3025 106 31 61231 10 1508 848 2806 871 373 106 31 61231 61288 1161 16091 106 238 3 21745 61216
2246 297 61233 1021 2918 248 1775 13 61231 3054 30 2234 114 11521 20401 6202 6202 8705 1562 631 1061 31 61231 41883 61216
1667 17134 899 61223 24401 20825 141 437 819 1816 790 448 3280 473 4523 1061 31 61231 2474 236 106 238 23723 106 31 61231 16601 1028 5697 373 106 238 1602 2718 92 114 448 25756 106 15724 175 22301 238 1901 71 105 3037 9065 15815 61 13 61231 7422 1227 61228 32893 110 106 24401 26 63062 92 798
1452 4198 132 105 1571 27710 110 93 15616 61314 61265 144 779 1359 31 61231 61288 2314 441 448 2284 41816 2890 245 2904 94 800 61216
1667 116 61231 2084 39 106 128 7149 485 27676 61288 2277 23322 7 1021 3792 1775 106 238 8456 1227 18867 61228 61264 125 61 61228 61289 24483 26050 106 8 61231 437 9418 427 238 149 2687 26574 212 1379 485 6644 5320 61214 3735 61223 595 42 4 8305 51610 3735 448 15890 3087 1061 31 61231 19466 19 23344 373 1061 31 61231 528 1478 21760 23603 132 61231 3087 4842 61 448 1185 56 985 215 61231 3087 5573 8305 5775 1036 798
201 61245 37 4718 14 13405 9624 3631 30 1061 17167 417 453 1571 27710 110 448 49921 1216 61223 32390 106 14269 1775 5414 61 215 61231 44 8 61231 52518 106 31 61231 61288 1161 16091 453 11019 798
2125 28 61231 61220 4 1196 1887 106 24069 441 3037 26126 3165 45021 39690 106 73 8787 3494 40644 21941 17078 492 594 2800 7612 61216
1667 1452 2914 829 1359 4 162 779 21339 9754 1978 511 61223 21679 31 61231 2084 1377 453 16660 15708 106 238 151 48659 61223 3037 2318 48999 36758 1452 151 48659 4 191 46282 2585 106 31 61231 437 2549 114 106 31 61231 12332 436 106 31 61231 12332 436 453 18590 61287 373 36758 61470 61211 61231 44 42 4 61468 191 4718 14 603 2229 77 188 61223 238 151 48659 4 34094 13 61231 61288 61225 3929 798 59569
1667 61253 304 13 61231 21798 59230 180 61223 9065 34479 18507 61288 448 461 61210 3037 5573 8305 32066 48130 1061 38777 106 41040 2277 23322 7 238 10629 1467 114 61223 20401 1021 41040 2277 31062 3175 25350 19623 11804 61494 2252 106 1901 71 105 2277 461 8751 1021 4494 5088 61210 1185 56 985 7089 106 14269 1775 24930 51604 448 52110 1478 52963 106 238 73 8787 3494 40644 798
1667 1101 7 29899 2769 139 1061 9620 155 13405 34923 9624 17017 61288 2277 9624 9603 390 2145 61228 184 61223 5474 13405 61228 7422 215 61231 44 901 199 12276 9624 51909 106 53093 238 3254 106 15614 1021 44754 2800 106 31 61231 6 314 2800 106 31 61231 6 314 798
1084 1529 374 63 106 78 11093 485 3165 2784 106 15614 1021 19010 142 4210 373 238 2264 1365 61203 233 282 485 7495 2890 106 14269 5083 4949 24 61216
201 61271 24 24997 850 106 238 306 710 192 448 11019 61223 1021 4718 3707 1439 61223 373 1021 50550 9261 2346 11918 919 31 61231 257 5984 436 106 1602 11 2890 1021 5474 631 3037 25885 22 61 427 15614 1021 19960 97 1216 1192 1439 51627 38552 1036 798
1667 73 1179 574 219 139 1021 1080 2345 2093 1061 90 61311 2898 95 13405 9624 30656 61288 1061 7033 8046 31 61231 4789 61215 6447 164 428 1198 10538 60978 13 61231 2308 10821 6590 3037 30723 9624 3635 92 1036 2277 6644 25035 1562 798
1667 5218 7389 1310 908 333 132 139 238 3684 24687 448 32881 1595 21839 61223 13 5509 245 27773 60573 106 238 9457 1061 448 26 20566 2093 61223 6681 3027 113 6048 2890 29613 238 687 7 61223 2890 31 61231 185 291 106 47860 428 31 61231 10152 50 94 3025 106 238 718 2169 798
201 26237 6202 106 8556 47159 61223 55927 3901 106 1602 11 20766 13 18381 7089 136 16 29527 180 13 61231 41883 93 393 682 7674 41 29527 180 61265 373 13 61231 21798 24930 798
201 61271 61231 2084 39 106 238 27433 3037 4 8305 8806 3735 13405 9624 39144 105 390 245 4217 106 201 61211 61231 1283 2315 114 8924 61203 5334 3733 61287 504 31 61231 4653 60802 106 238 3254 13 61231 61288 1161 16091 3175 12469 106 46986 38900 212 25035 18053 106 8095 2583 2800 106 238 17078 492 594 34603 798
1667 1452 6006 1629 23524 1359 13405 3175 25350 448 40309 1192 1439 1172 1021 3038 899 209 106 31 61231 1216 75 61225 2551 3025 448 24930 61223 373 1021 54746 7352 106 1492 5 39 26262 3175 25350 3165 2305 1161 11269 4857 4836 106 31 61231 61288 2178 105 448 25573 373 106 238 8924 3025 5334 5233 180 106 26607 373 448 1256 1205 106 26607 32969
1452 16426 2716 14 3735 1061 31 61231 50456 453 54746 556 106 238 20375 61283 61260 140 11701 61228 27040 61247 212 33978 106 31 61231 61288 6068 106 238 73 8787 3494 40644 4 8305 1060 10153 3735 5646 61288 1104 14 585 61216
1667 13121 61228 4083 61387 106 7495 61223 9065 16174 4875 800 631 215 61231 9 155 5867 19675 215 61231 9 2888 12214 53093 10846 1061 15614 39708 3037 149 29 437 61 448 25573 2277 5567 2092 4945 245 33321 798
116 61231 20645 2549 114 22648 106 10723 4774 5652 3027 2687 1021 233 4158 212 33978 106 238 10629 24961 114 106 238 73 8787 3494 40644
373 485 61228 150 427 11460 3382 42967 718 61 61228 61205 61228 44 106 2917 705 36424 905
1667 116 61231 61288 25720 44485 22441 566 61209 1262 61288 390 416 1854 61540 1565 13 61231 15789 507 1962 4836 21679 238 162 2128 54 93 10 3505 2600 35502 15614 61265 2890 1021 49743 13154 61218 1036 23322 1439 61282 4544 10812 500 1061 1902 2843 61223 1676 11980 2953 373 13154 61218 1036 106 11549 2843 2800 4494 32969
73 1179 155 13405 34923 9624 45928 61288 504 1021 1286 61540 850 1061 12613 61247 25885 22 61 448 603 25720 133 631 59243 8283 61216
1667 5218 4718 15845 48852 6048 390 238 481 282 373 31 61231 6156 60855 10629 779 5682 427 1021 4401 12662 106 56225 106 238 1901 71 105 3392 871 106 238 73 8787 3494 40644 574 219 35487 448 3733 106 26607 3846 24214 61223 5474 238 3254 3037 2346 2872 69 1021 3733 106 26607 686 2979 5460 1021 3761 448 23586 61228 55326 839 280 390 245 73 8787 3494 40644 28 61231 61204 1196 8305 3175 1817 798
201 61253 61288 4329 61223 6872 417 448 24930 1553 229 6048 390 238 1901 71 105 6681 603 135 2084 6048 1061 448 11804 61494 2252 106 1901 71 105 21941 17078 492 594 61223 2890 245 37573 13 61231 21798 5573 3684 110 899 1061 31 61231 61212 61494 61219 1988 798
201 61271 24 36746 34605 110 448 10677 892 547 3930 106 10538 9972 3804 39294 8924 24 1061 31 61231 194 614 800 448 54232 1511 37853 1036 61223 574 219 139 448 681 94 9261 106 687 7 61228 58998 2890 238 37682 16362 798
1667 1111 1546 3037 44527 245 6644 9398 43856 93 61205 1150 427 31 61231 45477 20681 4006 132 282 106 238 833 69 769 31 61231 12 33909 106 238 10547 5135 61228 5019 13547 7 2277 1021 24930 13154 61218 6048 106 2600 1061 448 504 61540 3804 51604 448 9235 67 5133 106 73 8787 3494 40644 31 61231 50456 11269 4857 4836 13 61231 104 16174 61212 42742 9398 19 3735 37533 61231 61387 31 61231 819 181 49763 106 238 9235 5753 106 73 8787 3494 40644 798
1667 73 1179 42847 1061 31 61231 61288 1161 16091 22648 13 61231 5161 61288 903 1061 31 61231 2308 1453 377 13 61231 104 58155 106 3186 25600 2950 106 10945 278 46914 2827 13 61231 36434 4451 160 3735 2277 8 61231 5161 56 40655 7089 1021 15340 3054 1036 61223 37981 245 90 18805 14995 798
5218 1571 9 194 8283 26262 144 779 7161 31 61231 2616 2813 1359 93 1467 35466 31 61231 2616 2813 1359 13 61231 26830 282 2800 106 31 61231 2616 9 105 106 31 61231 185 439 3280 327 7931 61265 373 238 36896 135 449 93 1467 35466 61223 238 36896 135 449 106 238 2284 4095 294 2800 238 36896 135 449 106 31 61231 61288 1161 16091 647
