1667 4845 61274 50556 61260 61202 0 61966 0 61202 0 61966 0 61202 0 61966 0 61202 0 61966 0 61202 0 61966 0 61202 0 61966 0 61202 0 61966 0 61202 0 61756 0 61202 0 61756 0 61202 0 61756 0 61202 0 61756 0 61202 0 61756 0 61202 0 61756 0 61202 0 61966 0 61202 0 61966 0 61202 0 61966 0 61202 0 61966 0 61202 0 61756 0 61966 0 61202 0 61756 0 61966 0 61202 0 61756 0 61966 0 61202 0 61756 0 61966 0 61202 0 61756 0 61966 0 61202 0 61756 0 61966 0 62047 0 61579 61747 61747
1667 41095 61985 16719 0 62970 62995 61202 62609 62009 62088 61202 0 61920 62047 63497 62054 61756 4845 63300 62561 18473 61202 61866 0 62248 61920 61202 63679 62697 61920 5199 62088 4845 61875 63706 61756 61202 63679 62697 61920 61202 63679 62697 61920 18700 62054 62254 0 61920 61202 0 62248 62806 15024 18700 62054 62455 62561 8881 62926 62696 61920 40242 61756 40242 61756 40242 61756 61202 62935 0 61920 0 61920 40242 61756 40242 61756 61202 62227 62389 62248 61920 34587 61202 0 62389 62248 61920 34587 4845 0 61920 0 61920 61202 0 62393 0 61920 34587 4845 0 62966 0 62054 61756 61202 0 61756 61202 0 61756 0 61920 34587 4845 0 62389 62343 0 62054 61756 61202 0 61920 61202 0 61756 0 61920 5199 62088 61202 0 61756 62363 62118 61920 5199 62088 61202 63679 62697 61920 4845 0 62325 0 62325 5199 62088 61202 63274 61920 11028 0 62047 0 62047 61747 61747
1667 3709 0 61801 61966 318 61202 63291 38718 4845 63291 62004 62393 61920 4845 63291 62004 62393 61920 61202 62905 62306 62966 61985 3709 0 61920 61202 0 61966 0 15024 3709 0 61920 4845 0 62393 62806 15024 62088 15533 62393 62806 15024 16780 3833 62254 62004 0 62047 61747 61747
4845 0 62343 62118 61756 61202 0 62393 62248 61756 10559 62393 62349 62701 0 16719 11533 56374 62053 62088 4845 38718
15533 62393 62806 15024 61202 0 61756 0 15024 61756 15678 63195 62054 62227 61966 63365 62088 5199 62088 14499 61971 63780 61985 61202 63497 62054 62118 62053 62704 62487 62348 3709 62393 62306 62306 61966 15533 62393 62806 15024 61756 61202 62905 62306 61966 5199 62088 61202 63497 62054 62047 62487 10559 62013 62455 62009 62905 8881 62455 62373 61801 61747 61747
4845 0 62487 0 61202 0 61966 0 61202 0 61966 0 15024 5199 62088 4845 61274 50556 61260 4845 62704 0 61202 0 61756 0 61202 0 61756 0 15024 61202 0 61971 61971 61920 4845 651 5812 183 61202 0 62966 0 61756 61202 0 61756 0 62054 61756 10559 62013 62254 0 61920 11028 0 62343 62348 61747 61747
1667 0 61756 0 61920 10559 62393 62118 62053 62393 62806 15024 10559 62393 62118 62053 62393 62806 15024 10559 62393 62118 62053 62393 62806 62054 7537 61202 61866 0 61920 3709 62393 62118 62053 62373 61966 3709 62118 62053 62373 61966 3709 62118 62053 62373 61966 61202 61985 62966 61985 11028 62013 62539 62047 61747 61747 4845 0 62393 62806 15024 61202 61866 0 61920 61202 61866 0 61920 3709 62456 62054 62118 62620 61920 61202 63679 62697 61920 3709 62456 62054 62349 62701 62363 61202 63679 62697 61920 10559 62393 62349 62701 62363 61202 63679 62697 61920 3709 62456 62054 62349 62701 62363 61202 63679 62697 7537 61756 3709 62456 62054 62349 62701 62363 61202 63679 62697 7537 61756 3709 62456 62054 62349 62701 62363 63365 61920 61579 61747 61747
1667 5199 25474 3709 63762 61920 3709 63705 62306 61966 21263 63465 61202 63291 38718 21263 63465 61202 62227 0 62970 33021 61756 3709 61911 62265 62696 61756 61202 62227 0 62970 33021 61756 10559 62013 0 61920 10559 62058 62004 62058 62348 36816 62926 62696 3709 61911 62265 61756 61202 63291 62004 62393 61920 21263 63465 61202 61866 63422 62248 15024 3709 62393 62004 61866 8881 62455 63159 61920 12305 62254 0 62047 61747 61747
1667 3709 62389 63465 61202 0 62254 62966 61985 31277 4845 62274 62389 61920 4845 62274 62389 61920 61202 0 62118 62053 61966 3709 62389 63164 61920 61202 0 62009 62248 61920 3709 62248 61971 62588 61202 63679 62697 61920 61202 63679 62697 62009 62047 3709 62456 62054 62118 62053 62370 61875 62588 61202 62455 62373 62013 62349 61747 61747
4845 55171 61202 63679 62697 62009 8881 62905 62455 62806 62054 15024 3709 62118 62325 62118 61920 8881 62363 62370 44373 11028 62254 62343 62348
1667 4845 62343 62373 61866 8881 62393 62806 62054 61202 0 62966 62363 62966 61985 61202 63393 61866 62373 61920 61202 63393 61866 62373 61920 8881 62349 62701 61920 61282 15533 62393 62806 15024 61756 10559 62393 62349 62701 62363 61202 0 62393 62806 15024 10559 62393 62349 62701 62363 61202 0 61756 0 62047 55324 61801 4845 62373 62047 62588 61202 63762 62053 62274 62389 61202 63762 62053 62274 51312 18700 62054 62349 62701 62363 61202 62343 62343 0 61202 62561 62588 61202 0 62966 62363 62966 61985 55841 62054 62118 62620 62047 61747 61747
16370 55171 61756 34152 61915 63164 62935 15533 62058 62053 62047 1812 1812 3709 62254 62047 63197 61801 61202 61866 63422 61920 1812 1812
1667 4845 62274 62389 61920 8881 62389 61920 3833 62363 62370 62966 61985 6663 55171 61202 0 61966 0 15024 61202 62058 63002 62348 61747 61747 61747
1667 3709 0 61801 61966 3379 61202 0 61966 4845 0 62806 62054 61756 8881 61756 62363 63419 61920 31938 61202 62935 62701 0 61985 61202 62935 62701 0 61985 50002 61966 61747 61747 61202 61756 62363 62325 62054 15024 62088 61202 0 61756 0 62966 61985 61202 62935 62701 15024 5199 62088 14499 61971 63780 61985 40039 63780 33021 61756 6663 63762 62970 33021 15678 63195 62321 62539 11028 62058 62004 62058 62348 61747 61747
1667 4845 0 61249 61251 61249 61202 0 61756 0 61920 61202 62227 62363 0 61920 38613 62053 62559 62054 63785 61920 61202 0 61756 0 61202 0 61756 0 62054 0 4845 0 61756 0 62054 61756 61202 0 61756 0 61920 61202 0 62227 61966 61202 0 62227 61920 11028 61985 62348 61747 61747
1003 0 61756 0 62806 62054 4845 61971 62009 62614 5199 62088 61202 0 62393 62393 62806 62054 61202 0 61756 62363 62966 61985 15533 62393 62806 15024 61756 61202 0 61756 0 15024 61756 34587 61202 63762 61920 5199 62088 61202 0 61756 0 61756 61202 0 61756 0 15024 61202 63497 62274 62455 61966 15533 62455 62343 62348 61747 61747
4845 0 0 62325 0 61920 0 61966 644 3833 63195 62118 11028 62373 61966 0 62047
1667 11028 61875 62047 62306 34304 61756 62614 4845 61911 62265 61756 4845 61911 62265 61756 4845 62274 62389 62274 62389 61202 62697 62248 61756 10559 62393 62118 62274 62389 62118 61920 15533 62373 61971 0 62047 61747 61747
1667 61202 63233 62118 0 61801 3709 62227 63159 61985 3709 52246 24560 61202 62539 62348 36021 1812 1812
4845 55171 61202 62325 62363 61801 0 61756 55324 61801 61202 0 62638 63821 61985 4845 62456 62058 62053 61971 62588 55324 61801 16719 62363 0 61756 8881 62058 62053 62047 11028 61985 61971 62047 61747 61747
10559 62343 62373 61866 8881 62393 62806 62054 61756 5199 62088 4845 0 62393 62806 15024 8881 62393 62806 62054 8881 62363 62370 61966 61756 8881 62306 62806 62054 61756 5199 62088 15533 62393 62806 15024 61202 62701 61966 4845 62343 62373 61866 4845 62343 62373 61756 5199 61756 62363 62343 61920 3833 40241 62363
1667 4845 61911 62349 62701 62701 62254 62455 61202 0 62325 61228 19115 61202 62701 61966 61202 0 63274 61985 16780 61202 62227 61801 0 61985 18700 63422 62058 62349 61866 41501 63320 62054 61920 61202 0 61966 0 61202 0 62966 0 61756 55324 61801 61202 0 62343 0 61985 31277 16719 11533 3833 61971 62559 63785 61801 61747 61747
61202 62905 61966 0 15024 61756 3709 33121 61920 4845 62274 62393 62456 15024 8881 62118 0 61985 1812 1812
21263 63465 4845 0 62013 62088 4845 0 62013 62806 62054 61202 0 62325 62966 61985 4845 62053 62620 61971 62842 62054 61756 61202 62697 61866 62539 61920 18700 62373 62455 62561 8881 62926 62696 61756 3833 62054 62118 62053 61866 62905 61801 61747 61747
3709 62265 62004 62746 61202 63679 62697 44373 31277 4845 0 61920 61202 63674 62638 61920 15533 62013 0 62047 61747 61747
1667 500 61202 0 61756 0 61966 500 61202 0 61756 0 61966 4845 0 62325 62325 61228 19115 61202 62325 62363 0 15024 28119 61949 63679 61920 61202 0 61920 0 61966 61202 0 61966 0 61966 61202 0 61966 0 61966 61202 0 61966 0 61966 61202 0 61966 0 61966 61202 0 61966 0 61966 61202 0 61966 0 61966 61202 0 61966 0 61966 61202 0 61966 0 61966 61202 0 61966 0 61966 61202 0 61966 0 61966 61202 0 61966 0 61966 0 61202 0 61966 0 61966 0 61202 0 61966 0 61966 0 61202 0 61966 0 61966 0 61202 0 61966 0 61966 0 61202 0 61966 0 61966 0
1003 61911 62118 0 61801 0 63274 61985 53027 4845 62926 61949 4845 62926 61949 61202 63393 62325 62349 62118 15533 62254 62004 0 62047 61747 61747
5199 63780 62609 12480 11533 3709 62118 62053 62373 62325 63233 3709 63002 61920 5199 63780 62609 12480 61756 3833 62363 63627 1812 1812 5199 30692 3709 63422 62004 62393 12480 24560 8881 61949 62704 61920 15533 62058 62053 62348 1812 1812
1667 4845 0 62343 62118 61756 61202 0 62118 0 61920 3709 0 62389 61920 31277 61202 0 61756 0 61756 61756 34304 62118 62254 62370 55324 61801 3709 61911 62363 62370 61920 31277 8881 61866 0 61756 34304 62118 62254 62370 61920 55324 61801 3709 62343 62118 61920 61202 0 62343 62343 10559 62393 62254 0 61920 61202 0 62620 62343 0 14890 61747 61747
1667 61202 0 62638 62047 61202 62487 62638 62047 61202 62487 62389 61920 40242 61756 3709 61911 62265 62348 61801 3833 62265 61756 29568 62227 38718 61747 61747 3709 23463 0 61202 62325 62349 62118 61202 0 62966 61985 61202 62325 62349 62118 61202 62325 62349 62118 61202 62325 62349 62118 1328 61202 0 61756 63891 61985 31277 5199 62118 62058 61801 61966 62118 5199 62118 62058 62456 62054 62455 62588 62588 61202 63705 62455 62588 61202 63705 62455 62588 61920 3709 63388 61971 61202 63516 62393 62806 61202 62227 63320 61920 5199 62118 62058 62456 62455 61875 62588 61579 61747 61747
1667 21263 63465 3833 62254 62966 61985 61202 0 61756 0 15024 61756 34587 8881 61966 62058 51312 34587 8881 61966 62058 51312 61801 34587 4845 0 61756 0 15024 11533 14499 61756 0 15024 3833 40241 62254 49087 61747 61747
26730 62004 61920 61202 0 61756 0 61756 61202 0 61756 0 62054 61756 93 9164 61207 61314 61265 61202 63291 62009 45945 3833 62348 61282 60498 62227 62614 61866 4845 62373 62013 62227 62227 34682 4845 0 61920 4845 61911 62363 62370 61920 61202 0 62118 61920 3833 62054 62373 62088 62047 61747 61747
1003 0 61966 61228 23419 61314 3598 61202 0 61756 62118 61202 0 62325 61228 0 61756 0 93 0 61756 0 61966 61202 0 61756 0 61966 61202 0 61756 0 45945 61265 4845 0 61756 0 61920 4845 0 61756 0 61920 61202 0 61756 0 61920 61202 0 61756 0 61920 10559 62013 0 62013 62806 62054 61202 0 61756 61202 0 61756 0 61756 61202 0 61756 0 61756 61202 0 62389 0 61866 61202 0 62389 0 61866 61202 62609 62009 62088 15533 62254 0 62047 61747 61747
1667 62053 62058 62343 62058 61866 4845 61249 11318 61332 61202 0 62325 61228 19115 61202 0 62456 62054 0 61920 3709 500 1740 61301 93 6751 9360 12305 62047 62053 62254 0 61920 3709 62393 62118 62053 62393 0 61920 61202 0 61756 0 4845 62926 61949 61202 62227 62180 62248 61202 63679 62697 61920 3833 62373 62088 62348 61747 61747
1667 3833 62389 63164 63288 62995 4845 0 62325 93 61251 5340 61265 3833 63195 62118 61202 0 62325 0 61985 3709 62456 62054 62118 62053 61971 62004 61866 61202 62325 62363 0 62054 61920 3709 62456 62054 62118 62053 62088 61866 61202 0 62248 61920 55324 61801 3709 0 62248 61920 16780 61202 0 62325 63274 61985 3709 62456 62054 62254 63627 61202 0 62118 0 61920 3709 62393 62118 62349 0 61920 3709 62393 62118 62349 62118 61920 61202 62487 62118 62349 0 62047 61747 61747
1667 8881 62325 62349 0 15024 4845 61911 62265 62696 61756 61202 0 62343 62343 61920 3709 61911 62265 62696 4845 61911 62265 62696 61756 4845 0 62343 61920 61202 0 61920 63977 0 61985 61202 0 61756 0 61920 61202 63393 62325 62349 61920 5199 62088 3833 62265 61756 61202 0 62118 61920 61202 63393 62325 62349 61920 11028 62058 62053 62047 61747 61747
1667 8881 61756 0 62806 62054 15024 61202 0 62966 61985 3709 61911 62363 62370 62806 61866 4845 0 62118 0 15024 4845 0 61966 61202 0 62966 61985 3709 62389 63465 16719 62254 62966 61985 31277 61202 62227 62704 0 55324 61801 4845 61911 61756 62363 63419 61920 34152 61915 63164 62935 16719 62487 61756 62054 61920 15533 63705 62455 63159 62348 61747 61747
1667 4845 61911 62588 61966 62389 4845 62274 62389 61202 63679 62697 61920 61202 63679 62697 61920 5199 62088 6663 63078 63821 61985 4845 62058 62004 61866 61202 63679 62697 61920 61202 63679 62697 61920 5199 62088 4845 61911 61756 62363 62370 62389 61202 63679 62697 61920 10559 62456 62054 62118 62620 62047 63679 61920 4845 62638 0 61920 61202 63679 62697 61920 93 0 61756 0 62248 61920 5199 62088 61202 0 61756 62389 61920 61265 3709 63388 61971 61202 61866 0 62248 61920 61202 62697 62248 61920 61202 62697 61966 0 61920 801 10276 61256 61202 0 62487 61920 93 2804 61332 9360 15533 62254 0 61985 50002 62561 61747
1667 16719 61966 0 4845 63078 0 12480 61801 15533 62373 62088 0 5199 62088 3709 61911 63254 63254 61866 8881 62349 0 5199 62088 3833 62306 0 62047 61747 61747
1667 3709 0 61920 0 62704 61202 0 61920 63977 62487 61202 0 61920 63977 62487 61202 0 61756 62363 61202 0 61756 62363 61966 61202 0 62393 62806 15024 3709 62559 62013 61756 61920 61920 463 61202 62456 63497 63977 61756 61202 0 61756 61756 3709 0 61756 61920 61202 0 61756 0 15024 61747 61747
1667 3709 62053 61949 62704 61866 61202 62487 62047 62047 31277 34304 61756 62363 62370 61920 61202 63497 62054 62373 62325 62047 61747 61747
61202 63078 63821 61985 3709 61911 62363 62370 62389 61202 62935 62701 15024 15533 62559 62559 0 61985 50002 62561 1812 1812
3833 61866 62966 0 61866 62054 3833 63195 62118 8938 63170 62054 8881 0 62058 62806 62054 14890 61747 61747
1667 10559 16584 61202 0 62393 62248 61920 61202 0 62248 61920 3709 8794 10884 61202 63291 62013 62248 15024 5199 62088 5786 61202 63291 62013 62248 15024 5199 62088 3709 61971 62009 4845 61875 61971 62009 61202 40241 62588 61202 40241 0 61920 61202 40241 0 61202 40241 0 61202 40241 0 61202 0 61920 3709 61242 13520 61202 63291 62013 61920 40039 63780 61985 5199 62088 1676 4497 61202 63291 62013 62248 15024 61202 40241 0 61985 50002 61966 61747 61747
1667 4845 0 62013 62806 15024 5199 62088 4845 61911 62588 61966 62389 8881 61866 62227 62325 18700 62054 62254 0 61920 3709 62539 61801 3709 62058 62620 62806 60284 45236 1812 1812 61202 63679 62697 7537 11533 18700 62054 62227 61966 63679 18473 61202 63679 62697 61920 31938 11028 62058 62620 62047 0 62047 61747 61747
201 61245 8787 3494 40644 61202 0 61756 0 61756 3709 62363 62047 63197 61202 0 61756 62248 62321 62373 61920 55841 62926 11533 15678 0 61202 0 62806 0 15024 5199 60831 61202 0 61966 0 61985 5199 62088 61202 0 61966 0 61920 11028 61875 62047 62306 3709 62539 61801 5199 62088 61202 62935 61756 0 62343 61920 11028 61875 62047 62306 61202 62455 0 62047 61747 61747
1667 3709 651 61325 61202 0 61756 0 61920 61202 62325 62363 61801 0 15024 45963 62373 62274 62274 62274 34682 4845 0 62325 0 61202 0 61966 0 61985 3709 0 61920 61202 0 61920 0 61920 61202 62325 62349 61920 3709 62325 0 61920 61202 0 62456 61966 3709 62325 62349 0 61920 61202 0 61756 61202 0 61966 0 15024 61202 62325 62349 62118 61920 3709 62456 62054 62254 0 61920 61202 0 61966 0 61920 3709 62456 0 61920 61202 0 61756 0 61920 61202 0 61966 0 61920 61202 0 61966 0 61920 61202 0 61966 0 61920 61202 0 61966 0 61920 61202 0 61966 0 61287 61747 61747
1667 8881 0 62013 62806 62054 61202 62697 62248 61920 14890 61747 61747 5199 62088 8881 0 62013 62806 62054 61202 62697 62248 61920 14890 61747 61747
1667 4845 55171 8881 62363 62004 62389 4845 61911 62118 62343 0 61756 4845 0 61756 61202 0 61756 0 61756 61202 62697 62009 62047 61202 0 61756 0 61966 61202 0 61756 0 61966 5199 62088 4845 0 61756 0 61756 61202 0 61756 0 62053 63288 61985 5199 62088 4845 63078 63821 61985 61202 63679 62697 62009 8881 62349 0 15024 61756 18700 62274 62455 62561 61202 63679 62697 61920 5199 62088 4845 62697 62118 0 61920 61202 63679 62697 61920 62088 8881 62363 62047 0 62047 61202 63679 62697 61920 61202 63679 62697 61920 3709 62325 62363 0 62047 15533 62254 0 62047 61747 61747
1667 4845 0 62118 0 61920 4845 0 61920 0 61920 61202 0 61920 0 61920 61202 0 61920 0 61920 61202 0 61920 0 61920 0 61202 0 61920 0 61920 61202 0 61920 0 61920 61202 0 61920 0 61920 61202 0 61920 0 61920 61202 0 61920 0 61920 61202 0 61920 0 61920 61202 0 61920 0 62806 62054 61202 0 62806 62054 61920 34587 61202 0 62013 0 62013 62806 62054 34587 61202 0 62638 61920 4845 61971 62009 62393 62806 62054 61202 63393 0 61920 5199 62088 3709 61971 62009 61971 62009 4845 0 61920 61202 40241 0 61920 318 61202 40241 0 15024 5199 62088 61202 40241 0 61202 40241 0 15024 93 0 61920 870 3709 61971 62009 61971 62009 4845 61971 62009 4845 61971 62009 61971 62009 61202 63291 61801 61966 0 61985 61202 62487 61966 0 15024 93 0 61966 0 61985 61265 61747
1667 4845 0 61920 63977 0 62487 61202 0 61920 0 62118 62487 62118 61202 63419 61966 4845 0 61920 0 61920 61202 0 61920 63977 0 62054 61756 28119 62004 62054 63785 61202 0 61920 63821 61985 3709 0 61920 63977 61756 28119 62004 62054 63785 61202 0 61920 61966 61202 0 62638 63821 61985 5199 62088 38613 62456 62054 62118 62053 62704 62058 62004 61866 61202 63393 62325 62349 61920 14890 61747 61747
1667 21263 63465 61202 0 61756 62701 0 15024 62088 61202 0 62393 62393 62806 15024 4845 62926 61949 61756 61202 0 62389 61920 61202 0 62389 62561 61756 3833 61866 0 62047 61747 61747
28119 62274 61875 62349 61866 16719 62559 63078 15024 31938 10559 62389 62343 62118 62088 61202 0 62325 61228 61249 2906
4845 0 62343 0 61202 0 61966 0 61756 4845 0 61966 0 61756 8881 0 61920 5199 62088 61202 0 61756 0 61228 0 61966 0 62054 15024 4845 0 61966 0 62054 61756 61202 0 61966 0 62054 61756 61202 0 61966 0 62054 61756 61202 0 62343 0 62054 61756 3709 62349 0 62343 61920 16780 61202 0 61966 0 62343 0 61756 8881 0 62349 61920 3833 62559 62118 0 62047 61747 61747
1667 5199 60831 3709 62047 63193 0 8881 62704 62058 62047 14890 1812 1812
41095 61202 61866 0 62343 61920 61202 0 62363 62343 61756 3709 62456 62054 62254 0 61866 61202 0 62363 62343 61756 3709 62456 62054 62118 62053 62254 0 61866 61202 0 62966 61985 3709 62023 62389 63465 61202 0 62487 61920 11028 62373 62325 61971 62047 61747 61747
1003 62013 0 62013 62227 61866 4845 0 62013 62806 62054 61202 0 62393 62806 62054 61202 0 62393 62806 15024 10559 62393 0 62013 62806 62054 61202 63291 38718 10559 62456 62054 62118 62053 62704 62058 62004 61920 1328 61202 62227 63320 62884 29568 63705 62054 61801 61747 61747
61202 0 61756 0 62696 500 2811 61202 0 61756 61202 0 62393 62806 15024 62088 61202 63762 62053 62274 63193 33021 61801 61202 0 62393 62806 15024 3709 62393 0 61920 61202 62935 62701 0 3709 62456 62054 62935 0 61920 3709 62393 0 61920 4845 0 62389 61202 0 62966 62363 0 61985 3709 63388 61971 4845 0 62389 61202 62349 0 62389 16780 40508 61971 62588 61202 0 62393 62806 62054 61202 0 62343 0 61202 55437 61747 61747
1667 4845 61911 62588 61966 62389 4845 0 62325 61202 63679 62697 61920 18700 62054 62254 0 61920 4845 0 62325 61228 61249 61311 61202 0 62047 0 44373 18700 62054 62254 0 4845 0 61920 55324 61801 61202 63679 0 61920 55324 61801 34304 0 61920 18700 62054 62254 0 61920 61202 62325 62363 62343 62248 7537 61756 11028 62254 0 62047 61747 61747
1003 61911 62265 62696 61756 4845 62389 62343 62118 61756 10559 62393 62058 62053 61971 61971 61920 4845 0 61920 61202 0 62343 0 61985 4845 43122 62349 61866 4845 62227 62013 62227 61866 4845 62455 62054 62023 62588 61202 0 61966 0 61202 62701 61966 61747 61747
1667 4845 62053 62393 62806 60284 4845 62343 62373 61866 61202 62487 62638 63821 61985 3709 62456 62118 62053 62393 62806 15024 3709 62456 62054 62118 62053 62393 62806 62054 61202 61866 0 61920 61202 61866 0 61920 61202 40241 0 61756 5199 62088 4845 62053 62393 62393 62806 15024 61202 40241 0 5199 62088 61202 61866 0 61920 61202 61866 0 61756 0 15024 61202 63679 62697 61920 61202 63679 62697 61920 61202 63679 62697 61920 8881 62118 62053 62704 62058 62047 8881 62455 62389 61920 8881 62118 62053 62704 61920 8881 62455 61875 62047 61747 61747
1667 4845 0 61756 55324 61801 5199 62363 62363 62389 61756 8881 0 61801 61966 3709 0 62013 62806 62054 61202 0 61801 61966 3709 62227 62180 45945 34587 61202 0 61756 0 45945 34587 61202 62935 62363 62248 61920 5199 62088 4845 0 61756 8881 0 61920 0 61920 5199 62088 3709 62274 61866 16780 18700 62248 62321 62373 14890 61747 61747
61202 62697 62248 15024 61756 3709 61911 62254 62614 61866 61202 40241 0 16780 10559 62013 62363 62370 61966 5199 62088 61202 0 61966 0 15024 61756 10559 62393 62559 62009 62088 3709 62697 62248 61920 61202 62697 0 62248 7537 61756 5199 62088 61202 0 62343 63977 0 15024 61756 8881 62274 62389 62118 62389 10559 62393 62118 62053 62274 62389 61202 0 61756 0 15024 61756 5199 62088 11028 0 62638 62343 62047 61747 61747
4845 0 62638 61202 0 62638 61202 63274 62058 62053 63288 61985 61202 0 62325 61202 0 62325 0 61756 5199 62088 61202 61866 0 62248 61920 61202 61866 0 62248 61920 3709 62456 62054 62254 0 61920 61202 62905 62306 62306 61966 3709 61875 62884 4845 62248 61971 62588 61202 63274 62487 62966 61985 14890 61747 61747
1667 3709 62588 61966 62389 61202 63393 61866 62373 61920 61202 63393 61866 62373 61920 31938 61801 31938 61202 63679 62697 18473 61202 63679 62697 18473 3833 62254 62004 0 62047 61747 61747 4845 62248 62321 62349 61866 61202 63679 62306 62966 61985 61202 62905 62306 62306 61966 3709 61911 62023 61920 62047 61202 0 61756 62363 63497 62054 61756 34587 3709 0 62047 62701 0 61801 34587 3709 0 61756 62363 61756 62614 34587 61202 62609 62009 61756 62614 61202 62609 62009 62088 5199 62088 61202 61756 62363 63419 62088 14890 61747 61747
1667 41095 61756 61756 61202 62343 62905 61756 10559 62013 62058 61875 62561 5199 62088 48020 61866 37065 5199 63780 62609 12480 61756 25266 6663 63002 62348 42198 61920 62227 61966 63679 8881 33121 61756 3833 62559 62118 63627 61747 61747
1667 5199 61966 62697 15024 53027 5199 62088 4845 61911 62588 61966 62389 61202 63679 62697 62248 15024 18700 62054 62254 0 61920 21263 61966 62746 61202 63679 62697 62248 61920 3709 62456 62054 62118 62620 62561 45236 61747 61747
1003 0 61756 0 62746 4845 0 61966 0 61756 61202 63291 62009 45945 14890 61747 61747 4845 62274 62393 62806 62054 61866 61202 0 62343 0 5199 62088 72 16486 5199 62088 6663 62053 62393 62004 61866 61202 63291 62009 61949 44373 61202 63762 62053 62274 62389 61747 61747
26617 62004 63821 61985 16719 62118 0 63109 61985 61202 0 62343 0 62248 62393 0 61756 93 61911 0 61920 62088 0 61949 61756 61265 8881 62455 62118 61920 11028 62373 62004 62047 61747 61747
1667 6663 55171 4845 61911 62588 61966 62389 4845 62274 62389 61202 63679 62697 61920 61202 63679 62697 61920 61202 62905 62306 62966 61985 3709 61911 0 62806 62054 15024 45236 61747 61747 3709 1432 61332 4845 62343 62260 28119 62254 62004 0 61866 61202 62697 61920 61202 62697 61866 0 61920 3709 19115 61332 4845 62053 62321 62274 62254 61866 61202 0 61920 0 61920 61202 61866 0 61920 3709 4238 29194 62970 14890 61747 61747
61202 0 62118 0 62325 644 61202 63291 62013 62248 61920 4845 62248 62118 62248 61920 4845 62053 62254 0 61920 41501 63320 44373 61202 62905 62306 61966 14149 8372 55324 61801 61202 0 62456 0 62325 93 0 61920 61265 34304 62363 62370 61920 11028 62620 62047 62701 62348 61747 61747
1667 10559 61801 62559 63078 61202 0 62393 62806 15024 3833 62389 63164 62614 61866 6663 62609 62009 62088 61202 0 61756 62248 15024 61756 25266 61202 0 61756 62248 15024 29568 62004 61866 63365 61801 93 62023 61911 62254 62343 61866 61801 10559 62013 62254 62343 61866 61202 0 62227 61966 61756 10559 62013 62254 62343 61920 10559 62013 62254 0 61920 10559 62013 62254 0 61920 10559 62013 62254 0 61920 10559 62013 62620 62047 62058 62047 11028 62058 0 62047 61747 61747
1667 61202 0 62966 0 62325 61202 0 61920 0 61966 0 61202 0 61202 0 0 61202 0 61202 0 61202 0 61966 0 61202 0 62487 0 61202 0 61966 0 61202 0 62343 0 61202 0 62343 0 61202 0 62343 0 61202 0 62343 0 61202 0 62343 0 61202 0 61756 0 61756 61202 0 61756 0 62343 0 61202 0 61756 0 61756 61202 0 61756 0 61756 61202 0 61756 0 61756 61202 0 61756 0 61920 61202 0 61756 0 62047 0 62047 0 61202 0 62047 0 62047 61747 61747
4845 61911 63195 62118 61202 0 61966 0 61756 0 62118 93 61245 8787 3494 1804 8335 8881 61866 62539 61920 61282 61202 0 61756 62363 61756 62614 61202 0 61756 62363 61756 62614 4845 62456 62455 62373 62013 61866 8881 0 62058 61920 5199 62088 61202 62455 62370 62004 61866 8881 0 62047 61202 0 61756 62363 62047
1667 3709 62053 62321 62227 62227 61866 40039 63780 61985 5199 62088 61202 63762 62053 62274 63193 33021 16780 4845 61875 62004 62455 61202 61866 0 61756 61202 63762 62053 62274 63193 33021 16780 4845 61875 62004 62455 61866 50002 61966 61747 61747 4845 0 62393 62806 62054 61756 61202 0 62966 61985 3709 62393 62118 62053 62393 62806 62054 61920 61202 63679 62697 61920 5199 62088 61202 0 62393 62806 15024 61202 63679 62697 61920 5199 62088 61202 0 62393 62806 15024 61202 63679 62697 61920 5199 62088 61202 0 62393 62806 15024 61202 63679 62697 61920 5199 62088 34304 62118 62053 62393 62806 15024 61202 63679 62697 61756 34304 62363 62370 61875 62047 18700 62054 62254 62343 7537 61202 0 62966 61985 61202 0 62966 62363 62966 61985 15533 62455 62373 62456 62054 7537 61747 61747
41095 61756 34152 61915 63164 62935 4845 0 61966 0 62806 62054 61756 4845 62954 62935 62389 61202 62227 62180 62248 10559 62393 62455 62389 62588 14890 61747 61747
1667 40242 61756 1072 61202 0 61920 61875 61966 6773 4845 62274 61866 3709 62274 61866 4845 61971 61756 0 4845 0 61756 0 61202 0 62118 62343 0 61202 0 62118 62343 0 4845 0 61875 0 61920 5199 62088 61202 0 62180 0 62248 3833 62349 62701 62254 62455 49087 61747 61747
1667 4845 0 61756 62363 61202 63516 62605 62248 61920 61202 63516 62605 62248 61920 15533 62321 61866 62047 61747 61747 38613 62540 62265 61202 63078 63821 61985 4845 0 61875 62370 4845 0 62370 61202 0 61756 62363 8881 62704 62058 62047 5199 62088 61202 0 63195 62118 61202 0 63497 63977 0 15024 8881 62704 62058 62047 61747 61747
1003 62023 0 61756 0 61756 10559 62393 62254 0 61920 61202 0 61756 0 61966 61202 0 61756 0 61966 61202 0 61756 0 61966 61202 0 61756 0 61966 0 4845 62609 62009 62088 15533 62620 62806 15024 4845 62254 62004 0 61985 4845 62254 62004 0 61756 61202 62701 63374 62248 61756 15533 62455 62373 63233 61747 61747
1667 3709 0 61801 61966 644 61202 63291 38718 61202 0 62393 62806 15024 61202 62935 62701 61202 62935 62701 61920 3709 62053 61949 62704 61985 50002 62561 61747 61747 3709 4238 61256 2811 61202 0 62254 62966 61985 31277 4845 0 62638 61202 62935 62701 15024 5199 62088 3709 6542 61202 0 62254 62966 61985 61202 62935 62701 15024 61202 62935 62701 15024 18700 62054 62254 0 61920 836 3396 61202 62456 63497 63977 61985 5199 62088 61202 0 62966 61985 18700 62054 61949 62704 7537 61747 61747
1667 0 61756 0 62047 61202 0 61756 0 61202 0 62966 0 61202 0 62966 0 61202 0 61756 0 61966 61202 0 61756 0 61966 0 61202 0 61756 0 61966 0 61202 0 61756 0 61966 0 61202 0 61756 0 61966 0 61202 0 61756 0 61966 0 61202 0 61756 0 61966 0 61202 0 61756 0 61966 0 61202 0 61756 0 61966 0 61202 0 61756 0 61966 0 61202 0 61756 0 61966 0 61202 0 61756 0 61966 0 61202 0 61756 0 61966 0 61202 0 61756 0 61966 0 61202 0 61756 0 61966 0 61202 0
1667 4845 0 61920 0 61966 0 61966 61202 0 61966 0 61966 61202 0 61966 0 61966 61202 0 61966 0 61966 61202 0 61966 0 61966 0 61202 0 61966 0 62343 0 61202 0 61966 0 62343 0 61202 0 61966 0 62343 0 61202 0 61966 0 61966 0 61202 0 61966 0 61966 0 61202 0 61966 0 61966 0 61202 0 61966 0 61966 0 61202 0 61756 0 61966 0 61202 0 61756 0 61756 0 61920 61202 0 61756 0 61756 0 62047 0 61202 0 61756 0 61756 0 62047 0 61202 0 61756 0 61756 0 62047 0 61202 0 61756 0 62047 0 61202 0 61756 0 62047 0 62047 0 61202 0 61756 0 62047 0 61202 0 61756 0 62047
1667 3833 63195 62118 61202 0 61756 0 61756 55324 61801 61202 0 62638 62343 61202 62325 62363 62370 61756 10559 62013 62363 62370 61920 5199 62088 10559 62013 0 62013 62806 62054 61202 62325 62349 61920 61202 63274 62058 61966 10559 62013 0 62013 62806 62054 10559 62013 0 62013 62806 62054 61202 62325 62349 62118 61202 62325 62349 62118 61920 5199 62088 61202 0 62393 62806 62054 15024 4845 62349 0 61920 55324 61801 61202 62487 61966 0 62054 63109 61985 61202 0 61920 61202 0 61756 0 61920 61202 0 61756 0 61920 61202 0 61756 0 61920 3709 61911 62118 62053 62053 62053 62053 62349 61866 61202 0 61985 16780 16719 62363 0 61756 0 61756 93 61875 0 61920 34587 61202 62487 62638 61920 34587 61202 0 61756 62363 62047 61801 61202 0 62047 61801 0 62047 61265
4845 0 61756 0 62746 61202 0 61966 0 61756 61202 0 61966 0 61756 61202 0 61756 0 61756 3709 0 61756 0 61920 61202 0 61756 0 61920 61202 0 61756 0 61920 61202 0 61756 0 61920 61202 63497 62054 62118 62620 62047 62306 41501 63320 44373 31552 62348 61747 61747
1667 3709 62609 62009 62088 31277 3709 0 61920 61202 0 61920 61202 0 61920 61202 0 61920 0 15024 61756 3709 61911 62118 62053 63274 61985 61202 62701 61966 61202 62701 61966 4845 62926 61949 61202 0 61756 63891 61985 4845 62926 61949 61985 5199 62088 3709 61911 62118 62053 63274 61985 4845 62926 62696 61202 62227 62363 62966 61985 61202 62227 62363 62966 61985 15533 62058 62053 49087 61747 61747
201 0 61966 61228 0 61228 0 61228 0 61801 3709 62274 61866 16780 15533 62254 62004 0 62047 61747 61747 4845 0 62013 62343 0 15024 61756 8881 62704 62058 62004 62614 61202 0 61920 3833 61866 0 14890 61747 61747
1667 3709 61911 61866 62966 0 61866 62054 61756 31277 4845 0 62325 61228 19115 4845 0 62343 62343 62343 0 28119 62349 62701 62254 62455 61985 61202 63679 62697 63977 61985 2683 15750 63291 61920 6663 62053 63388 61971 15750 63291 61920 31277 11028 62013 0 62047 61747 61747
1667 3709 8702 11549 61301 61202 63679 62697 63977 61985 3709 61911 63195 0 61966 16780 28119 62013 62254 61875 62349 61866 801 1442 61256 93 2804 61332 417 61265 3709 62935 61966 62389 61202 62227 62180 62248 61202 63679 62697 61920 61202 62697 61866 62248 15533 62254 0 50002 62561 61747 61747
1667 4845 62349 0 61801 4845 62274 62393 0 61920 53027 16780 3709 62389 61966 63197 12305 62047 63197 29568 62227 38718 61747 61747 40242 61756 4845 0 62389 61202 0 62009 62047 61202 61866 0 45945 3709 62058 63002 62348 61202 0 62393 62248 61920 16780 15533 62254 62004 0 62047 61747 61747
1667 40242 61756 3709 61911 62265 62696 61202 63291 62009 62248 61920 5199 62088 61866 62588 4845 55171 61202 63393 61866 62248 61920 8881 62455 61971 61920 4845 61911 62363 62370 62389 61202 0 61966 0 15024 10559 62393 62325 62349 62118 61202 0 61966 0 15024 10559 62393 62118 62248 62118 62248 61920 3709 61875 62884 4845 61875 62884 61202 62697 62248 61756 55324 61801 4845 0 62806 62054 61202 0 61966 0 15024 10559 62013 62349 0 15024 38613 62456 62054 62118 62053 62704 62487 62348 2699
4845 62389 63164 61920 4845 62926 61949 61202 0 62966 0 62054 61756 61202 0 62966 0 62054 61756 61202 0 62966 0 62343 0 62054 61756 61202 0 62343 0 62054 61300 19737 13192 61756 10559 62393 62118 62620 62455 61966 11028 62373 62088 62348 61747 61747
1003 62389 63164 63288 62995 14499 62274 63109 61985 3709 61911 61949 62704 61920 61202 62487 62047 62487 44373 31277 18700 62054 62254 0 61866 61202 0 61756 63891 61985 11028 62455 62009 62884 62348 61747 61747
1667 6663 55171 61202 0 62118 47003 3833 33573 3833 33573 8831 27303 2335 50126 61325 417 61265 61202 62487 62389 62248 7537 4845 62227 62180 62248 61202 63679 62697 61920 55324 61801 61202 63679 62697 61756 3833 62559 62559 63785 50002 62561 61747 61747
1667 8881 62704 62058 62970 62609 27832 93 62023 62455 62370 62370 0 15024 61265 3833 62265 61756 3833 62265 61756 15533 63705 62455 62561 61747 61747 5199 62088 5199 62088 61202 63497 62455 62588 61801 11028 61985 61971 62047 61747 61747
61202 0 61920 0 62118 0 62118 0 61966 0 61756 11028 61875 62047 62306 61202 0 62966 62487 0 62054 61756 11028 61875 62047 62306 15533 62254 63170 14890 61747 61747
1667 4845 0 61756 0 61966 61202 0 61756 62047 61202 0 61966 0 61966 61202 0 61966 0 61966 61202 0 61966 0 61966 3709 63388 61971 61202 63762 62970 33021 61756 15678 63195 62373 62306 62343 5199 62088 25266 34304 62118 62053 62393 61966 62118 3709 63388 61971 61202 0 61920 62704 61202 0 61920 62704 4845 61911 62363 62370 4845 61911 62363 62370 62343 0 61756 61202 0 62047 61202 0 62363 62343 5199 62088 61202 0 61966 62363 61966 3709 63388 61971 3709 63388 61971 4845 0 61756 0 62704 0 62487 61920 16719 62487 44373 5199 62088 61866 62373 62047 61747 61747
1667 61202 0 61966 62370 61866 11533 3833 62248 34547 63679 61920 1812 1812 60738 5199 63780 62609 12480 61756 61202 62539 62348 2699 93 11028 62370 59575 870 1812 1812
1003 0 62389 61966 61202 63002 61920 93 61264 61300 61251 61265
4845 61911 62325 62343 61920 61202 0 61756 62248 55324 61801 8881 0 62013 62325 55324 61801 3709 61911 62118 62620 62343 62806 62054 15024 28119 62254 0 61202 62487 62638 62343 6663 62053 62254 63627 11028 61875 62047 62306 11028 61985 61971 62047 61747 61747
41095 3709 61911 62013 62343 0 7537 3709 61911 62013 62343 0 61202 0 62047 0 61202 0 62047 0 4845 61911 0 61801 61202 0 62966 0 4845 62926 61949 61202 0 63821 0 61202 0 63821 61985 3709 62456 62058 62053 62004 62058 62053 14890 61747 61747
1003 61875 0 61801 61966 1686 61202 0 61801 61966 4845 9812 3833 62254 62966 61985 8881 61756 62363 63419 61920 61202 62935 62701 61202 62935 62701 61920 55324 61801 3833 62620 62343 7537 61747 61747 6663 62053 62274 62393 7537 4845 15192 61202 0 62393 62806 15024 61756 3709 61911 62254 0 61920 61202 62935 62701 15024 5199 62088 3149 61202 0 62254 62966 61985 3709 61911 62254 62966 61985 4845 62248 62254 0 62047 61747 61747
4845 61274 50556 61260 61202 0 62343 0 61202 0 62343 0 61202 0 62343 0 61756 61202 0 62343 0 61756 61202 0 62343 0 61756 61202 0 62343 0 61202 0 61966 0 61966 61756 3709 0 62248 62248 61920 16780 4845 0 62248 61920 3709 62248 0 62248 61920 16780 8881 0 62013 61966 61756 3833 0 62013 62349 61747 61747
2960 5583
1667 61202 0 62118 47003 61801 3709 55171 24560 3709 62389 63164 61920 61202 63274 62487 62053 63288 61985 31277 28119 62455 61875 62349 34682 61202 63274 62058 62053 63288 61985 29194 62704 62058 62349 61866 29194 62704 62058 62047 41095 61202 62487 61966 0 62054 61920 3709 62539 61801 61202 63679 62697 63977 61985 11028 62058 0 62047 61747 61747
1667 3709 62058 63002 62348 31277 41095 61756 3709 62227 62180 62248 16780 21263 61920 62926 61756 5199 62088 4845 62363 62370 62370 61202 0 62697 63109 61985 55841 63274 61971 61920 15678 0 61202 63497 62363 62047 11028 61985 61971 62047 61747 61747
1003 0 61756 0 61966 0 61966 0 62118 61202 0 61756 0 61966 0 62118 61202 0 61966 0 61966 0 62118 61202 0 61966 0 61966 0 62118 61202 0 61966 0 61966 0 61966 61202 0 61966 0 61966 0 61202 0 61966 0 61966 0 61966 0 61202 0 61966 0 61966 0 61202 0 61966 0 61966 0 61202 0 61966 0 61966 0 61966 0 61202 0 61966 0 61966 0 61966 0 61966 0 61202 0 61966 0 61966 0 61966 0 61202 0 61966 0 61966 0 61966 0 61966 0 61966 0 61202 0 61966 0 61966 0 61966 0 61966 0 61966 0 61966 61202 0 61966 0 61966 0 61966 61202 0 61966 0 61966 0 61966 0 61966 61202 0 61966 0 61966 0 61228 0 61966 0 61228 0 61966 0 61228 0 61966 0 61228 0 61228 0 61228 0 61228 0 61228 0 61228 0 61228 0 61228 0 61228 0 61228 0 61966 0 61228 0 61228 0 61228 0 61228 0 61228 0 61756 0 61966 0 61966 62118 61202 0 61756 0 61756 61202 0 61756 0 61228 0 61756 0 61228 0 61756 0 61228 0 61756 0 61228 0 61756 0 61228 0 61756
1667 4845 61949 55171 61756 61202 63679 62697 63977 61985 61202 62697 62697 61920 10559 62393 62118 62053 62704 62058 62047 4845 62248 62321 62373 5199 62088 12305 62047 62248 62321 62588 61202 62227 0 62248 61756 61202 62227 62363 62370 61920 61202 63679 62697 61920 61202 63679 62697 61920 5199 62088 61202 62559 62009 62047 61202 62559 62009 62248 62321 62588 61202 63679 62697 61920 3709 61911 0 62393 62806 62054 61202 63679 62697 61920 5199 62088 61202 62559 62009 62926 61756 61202 62559 62009 62047 61202 40241 0 62047 61747 61747
61202 63785 0 62118 0 3709 55171 24560 31277 880 61202 0 61756 0 15024 61756 11028 62373 62325 62343 62047 61282
1667 5199 25474 61801 6663 62370 62970 62609 12480 3709 62118 62053 62373 61966 3709 63388 61971 16719 62047 62487 44373 3833 36594 61756 905 2699
3709 62363 61801 61966 61202 0 61756 0 45945
4845 61274 50556 61260 61202 0 61756 0 15024 61202 62701 61966 4845 0 61756 0 45945 4845 0 61756 0 45945 4845 0 61756 0 45945 4845 62697 62248 61920 4845 0 61756 0 45945 61202 0 61966 0 62054 61920 61202 0 61756 0 61756 61202 0 61756 0 62325 5199 62088 62254 0 61202 0 61756 62363 62343 0 61202 63393 61866 62373 61920 8881 62363 62254 0 61756 15678 63195 62054 62254 0 61202 63497 62054 62373 62325 62047 61747 61747
1667 5199 62088 3709 0 61920 63977 0 61756 61202 0 61756 62363 63419 61920 4845 62254 62004 0 61202 62227 62180 45945 62088 61202 62227 62180 45945 10559 62393 62118 62455 62389 62588 8881 62926 61756 61202 62455 62370 61875 62004 62265 61747 61747 61202 0 61756 61202 0 61966 0 61966 63977 0 62054 61756 31938 4845 62254 62806 62054 61756 61202 0 61756 0 62248 61756 4845 62954 62935 62389 61202 62227 62180 62248 61920 61202 0 62325 0 62325 18700 62054 62321 63365 8881 62926 62696 61202 62455 62389 62118 62370 62004 62265 61747 61747
28119 62728 62349 62701 61202 63393 62009 62248 61920 3833 62265 61756 4845 61911 63195 62118 61202 0 62325 61202 62487 62638 63821 61985 3709 0 61920 61202 63679 62697 63977 61985 3833 62254 0 62047 61747 61747
1667 4845 0 61920 0 62325 61228 19115 61202 0 62389 61920 61202 0 61756 0 61920 5199 62088 21263 61966 62746 61202 63679 62697 61920 5199 62088 21263 61966 62746 61202 61866 0 62248 61920 4845 62926 62696 53027 5199 62088 4845 0 62393 61920 61202 0 62118 62053 62274 62389 4845 62926 61949 61202 0 61756 0 45945 55324 61801 4845 62926 61949 61202 63679 62697 61920 4845 62926 61949 61202 61866 0 61920 18700 62054 62254 0 61920 55324 61801 61202 0 61920 0 61920 34587 61202 0 62389 62248 61920 34587 61202 0 62389 62248 61920 34587 61202 0 61966 0 62054 61920 61202 0 62118 61920 5199 62088 61202 0 62393 0 62248 61920 61579
1003 62265 62004 61920 61202 0 61756 0 62054 61756 61202 0 61756 93 9164 61207 61314 61265 93 62023 61911 33573 61202 0 61756 0 61920 18700 62054 62118 63159 61920 61202 63291 62009 45945 48020 61866 3709 61949 62638 0 61202 0 61911 0 44373 31277 15533 62254 0 62047 61747 61747
1003 0 61756 0 44373 3709 61966 62058 61966 16780 11028 62373 61971 62047 61747 61747
1667 61202 0 61920 0 62325 61228 19115 4845 62053 62254 0 61202 62227 62701 0 61202 63679 62697 61920 55324 61801 4845 61875 63706 61756 61202 63679 62697 61920 61202 63679 62697 61920 3709 62456 62054 62559 0 61920 61202 63679 62697 61920 3709 62456 62254 0 61920 61202 61866 0 62248 61920 3709 62456 62254 0 61920 93 7052 61332 3709 8337 2980 4050 9360 61202 62704 62047 8881 62363 62370 61920 3709 62456 62254 62370 61920 61202 61866 0 62248 61920 55324 61801 61202 62704 0 62325 3709 61249 3676 2980 25215 29194 62970 16780 3709 62393 0 62393 0 61920 16780 3709 63078 63821 61985 16780 1878 11318 61332 3709 61309 2086
1667 38613 62540 62265 4845 0 61966 0 61756 61202 63291 62009 45945 61202 0 61756 0 61756 61202 63291 62009 61949 44373 3833 61949 62704 62348 61282 61202 0 61966 62746 61756 61202 0 61756 0 61920 61202 0 61756 0 61920 4845 0 61966 62746 61202 0 61756 0 61920 61202 0 61756 0 61920 61202 0 61756 0 61920 61202 0 61756 0 61920 61202 0 61756 0 61920 61202 0 61756 0 61966 62118 61202 0 61966 0 62118 61202 0 61966 0 62118 61202 0 61966 0 62118 61202 0 61920 0 61920 61202 0 61756 0 61920 61202 0 61756 0 61920 61202 0 61756 0 61920 61202 0 61920 0 61920 61202 0 61966 62118 61920 61202 0 61966 0 62118 61202 0 61966 0 61966 0 61202 0 61966 0 61966 0 61202 0 61966 0 61966 0 61202 0 61966 0
61202 0 61801 0 61202 0 61801 0 61966 61202 0 62325 0 61966 61756 61202 0 62325 0 61756 8881 62118 62013 0 61920 3709 62456 62054 62118 62620 62343 61920 16780 61202 0 62343 0 61985 3833 62254 62004 0 62047 61747 61747
1667 3709 61911 62704 61801 61966 26176 4845 0 62343 62118 61228 23419 61314 3598 8881 0 62013 62806 62054 61202 0 61920 63977 0 4845 0 62118 61228 61911 62363 0 61756 0 61202 62325 62363 62966 61985 10559 62456 62054 62884 61971 61920 38613 62456 62054 0 62047 0 62047 61747 61747
1667 4845 0 61966 61202 0 62456 62227 62614 55841 62054 61949 0 62047 41095 8881 62363 62227 61966 3709 63706 62605 61202 63706 61966 28119 62373 62013 62306 53027 61756 10559 62393 62325 62349 62118 55324 61801 3709 62373 61966 62373 0 62054 61756 61202 63497 62054 62227 61966 62701 7537 61202 63497 62054 62254 0 61920 11028 61985 61971 62047 61747 61747
1667 4845 62013 61756 0 62248 12480 61756 8881 62058 62343 61920 10559 62393 62455 63159 61920 15533 62728 62701 0 1812 1812 3833 62265 61756 3709 62118 62053 61801 62343 61920 21263 61920 62926 62696 2699 93 11028 62370 59575 870 1812 1812
1667 4845 0 61756 62118 61756 55324 61801 4845 0 62487 62047 61756 3709 62227 61801 31277 4845 62248 62321 62373 61202 63274 62487 61966 4845 38718 61747 61747
28119 62373 61875 62349 61866 4845 0 62009 0 61202 0 63109 0 61202 0 63109 61920 4845 0 62009 62118 61202 0 61756 62118 61202 0 62966 62118 11028 62926 62088 62047
1667 4845 0 61966 62227 62614 8881 61756 62363 62370 15024 34587 61202 0 61756 0 62966 61985 62088 8881 61756 0 62343 44373 61202 62935 62701 15024 11028 62058 62620 62047 61747 61747
1667 4845 0 61756 0 61920 61202 0 61756 62363 61966 61202 0 61756 62363 62118 61202 0 61756 62363 62118 61202 0 61756 62363 61966 61202 0 61756 0 61920 61202 0 61756 0 61920 61202 0 61756 0 61920 61202 0 61756 0 61920 61202 0 61756 0 61966 0 61287
59123 0 62013 62806 62054 61756 8881 0 62013 62806 62054 61756 4845 61274 50556 61260 61202 62697 62248 62013 62806 62054 31277 61202 0 63274 61971 4845 0 63274 61971 4845 0 63274 61985 61202 0 61966 0 62047 60481 0 15024 61202 62905 62306 61966 93 61293 11701 61265 5199 62088 4845 62321 61971 61971 61971 61202 40241 0 15024 5199 62088 40039 63780 61985 16780 93 0 62487 62047 682 1389 54947
1667 29194 63516 62349 63254 62009 62746 61202 0 62325 61228 19115 28119 62349 62701 62701 62254 62455 61985 4845 62926 61949 61202 63679 62697 61920 61202 63393 61866 62248 61920 3709 61911 62254 62343 61920 61202 62487 62389 62349 62389 31277 4845 55171 61756 61202 63393 61866 62248 61920 5199 62118 62620 62343 61920 3833 62559 62047 61747 61747
1667 61202 63078 63821 61985 61202 63516 62605 62248 15024 61202 0 61966 62389 61202 0 62389 61920 61202 0 62389 61920 61202 0 61756 62118 0 62047 61747 61747
4845 0 62370 61202 0 61966 0 4845 0 62343 0 61202 0 62806 3833 0 62806 4845 0 62343 62118 61202 0 62343 62118 61202 0 63195 62118 61202 0 62343 62118 16780 15533 62058 62053 62047 0 62047 61747 61747
1667 3709 0 61801 61966 1328 61202 63291 38718 61202 0 62393 62806 15024 6663 0 61920 8465 61202 62905 62393 62806 15024 61202 62935 62701 15024 3709 1072 61312 61202 62935 62701 0 15024 15533 61949 62704 62348 61747
1003 62265 62004 61920 28119 62004 62054 63785 61202 0 61756 62248 15024 61756 10559 62013 62254 63164 61202 61985 63821 62248 3833 36594 93 62023 61801 62559 63078 61202 62609 62009 62088 61756 25266 61202 0 61756 62363 62697 61866 61202 0 61756 62248 5199 62088 4845 0 61756 0 62806 62054 61756 61202 0 61756 62248 25266 61202 0 61756 62248 61866 61202 0 61756 62248 61920 61202 63497 62254 63465 61920 3833 36594 61747 61747
4845 0 62746 61756 4845 0 62325 61756 61202 62325 62363 62966 61985 5199 62088 61202 63078 63821 61985 4845 0 62343 62343 61202 62325 62363 62966 61985 10559 62013 62363 62118 61920 61202 0 62325 0 61920 15533 62620 62343 0 62348 61747 61747
4845 61274 50556 61260 61202 0 61966 0 61202 0 61966 0 61202 0 61966 0 61202 62325 62180 62325 61202 62455 62389 61920 0 45945 3709 61301 62614 62009 93 62023 0 62248 61920 4845 0 62248 61920 8881 0 61920 0 62047 61265 3709 651 61256 4845 62274 0 62325 61202 0 61756 0 62325
61202 0 62966 0 62806 62054 15024 3709 61911 61966 0 61756 16780 61202 0 62343 62118 61756 3709 62373 61971 61202 0 62389 61966 61756 11028 62373 62088 62348 61747 61747
61202 0 61966 0 61966 61202 0 61966 0 61920 644 21263 61966 62746 61202 0 62393 0 62053 63288 61985 3709 0 62393 61920 16780 4845 63291 38718 61202 0 61966 0 15024 5199 62088 3833 61866 62966 0 61866 62054 61756 5199 62088 3833 61866 62966 0 61866 62054 61756 61202 63274 0 62806 62054 15024 3709 62393 0 62248 61920 16780 61202 0 62393 0 62053 63288 61985 3709 62456 62054 62118 62053 62704 61875 62349 61866 4845 63274 0 61985 16719 61966 0 62966 61985 10559 62393 62118 62053 61866 62306 11028 62373 61801 62343 62348 61747 61747
61202 63002 62970 62609 12480 61756 56397 61949 62704 12480 3709 63002 61920 3709 63002 61920 5199 63780 62609 12480 61756 8881 62306 62561 1812 1812
1003 62023 0 61920 4845 0 61920 25266 61202 0 61920 0 61920 8881 0 61966 62118 4845 38718 61747 61747
1667 41095 61801 3709 61911 62265 62004 61920 61202 0 61966 55324 61801 27834 62118 61920 61202 0 61985 5199 62363 62966 61985 61202 62343 62373 61920 3709 61911 62265 61756 8881 61756 0 62343 7537 61756 34304 62325 62349 62118 12305 62455 62884 62047 61747 61747
1003 61971 61801 62370 61966 61756 4845 61911 62254 0 61866 4845 0 61756 0 61756 62054 0 61756 62054 61756 62054 61756 61202 0 61756 62363 61202 0 61756 62363 61202 0 61756 0 61202 0 61756 0 62047 61747
1667 5199 63780 62609 12480 61756 3709 62620 61971 61202 61866 63649 62088 25266 61202 61866 63649 3833 62363 62370 1812 1812 60738 6663 62306 62806 62054 61202 62455 62389 61966 5199 61966 62363 62260 2699 93 11028 62370 59575 870 1812 1812
1667 4845 62363 61756 0 61920 4845 62254 0 61920 4845 62254 0 61920 61202 0 61920 0 61920 3709 62456 62254 0 61866 61202 0 61756 0 61920 5199 62088 61202 62487 62389 61920 61202 62487 62389 62248 61920 3709 0 61920 61202 0 62343 61920 55324 61801 3709 61911 63195 62118 61920 61202 0 61756 0 62118 55324 61801 3709 62363 62013 62343 61866 61202 0 61756 0 61756 61202 0 62013 62349 62118 61756 3709 62363 62013 62349 61920 61202 0 62013 62349 62118 61202 0 61756 0 61756 61202 0 61920 0 61920 3709 62254 62370 61920 3709 62254 62088 0 61920 61202 63393 0 61920 61202 63393 62009 62047 0 62047 11028 62254 62370 62047 61747 61747
4845 0 62389 61920 8881 62363 62370 62806 62054 61756 8881 62058 62343 61920 38613 62456 62054 62118 62620 62373 63204 61920 61202 62935 62701 61920 8881 62058 62343 61920
1667 40242 61756 40242 61756 61202 62227 62363 63274 62609 27832 4845 0 62966 61985 61202 63538 62306 47003 8881 62363 62370 62806 62054 61756 5199 62088 4845 61911 0 61756 0 62970 62609 27832 31277 3709 61971 62009 62248 7537 61202 0 61971 61920 4845 0 61971 61920 8881 62363 62370 62806 62054 61756 61202 63497 62054 62118 62248 62321 62588 61579
5380 30075 110 93 15616 61314 61265 3709 0 61756 63891 61985 16780 61202 0 61756 63891 61985 11028 62054 62118 63159 62047 61747 61747
4845 4845 0 62118 61202 0 62966 62363 62343 61801 3709 62227 63627 62370 61866 61202 0 61966 0 62054 61756 61202 63193 62248 61920 10559 62393 62118 62058 62053 62047 10559 62393 62118 62058 62053 62047 4845 0 61966 61202 0 61966 0 62054 61756 10559 62053 62455 62884 62456 15024 61756 10559 62053 62455 62884 62456 15024 5199 62088 10559 61911 61756 62363 62047 62970 62995 61756 10559 62013 61866 62539 61202 62487 62047 62487 61920 11028 62455 62373 61801 61747 61747
1667 0 62343 62118 6663 62058 0 61920 61202 61866 0 61756 61228 0 62806 62118 61202 0 61756 0 61756 61202 0 61756 0 61756 61202 0 61966 0 61756 61202 0 61966 0 61756 61202 0 61966 0 61756 61202 0 61756 0 61920 61202 0 61756 0 62343 0 61202 0 62343 0 61202 0 61756 0 61920 61202 0 61966 0 61756 8881 62254 0 61920 15533 62455 62343 62455 61966 61747 61747
3833 33573 61801 61202 0 61920 61202 0 61920 61202 0 61966 0 62054 61756 61202 0 61966 0 62054 61756 3833 61971 62053 62620 62455 62349 61801 61747 61747
1003 0 62004 0 62704 61202 0 62456 61801 61202 0 62456 61801 61202 0 62456 61801 4845 0 62456 61801 4845 0 62456 61801 61202 0 62456 0 61202 0 62393 62806 61202 0 62393 0 61202 0 62393 62004 61866 61202 0 62393 62047 61747 61747
41501 61756 62373 0 15024 10559 62274 62393 62806 62054 61202 0 62966 62363 62343 63274 61985 3709 23463 0 4845 0 62047 0 62325 61202 0 62047 0 61756 61202 0 62047 0 61920 61202 0 62047 0 61920 61202 0 61756 0 61920 61202 0 62047 0 61920 61202 63497 62013 62349 63204 61920 3709 23463 62539 7537 16719 62047 62487 62970 33021 61756 11028 61985 62348 61747 61747
1667 4845 61911 62265 61756 61202 0 62118 62053 61801 62248 27832 3709 62559 62013 61756 61920 26730 62004 61920 24560 11028 62227 61966 61971 62047 61747 61747 40242 61756 61202 0 62456 62054 61920 55324 61801 15750 63291 61920 4845 61911 62265 62696 8881 62363 62370 27832 11028 62926 61756 61747 61747
1667 61202 62605 61756 0 61756 6663 62053 62393 61202 62935 61966 62935 61966 31938 16780 11028 62274 62539 62047 61747 61747
1667 21263 63465 61202 0 61756 62363 62966 61985 62088 61202 0 62393 63109 61985 4845 63762 61920 4845 63762 61920 4845 62274 62389 61756 34152 63393 63164 62935 61756 12305 62321 62539 62348 61747 61747
1667 41095 10559 61920 62047 0 61920 61202 0 62638 0 15024 61202 0 61966 0 15024 61202 62455 62389 62248 62047 61747 61747 10559 62248 61971 62588 34304 61756 62363 62370 61920 55456 62009 62620 62455 62349 61866 4845 62363 62047 61202 62325 62363 62966 61985 14890 61747 61747
1667 4845 62248 61971 62588 53027 8881 62274 62389 62274 62389 61756 18700 62054 62118 62620 62561 4845 0 61756 0 61966 61202 0 61966 0 61966 61202 0 61966 0 61966 61202 0 61966 0 61966 61202 0 61756 0 61966 0 15024 61202 63291 38718 3709 63291 38718 61202 63291 38718 15533 62321 61866 62047 61747 61747
1667 21263 61920 62321 62539 21263 61920 62926 62696 6663 63078 63821 62995 61202 62905 61966 61202 61966 62373 61920 61202 62905 62306 61966 4845 62265 61756 136 61202 0 61966 20215 61202 0 61966 61265 8881 62455 62389 61920 61202 63274 62487 62561 2699 61747 61747
4845 61911 62265 62696 61756 4845 62456 62054 62118 62620 62004 61866 8881 62004 0 62054 61202 63274 62487 61966 61202 61866 0 62054 61202 61866 0 45945 3709 62456 62054 62118 62053 62704 62058 62047 61202 61866 63422 61920 61202 63393 61866 62539 61920 3709 62456 62053 62274 61875 62349 61866 61202 62697 62248 15024 55841 62274 62455 62561 59123 0 62013 62806 62054 55324 61801 61202 62487 62047 62487 62047 61756 8881 62349 0
1667 0 61966 0 61966 61920 4845 62954 62935 62389 4845 0 62389 61920 4845 0 62389 61920 61202 0 62389 61920 16780 36653 62620 61971 62842 15024 61756 11028 62274 62539 62047 61747 61747
4845 61274 50556 61260 61228 27040 61247 61202 0 61966 0 61966 61202 0 61966 0 61966 61756 10559 62321 0 61920 61202 0 62325 62325 0 62054 61756 28119 62728 62349 62701 61202 0 61966 62248 61920 15533 62254 0 62047 61747 61747
1667 61202 63516 62393 62806 4845 61911 62265 62348 61756 4845 0 61920 61202 0 61920 63977 0 15024 61202 63497 62054 62118 62254 0 61920 5199 62088 63274 62487 62343 49670 61747 61747
61202 0 62487 0 62325 61228 19115 3833 62704 61801 61966 61202 0 61756 0 61966 61202 63393 62325 62349 61866 61202 0 61966 0
61202 0 62393 62009 61801 6663 0 62047 62370 12480 34152 0 62321 62539 62047 61756 905
1667 16719 62559 0 15024 10559 62373 62325 63274 61866 61202 0 62806 62054 61202 0 61756 0 61920 61202 0 61756 0 61920 10559 0 61756 0 61920 61202 0 61756 0 61920 3709 62023 62321 61966 3709 62321 61966 61202 63291 62013 61920 61202 62487 62638 63821 61985 31277 15533 62013 0 62047 61747 61747 500 61202 63291 62013 61920 500 1902 61202 63291 62013 61920 34587 1676 11980 61312 61202 63291 62013 61920 5199 62088 11549 61202 63291 62013 61920 11028 62058 62053 0 62047 61747 61747
41095 61202 62905 62306 61966 11028 63516 61801 61966 61971 62047 61747 61747
1667 6663 62609 62009 62088 6663 0 61920 63497 62054 4845 62926 61949 61202 63679 62697 62009 61202 62487 62638 63821 61985 5199 62088 61202 0 61920 62047 63497 62054 4845 62926 61949 61202 62487 62389 61966 61202 63679 62697 62009 62047 61202 63679 62697 61920 4845 62926 61949 61202 62227 62180 62053 61920 61202 63679 62697 61920 61202 63679 62697 63977 61985 3833 33573 61801 61747 61747
1667 3709 0 61920 6872 29194 62970 3833 0 61949 44373 4845 62373 62004 62348 61756 16719 62047 62487 44373 11028 62013 61949 62697 62348 61747 61747
1667 4845 55171 61202 0 62393 62248 61920 4845 63274 0 62325 0 61920 61202 0 61920 0 61920 61202 61866 0 15024 3709 62053 62373 62325 63274 61985 61202 63679 62697 63977 61985 3709 62389 0 62053 63288 61985 16780 18700 63422 62058 63233 18473 61202 63679 62697 15024 15533 62373 62325 63274 61985 50002 62561 61747 61747
1667 10559 61911 62265 61756 28119 62321 62373 62274 61202 62325 62363 61966 93 62023 0 61920 0 61920 61202 0 61920 0 61920 61202 0 61920 63977 0 61756 10559 62393 0 61920 61202 0 61920 0 62118 0 61866 62054 61756 61265 61202 0 61920 4845 0 63664 61228 5019 4845 0 62180 61202 0 62180 61202 0 62954 61202 62456 62054 61920 3709 62456 62054 62254 0 61920 16780 61202 0 61920 61202 0 61920 0 61920 8881 62455 62373 62456 62054 61756 8881 62455 62373 62456 62054 61756 61202 0 61966 0 61756 61202 0 61966 0 62325 644 61287
1667 0 61756 62363 63419 61920 4845 61911 61756 62363 63419 61920 61202 0 61756 62363 63419 61920 61202 0 61756 0 61966 61202 0 61756 63195 61966 61202 0 61756 63195 61966 61756 10559 62013 63516 62393 62806 61202 0 61756 62728 62389 61202 0 61756 62728 62389 11028 62274 62455 49087 61747 61747
61202 0 61966 0 62088 63977 0 62054 15024 93 62023 0 62389 62343 61202 0 61920 63977 0 62054 61756 55324 61801 3709 0 62013 62343 61202 0 61920 63977 0 62054 61756 55324 61801 4845 0 62370 62806 62054 61756 61202 0 61920 63977 0 62054 15024 61265 5199 62088 61202 0 61756 0 61966 62118 61920 93 62023 62013 62013 62349 61866 4845 0 61920 4845 0 61920 63977 0 61985 55324 61801 4845 0 61920 0 61920 4845 0 61920 63977 61985 61265
