201 61229 61228 61274 11701 2373 61228 61274 50556 31 642 642 968 303 5 3668 37575 2373 61233 348 22568 1316 348 299 439 66 7298 44300 7604 32440 348 27126 30 18848 5204 184 2430 1369 362 36 203 49574 19615 61228 61246 61283 1316 282 61228 35 184 2430 1369 1064 35 184 2430 1369 61223 10341 2822 1119 1263 18233 827 627 581 203 49574 19615 13520 59 1219 798
201 61271 24 225 14757 46936 42 10121 4180 1825 155 7608 5249 2391 1316 145 5 1041 529 529 91 61206 61228 8945 8524 155 61228 6156 4927 950 61223 1316 14757 83 59 1825 2984 29397 278 127 10007 30902 1316 14757 232 860 10923 14757 7906 156 45014 7624 41502 827 1316 196 581 959 61223 48380 47179 7110 1845 276 3802 1179 1166 729 61223 2984 365 142 83 968 61223 115 61228 11453 8984 61223 115 61228 61245 21 9 25 50 61223 115 61228 135 9 25 50 61223 115 61228 61210 50 142 2391 61223 115 61228 61210 50 142 2391 21023 110 110 110 7822 61223 115 61228 135 8524 46 9312 155 61228 61205 127 127 7334 642 968 61223 1316 7590 273 19 6407 61223 2984 845 299 1179 115 61228 61245 8787 3494 644 1964 61203 7843 113 827 61216 201
201 61251 1574 5812 1166 61246 9623 61207 61223 115 61228 5193 60310 2519 61211 113 594 505 348 2798 156 50772 1316 188 83 959 1166 61233 188 756 968 19615 61233 188 756 968 798
6065 36600 156 30372 2069 9372 5249 1179 115 61228 7231 104 449 1166 61228 2161 110 61216
498 858 2984 491 31581 278 844 4175 1041 38758 258 1197 32895 258 83 20167 2984 199 61211 27627 1179 53689 3977 1964 61203 10326 61226 2902 9372 61225 2362 1263 61233 576 10341 365 1179 9372 61233 348 827 1964 61203 60 283 124 959 505 348 299 1708 2758 61233 188 756 968 61216
1619 203 38984 20 6805 61254 61211 2069 46 9312 28 45014 7624 1775 21743 301 19615 1041 61228 61274 11701 2373 61228 61274 50556 61260 156 75 581 959 278 127 48337 2984 845 2069 91 47456 517 4390 348 5149 537 276 3802 959 149 61228 651 5812 183 278 83 14302 2687 396 61216
201 61229 1041 61277 455 4404 1316 145 142 227 439 156 225 188 756 968 1316 225 324 9386 61221 1939 61206 156 8087 1316 1283 950 47363 203 29777 58859 348 299 18848 61216 32 61228 5 5249 4180 4404 149 61228 24 88 4160 2391 2088 170 61212 170 61212 1771 3197 61212 170 58390 37791 59961 2566 74 14757 46936 7624 3867 827 505 188 756 424 61223 41254 7164 42 6805 58754 1825 9372 58754 1825 258 2822 32895 8095 399 505 188 756 968 9372 61222 1119 6031 418 4309 9372 61277 871 505 225 50 1179 798
201 61229 283 170 1825 2984 29397 2176 299 14302 2687 396 2228 19521 4175 10341 380 30 827 1720 61212 4529 1166 1280 61223 1064 9998 505 14749 1316 3668 61206 1316 232 2430 1369 1166 5249 75 61226 827 32908 3210 278 10007 2982 32434 418 38758 10326 61226 3140 9372 881 1311 1825 19615 61233 145 13647 798
201 15581 225 529 1316 3668 61206 61223 2643 61211 2391 15894 24 145 83 273 2391 2519 61211 26143 2228 77 6 1576 1166 3510 2984 29397 5878 88 20167 2984 77 59157 45 1219 362 14351 4175 245 61233 14757 232 7604 61223 29 29397 22383 143 1136 2984 299 143 1136 2984 299 14302 2362 41254 7164 42 6805 61277 576 61223 41254 7164 7624 199 61211 113 1179 46 9312 10923 19 1205 289 61233 15146 28 3730 61216 201
4584 5 61277 273 2391 156 871 28 694 61204 156 30372 4180 15146 1166 61233 76 61217 273 2391 1316 145 1129 61216
201 10719 50 1825 2643 4185 5759 1109 124 61222 4383 529 19615 7608 5249 2391 21023 2822 756 1825 1166 2262 55846 858 61282 2984 24569 316 594 13870 4404 21023 386 32263 2984 29397 505 188 756 968 61223 1166 1234 1041 258 1197 756 860 28 3730 505 14757 1337 1064 143 1197 756 1369 126 1782 7604 61223 1616 188 2707 58390 1166 7608 5249 2391 7186 2822 11685 627 61214 55846 858 61223 4309 1064 4726 1064 4116 729 212 3901 188 2707 39 6407 1064 2688 61212 2798 798
128 61277 142 1825 245 61233 225 65 9672 2391 1964 61203 10326 61226 2902 2984 199 61211 827
201 61298 61215 5249 4180 4404 154 61233 75 581 2391 156 75 581 30 581 30 2391 258 85 594 15229 1280 156 871 61233 38095 4404 61223 26 1179 278 127 529 1576 258 425 13870 594 115 61228 61219 184 74 85 4075 27375 2688 61212 2798 9372 61222 1119 91 47432 4404 149 61228 6730 7894 66 881 124 7604 798
201 61251 471 3379 5831 61223 46125 505 36 61273 3958 61204 1316 11008 61228 61251 187 11 713 1616 194 576 529 1064 124 61277 124 654 154 61251 187 1369 61223 505 5 61277 32321 515 46 9312 10923 5 61277 576 12061 576 529 29 29397 60 1155 36 950 505 36 950 156 8087 9372 881 1337 53152 729 798
32308 970 9998 1166 61220 42584 1597 529 115 61228 61254 61249 61251 61249 2373 61228 61254 61249 61251 61249 2373 6454 61311 115 61228 1291 61260 1064 4116 115 61228 1291 61260 8 42203 44467 439 42 6805 61277 232 1825 115 61228 61219 142 11181 1709
201 61298 61215 14 25076 31910 2822 756 1825 1109 710 24964 46 9312 155 61228 59 127 61217 85 1179 1166 61228 61246 39 751 1616 348 4990 26143 2984 380 4990 1825 505 188 756 968 61223 9372 61222 1119 7843 2822 756 1825 46 9312 7843 2822 35 44 1369 1709
32 61228 313 67 74 890 2373 61228 61245 8787 3494 40644 8 959 362 22980 61216
201 61298 369 203 24964 61223 2984 9371 61277 113 15146 7723 61211 2391 7186 710 14302 2362 1720 61212 1136 38758 2984 77 3802 529 303 5 3668 37575 37582 18233 13896 10341 61226 59 26952 1709
201 34646 91 348 27126 30 1597 2088 1041 968 1064 74 940 1028 61223 316 456 61204 1964 61203 20701 348 20809 798
23712 10 170 24569 29 29397 2984 113 36159 301 28 3730 303 14757 46936 2913 48022 61277 455 439 42 871 61233 225 50 94 3965 28 3730 505 188 1918 61216
72 1825 303 6639 23081 7624 2822 756 1825 1166 55846 858 29 29397 2984 113 36159 301 8685 1311 4404 7624 2822 11685 19615 61233 188 32895 61282 9372 5249 1179 303 6639 23081 7624 2822 756 1825 1166 2262 55846 858 1064 74 61233 576 10923 188 32895 61216
201 61229 5249 3602 362 1283 950 245 5249 113 529 1166 11980 278 127 61217 61226 3537 20629 61228 61245 8787 3494 40644 537 9255 8816 227 5328 172 985 27504 594 278 203 59599 154 61228 61245 8787 3494 40644 1166 61228 61218 3089 61206 28 3730 91 225 83 418 149 61233 225 968 1316 19 110 110 515 61223 10341 2822 12 7604 278 59 127 858 12117 61212 170 61212 1311 227 439 1166 61233 47456 517 156 205 83 273 576 61216
115 61228 4615 2805 11 1064 24 30372 3602 516 61277 455 4404
1642 5 3668 61206 2373 61228 61246 61283 46 9312 155 61277 819 61214 156 43558 4175 4 1496 61277 455 1825 1517 2798 2984 29397 303 5 3668 37575 1316 42203 44467 439 1616 188 83 968 61216
6630 365 59 1825 19615 61233 221 46723 301 1166 61233 7590 1129 61216
201 61251 471 9636 1166 61246 4073 4175 61223 26808 1219 505 188 32895 1316 528 844 528 860 529 20629 61233 38095 4404 21023 199 124 6407 19615 61228 61245 8787 3494 40644 156 1424 75 529 1166 61228 8945 8524 61223 155 61228 5756 61301 278 1197 32895 258 844 528 860 61223 91 61206 61228 61299 203 1219 20629 1804 2666 61309 59 1129 155 61228 61234 4683 304 61206 798
201 61298 61215 199 61211 113 15146 1064 143 14761 258 425 61228 24 14757 83 143 576 1166 61220 143 27126 576 529 61223 5818 515 6011 380 14992 1964 61203 7367 83 2798 8 959 8 188 11685 798
288 1311 1825 303 348 2798 37791 13896 7110 380 6407 91 348 27126 30 1597 1964 61203 10326 61226 3140 60 283 528 1179 4309 60 1280 61216
201 10719 30372 3602 149 61228 2161 110 1944 399 10341 9386 61227 607 227 439 2984 5372 1825 115 61228 24 348 27126 30 1597 537 19 88 18848 28 3730 2984 24569 2984 77 59157 2984 77 59157 1166 61228 61218 3089 61206 61223 31 10121 113 529 1064 24 145 83 273 890 2984 845 2069 115 61228 2161 110 798
201 61229 61228 1471 50 91 221 5 890 537 19 29627 7604 61223 48380 2633 61220 88 418 10341 386 61217 61226 959 61223 1166 8807 959 1614 1136 115 65 225 1845 25268 1316 65 225 1845 25268 1316 642 4753 362 642 4753 362 642 4753 61223 10341 386 32263 2984 29397 2984 29397 2984 845 142 968 1530 399 278 127 61217 61226 97 529 61223 1964 61203 7028 232 959 303 225 1845 25268 362 36 203 24964 1166 838 91 76 61217 61226 959 1709
201 61298 61215 273 529 258 3668 61206 4 5249 594 28 3730 156 348 27126 30 594 505 232 1028 61223 505 9255 6 281 61223 155 7608 61277 455 4404 2758 61233 276 17273 61207 61223 10341 845 439 7843 2822 88 1179 28 184 2430 1369 1316 528 528 959 798
148 19521 1136 505 232 15926 1316 7590 1129 2758 61228 61245 21 59830 110 1540 1216 93 9164 61207 61314 61265 61282 1018 36645 91 3591 316 3591 316 142 63 61228 61210 145 83 2798 61228 61210 145 83 2798 537 188 33724 950 61216
201 61229 61228 61314 81 110 61228 61239 19832 61228 23419 61314 3598 115 61228 61245 8787 3494 40644 93 61206 61228 61217 2107 2531 110 2373 8763 61311 769 115 61228 1028 61233 232 439 7624 2822 83 273 19 7604 115 61228 61239 19832 61228 23419 61314 3598 115 881 273 576 42 50772 115 61228 1432 61311 16995 61228 61259 11093 61223 115 61228 61254 8681 61206 61223 115 61228 8945 8524 61216
201 8379 203 29777 2607 61227 2798 61223 1403 11318 61332 115 881 83 143 10093 1316 188 83 959 115 61228 61245 8787 3494 40644 1166 9636 1740 61301 60513 9360 1616 88 6 258 273 348 227 5328 126 1782 1219 115 881 273 145 439 1316 14757 59961 61216 201
201 61298 1045 36365 278 83 2761 278 83 2761 278 35 515 1018 110 515 154 61233 50 39 301 93 61251 5340 61265 4 881 845 299 1825 1263 61221 14302 8340 154 61233 449 61223 41254 7164 7624 418 5249 3965 2228 581 425 13870 19 7604 28 3730 2984 581 203 3802 15146 2566 184 88 1594 3802 968 2566 184 2430 1369 42 184 2430 1369 42 184 2430 1369 66 61277 4209 39 7604 1166 61228 3918 61228 18682 798
201 61229 1253 1939 61206 156 225 170 113 36159 301 653 159 13870 19 18848 1185 2430 1369 42 696 61211 2391 24648 61228 16601 1028 56026 3210 46 9312 7843 41502 2069 19615 61228 2590 75 1597 61223 155 1041 132 4774 6 505 36 61212 4185 5759 61282 6172 6172 6011 9 4404 15894 74 1845 19 2391 1166 22181 61339 8342 303 61225 348 27126 30 4404 3158 11727 91 9 4404 149 61228 837 27313 564 2653 61339 11727 115 61228 2590 124 156 313 6 517 1316 196 44056 61233 7604 1166 7608 1280 156 696 1028 3158 155 19694 2984 365 113 1825 303 5 3668 37575 798
201 61298 61215 85 890 1018 1839 31910 2822 83 3965 46 1839 1166 61228 21834 1559 184 2430 1369 61223 156 1283 40323 33815 28 3730 10341 386 61217 61226 959 2566 225 188 756 968 1316 3668 61206 41254 7164 7624 365 1179 28 3730 1263 9672 2391 154 61233 529 61216 201
201 61229 868 3668 37575 692 39 860 28 3730 2984 19521 1136 505 14757 30902 21023 41502 4180 1825 1316 14757 59961 46 9312 155 7608 1280 505 14749 21023 581 273 348 1179 1316 4015 968 2984 24569 505 14757 232 3901 39 301 1316 14757 1337 2566 225 232 2430 301 93 19 276 418 61223 2984 199 62 999 4116 46 9312 7843 199 63 399 61265 12117 61212 1136 1166 16200 34738 61256 278 127 4015 93 2804 61332 9360 93 61229 1028 15970 61287
34646 2176 104 83 17273 61207 61223 60 61277 20809 29 29397 1964 61203 60 283 2069 303 5 3668 37575 4378 1361 5204 184 2430 1369 5832 418 61216 201
201 61247 61228 6156 61212 4295 61223 2068 6040 61223 278 1197 32895 1166 61228 61245 1896 168 91 36 61217 145 1597 126 1308 13520 59 301 1064 24 88 1594 6 1166 61228 61237 1229 18435 61216 201
201 61298 480 5249 4180 15146 2566 45014 66 881 528 61220 273 529 27370 170 61212 170 58390 303 348 5149 7624 581 1044 66 492 46 6805 492 29 29397 60 517 60 517 46 8681 537 6033 18848 537 528 528 39 1369 61223 258 9312 505 529 1616 170 3867 124 959 29 29397 2984 2604 60916 91 348 4990 890 1709
1803 9312 126 59 10121 83 4015 529 20629 61233 348 2798 1316 232 2430 1369 61216
32 61228 61286 10533 4049 115 61228 61247 1835 50 61 362 22980 154 61228 61219 142 11181
201 61229 61228 795 391 7624 299 14302 2362 46 858 1804 183 7057 115 881 30902 1166 61233 36 950 258 59 127 61217 950 258 59 127 858 1336 41734 46 9312 155 61228 143 83 61226 143 299 439 47363 59 127 61217 61226 959 155 61220 203 24964 61223 20629 5249 4180 4404 1316 14757 18258 362 188 301 28 2688 9 950 810 3395 13520 46 9312 10923 143 83 199 950 258 59 127 858 1166 1804 43307 2906
201 22502 71 576 258 71 827 46 9312 10923 225 528 142 170 4015 1316 14757 232 860 1316 14757 59961 5281 61220 85 276 6 396 29 29397 9629 959 10326 61226 3140 46125 505 232 61211 576 1316 65 85 1369 61223 1316 65 61222 3965 258 614 5 950 61223 505 232 2430 1369 1316 145 142 23676 529 41421 155 7608 61277 88 4015 61223 28 3730 505 225 83 2761 729 1316 528 142 23676 529 46 29397 201
201 61247 532 61226 8681 115 61228 61245 8787 3494 40644 5878 88 4015 968 20337 63 61223 303 5 3668 37575 42 6805 22181 115 61277 170 1825 2984 29397 172 940 61211 113 7604 46 9312 7843 2822 940 61211 3965 2566 6286 61277 22527 61223 46 614 950 115 61228 2161 113 4163 48380 2228 581 203 24964 2607 25952 115 61228 61239 61274 2031 155 61228 61246 16486 1709
201 61289 529 5249 170 2761 729 2228 199 61211 113 529 1166 8763 61242 1166 8763 61242 1064 143 83 273 19 1708 1316 76 61277 348 227 439 1316 348 227 529 9629 273 2080 156 184 2430 1369 156 184 2430 1369 156 184 2430 1369 1316 14757 83 968 61223 2984 124 15146 1064 74 348 4597 2984 24569 1263 61221 2761 2984 24569 1263 61221 14302 113 2391 4309 1263 61221 14302 113 2391 154 61228 18682 126 59 7334 113 2391 31 8681 2098 61325 278 147 2881 61214 93 369 858 6773 769 1064 858 362 14757 113 1825 1064 2004 1119 810 61228 2949 61309 12993 61287
201 61289 50772 61223 2519 61211 26143 303 5 3668 37575 42 6805 22181 61223 28 6805 5249 4180 1825 1785 729 31 110 88 3802 529 7843 581 83 2761 968 7843 581 83 2761 968 7843 124 61221 14302 8340 7624 491 13870 1179 2228 124 61221 439 2566 225 14757 83 273 19 227 439 41254 7164 42 6805 61277 170 58390 362 110 29627 7604 19615 7608 61212 170 61212 529 46 6805 5249 4180 1825 9629 61221 17273 61207 61228 868 3668 37575 358 36 6407 9372 5249 2069 27 25764 27 1929 283 113 7604 61339 156 225 170 61212 299 113 2362 10341 29397 303 5 3668 37575 1316 60916 156 225 170 61212 1136 798
201 61298 480 61212 1028 1109 110 5090 227 439 1166 61228 2031 22621 1681 61223 45 1939 61206 61226 227 2761 2373 61228 2031 22621 1681 61223 45 1939 61206 61226 227 2761 2373 61228 61246 61283 46 9312 155 1041 61228 881 2982 1316 276 1594 6 333 1316 348 1179 303 5 3668 37575 1316 221 44300 7604 692 39 301 155 61228 61283 61283 155 7608 1280 505 14757 30902 61223 12368 418 505 14757 30902 1316 348 299 113 529 1166 3510 2984 19521 1136 303 5 3668 37575 7843 199 36 6407 7843 199 36 6407 8685 1311 113 2391 7624 380 9 1825 798
201 61229 61228 61229 1041 61220 14 25764 245 61228 5193 60310 42 696 1028 31 2004 1119 278 127 858 169 7602 61227 529 20629 61228 61245 8787 3494 40644 362 188 301 155 7608 1219 245 61233 188 32895 1316 348 227 529 1166 61233 225 188 756 968 1166 61233 6014 61228 881 25694 61223 91 36 10007 18258 46 9312 155 881 59961 1109 710 24964 521 225 9715 734 1166 5812 149 61228 61245 41011 3350 29 29397 155 7608 61233 7590 1129 21023 2822 756 1825 521 225 9715 500 47591 836 4625 61579
201 61229 61228 1939 61214 245 61228 2161 110 212 46702 59961 19615 61228 61215 50 2119 61217 1965 2373 61228 22857 2107 438 12 39 301 155 61228 2024 132 850 1316 10121 299 439 1166 61228 227 1848 61212 529 61216 32 61228 2161 110 6 333 115 4059 132 61221 529 1064 24 348 299 18848 245 61228 61219 133 67 12368 418 91 348 227 968 1614 1136 303 276 289 5 890 42 696 4185 1219 93 61246 769 115 61228 61247 61265 46 9312 155 61220 696 1028 93 61239 44196
201 61234 2907 3668 61206 278 273 273 1939 61206 46 9312 2188 273 59 127 273 1597 258 83 14302 2687 1263 31528 36308 48022 8 42203 44467 439 61216
498 36256 505 33540 22990 1316 145 75 529 156 30372 2069 115 61228 16601 1028 155 61228 61245 8787 3494 1804 2906
1677 15926 212 1782 61233 6407 115 61228 61245 2107 2531 110 2373 61228 61239 61274 2031 46 9312 155 61228 61245 17973 110 2373 61233 642 1775 61206 61228 61210 985 2761 115 517 61277 170 1825 2984 29397 115 61228 61245 2107 2531 110 1316 26676 18274 529 1166 61228 61239 61274 2031 4 5249 1311 227 439 9629 61221 418 61228 61210 224 19 61216
245 115 881 62 418 653 10007 22563 537 985 83 2798
116 45014 7624 1775 3057 654 9629 959 25805 46936 9372 61273 21743 301 212 1552 61277 113 1825 40734 6827 59157 115 1752 4645 171 10341 710 197 3802 860 7843 845 75 968 4309 505 529 529 156 594 1488 838 46 9312 61216
201 61251 61218 170 845 142 51234 61223 115 61228 3463 61220 104 19408 9629 61222 1219 9629 959 6011 1839 303 225 19401 2913 203 49574 19615 24257 303 225 1845 25268 61223 29 29397 2694 203 49574 2566 74 188 32895 66 881 83 959 1709
148 1851 61224 1851 505 188 756 968 500 2811 7057 28 425 61233 12432 156 8087 505 232 1028 156 7604 1616 528 528 860 41254 7164 7624 710 6 12887 58859 221 576 149 61233 225 348 2798 61216 4584 5 5249 2391 156 184 2430 1369 36309 369 61217 273 1708 1064 696 1028 42 6805 61277 88 968 10341 110 88 1594 3802 968 1166 61246 39 301 16995 61228 61246 39 751 61216
201 22502 14761 126 3901 14757 30902 115 881 83 273 1597 1316 14757 59961 1316 14757 59961 1316 14757 232 7604 1316 14757 83 59 1825 115 61228 61245 8787 3494 1804 3137 1316 145 142 83 968 46 365 710 515 28 3730 2984 365 59 365 59 3965 61223 9629 959 60 61273 21743 301 28 1229 38984 32434 418 61216 201
201 61289 61226 59 3210 61223 505 33540 22990 2758 61228 837 1629 23524 21023 710 59157 115 61228 16601 1028 1616 22 3802 529 1064 696 29629 7186 365 1179 537 196 607 17337 439 1709
201 10719 50 94 1825 6011 1839 1964 5 5249 4180 1597 61228 61233 188 756 968 1166 2262 55846 858 10341 110 3591 19615 61233 36 61217 9715 21023 2822 756 1825 19615 61233 188 756 968 61282 2984 386 32263 91 221 124 1576 14550 2822 756 1825 362 36 860 155 5249 4180 4404 7186 710 59157 46 9312 155 7608 270 1316 188 756 1825 1316 188 756 19 7604 61223 1166 22181 1166 14857 61206 1316 940 61211 113 529 1064 28664 798
201 61247 480 43212 1369 2984 845 845 299 1825 19615 61228 61212 1311 85 1179 28 3730 1263 19 449 61223 505 14749 1316 1283 5 950 1316 4015 968 10341 710 14302 113 1369 61223 9372 418 5249 26142 61223 1263 61221 418 789 46 9312 155 61228 61251 5340 61228 3394 10519 5938 1166 61228 6859 110 418 798
32 838 61233 62 27504 1825 91 348 27126 30 1597 14550 380 9 1825 303 5 3668 37575 13627 299 18848 155 61220 143 3089 61206 7186 24569 53689 25268 1166 61228 7367 170 61212 170 2761 692 39 301 7843 710 3802 1369 2566 74 3668 37575 42 8087 46 9312 7843 41502 4180 1825 505 47432 4404 2758 61228 837 1629 10455 61216
4584 221 5 890 2373 61233 9715 5135 5281 5249 2069 115 61228 61260 221 62 1316 324 4175 9372 5249 1179 9372 61277 2362 2984 710 6 12887 46 9312 7843 491 13870 1179 1166 61277 819 61214 362 7561 860 245 61228 61245 8787 3494 1804 2906
8379 170 529 61233 348 299 4404 1316 188 35 39 860 61223 505 529 46125 505 348 273 529 156 348 4160 594 1064 374 104 1219 46 9312 61223 45 1219 245 7608 61212 4185 5759 1316 273 348 273 968 5281 61277 170 1597 529 1166 61246 39 751 61223 16995 61228 61239 8094 642 950 61223 115 61228 6156 4927 950 61223 1166 61299 30 65 950 61223 1166 61228 8945 563 66 61277 142 61211 5328 61223 1166 61228 5348 61298 61216
201 29648 61226 386 380 12 1825 1021 348 1839 10341 110 1937 515 61223 1007 143 1179 2984 29397 278 26952 4778 48998 60 283 1311 1825 278 26952 1166 1280 61216 201
201 61298 61233 184 827 27 1234 61233 576 46 9312 10923 225 348 4529 156 10121 10121 860 10923 14757 59961 156 225 14757 232 3901 2391 5281 61220 170 581 61207 1041 156 6805 61277 232 3901 1179 1316 14757 30902 61223 1166 42492 968 7843 2822 1918 798
201 61229 881 30902 245 5249 12432 42 696 29629 24648 61228 61217 2107 2531 110 61223 91 19 819 61214 12368 418 8 751 61228 61239 61274 2031 61223 72 16486 46 9312 155 7608 1280 505 10121 299 37575 2373 61228 61209 237 66 607 17337 439 1709
4584 14757 83 59 4404 156 4342 6 683 61207 156 614 558 33815 10341 77 55604 968 19615 61228 1467 94 37 59 75 93 94 37 1592 1371 860 647
201 335 1219 245 61233 225 14757 83 10007 30902 1316 14757 59961 1316 14757 59961 1316 196 44056 61233 7604 156 196 607 17337 439 1166 61246 39 751 61282 10341 529 2011 5 3668 37575 7624 380 273 15146 44757 1234 11994 30 39 7604 2373 8763 3161 115 61228 6730 7894 66 5249 170 1597 529 1166 61228 143 143 299 113 529 1166 6522 61249 61350 29 29397 115 881 845 142 6407 10341 380 30 968 19615 61233 145 142 2391 42 696 1028 93 61212 4175 245 61228 11574 12525 61265 47179 19615 7608 1280 115 881 30902 245 3510 61265 115 6522 61325 12993
335 1219 362 1283 950 245 61228 61245 8787 3494 40644 258 205 203 49574 19615 40644 258 71 36 6407 9372 61212 710 25764 14149 8372 28 3730 9372 61222 1119 16995 61228 6032 61229 93 61206 7909 647
770 47432 2391 61223 91 348 1311 1597 799 7334 2688 1597 172 221 1179 278 7334 85 1708 537 3591 1166 61228 11369 85 39 751 93 61221 581 5090 6407 2984 386 61226 2902 1263 369 61207 1041 31910 581 1044 10341 2822 83 273 968 2566 74 348 5149 1964 61203 6011 285 9372 61220 143 1136 9372 61222 1119 2984 199 61211 827 1263 61213 61211 576 9372 881 1337 647 61287
201 61251 471 61228 61245 8787 3494 1804 3137 12613 61247 46 9312 155 61228 61274 11701 2373 61228 61274 50556 61260 595 581 594 2984 113 581 1825 115 61228 1835 1629 1720 61212 1136 38758 60 9708 2362 115 61228 61245 8787 3494 40644 1166 61220 143 27126 30 18848 61223 29 29397 31 871 16 43814 524 5249 1179 505 232 15926 42 871 1007 456 61204 1709
6630 380 27126 827 19615 61228 61245 17973 110 774 40512 93 61245 8787 3494 1804 8335 61282 115 61228 61245 8787 3494 1804 61311 61282 1263 43814 20 374 299 14302 113 1825 537 19 1205 289 61233 15146 1064 24 14351 4175 14550 41502 2069 46 9312 7843 710 14302 113 2362 19615 61228 61274 746 30 35791 47 3947 43817 818 209
1642 14757 46936 653 14757 124 439 66 881 142 51234 46 9312 155 61233 232 85 1369 156 8087 61223 14405 61212 170 58390 9372 881 104 61277 2362 9372 61222 11685 61223 2984 199 61211 827 2228 25871 61223 505 14757 30902 21023 386 32263 505 36 950 46 9312 46 9312 155 7608 5249 2391 1316 14757 1337 1166 61233 14757 46936 1166 61233 14757 46936 1166 61233 14757 46936 19615 61233 232 1028 61216 96 7607 2362 19615 61233 188 756 968 505 188 756 968 61223 115 61228 5193 60310 2984 491 31581 505 594 13870 4404 1316 188 756 1825 1316 221 44467 439 1316 221 44467 439 1064 8087 505 65 76 61217 145 19 7604 20629 2653 278 1197 756 1597 258 1197 32895 258 1197 756 1825 28 6805 61277 7140 968 28 1229 38984 258 1197 756 23676 12 7604 1964 61203 28 1229 6 396 9372 881 113 1825 1263 61277 143 3965 61216
116 41 9672 2391 20 871 31 642 642 968 2984 386 32263 115 881 83 950 29163 881 83 576 258 425 61228 61289 30 188 605 61216
201 61251 205 1044 2607 61227 2798 61223 60 1804 2811 810 8763 2589 45 61212 4185 5759 2984 199 199 61211 113 15146 1263 30347 1166 1263 30347 60 61277 8816 227 529 1166 61228 61293 6248
201 61298 61215 41004 2798 154 61228 61299 20372 31 985 2761 529 61223 27375 41 45876 2984 199 61211 827 19615 61228 61251 15682 1109 110 418 15894 858 61228 61239 94 61209 5868 4664 155 61228 16661 56475 20404 5105 61216
201 61298 61221 845 2069 115 61228 10 1013 532 61223 27 999 61226 6286 23 970 61217 61226 4075 149 31581 115 61228 61218 1369 1720 61212 38079 26143 1064 143 14761 86 61228 11369 85 563 258 7334 113 529 86 61228 11369 85 890 16995 61228 61299 113 3209 26176 798
201 61251 471 40644 1166 61299 113 656 61223 60 61228 3396 61350 505 188 32895 1316 196 44056 61233 7604 156 10121 26143 44757 909 968 19615 61233 225 348 2798 61223 10341 2822 12 6407 28 6805 909 968 19615 61233 225 529 1316 188 756 61211 1369 37579 1804 11498 46 9312 10923 143 194 576 529 156 184 2430 1369 1316 642 4753 362 642 4753 362 642 4753 61216
201 10719 76 61217 348 642 2047 2984 29397 1616 76 61217 10596 33815 1166 7608 61277 7906 1316 22980 149 61228 61239 61251 1955 2456 40861 2984 29397 156 16983 1064 227 61212 1136 61223 10341 3867 46936 42685 4160 1825 303 5 3668 37575 362 42203 44467 439 93 61229 2907 59 844 1597 2373 61228 61215 4075 3510 17910 61287
201 61229 61228 1752 175 860 2913 425 61228 55 2718 92 871 239 21 9664 365 63 425 61223 91 47432 2391 1042 311 61233 1179 2984 77 6 2940 1825 537 18169 1041 529 1166 61228 7 1241 36 91 594 13870 4404 537 5 311 61233 959 245 3510 245 3510 245 61228 1067 61251 688 15925 425 66 4840 2687 396 61216 1111 1280 2373 61233 14757 7906 1316 324 4175 42 696 1028 42 696 1028 42 696 1028 115 61228 2161 110 798
201 61298 369 203 29777 46 6805 5249 75 968 9372 61220 5697 2643 61211 4180 4404 1109 110 515 28 3730 1263 61221 14302 8340 61228 59 273 348 4990 439 774 40512 16995 61228 1535 85 39 1369 61223 258 83 2761 9629 959 60 58754 594 2984 29397 278 83 2761 27 7608 61233 50 1424 968 258 614 5 61233 6407 537 88 38984 28 3730 27909 61277 22527 156 298 4015 529 20337 63 61223 1316 14757 46936 1185 2430 1369 156 696 61211 2391 1109 581 1197 32895 529 93 299 199 827 61223 9372 881 83 515 61223 2984 199 61211 2391 15894 74 7298 83 871 61223 37791 22563 19615 7608 1280 28145
148 19521 1136 115 61228 61245 8787 3494 61228 61311 1316 1283 5 950 1316 221 46936 2984 199 380 2362 505 5 61277 5 61277 348 1179 1316 19 227 439 653 1929 283 18848 19615 61228 61245 8787 3494 40644 4309 9372 61233 940 61211 113 529 61216
201 61247 61221 529 61228 8945 8524 61223 1007 143 3965 505 61203 5249 83 2798 28 1229 38984 20 1229 38984 154 61212 1229 38984 258 143 143 143 1179 278 127 48337 258 205 203 29777 61223 46 9312 258 425 61228 369 203 6 517 61223 258 14761 258 5764 88 418 61223 258 14761 258 203 515 61223 258 35 39 301 1720 61212 1136 1720 124 4919 4015 61216
201 61229 61228 61246 16486 61228 23419 61314 66 7298 83 827 7838 30347 61223 2984 61212 642 968 278 592 5 2688 418 61228 61210 6014 20629 61228 61215 10007 22563 20 74 10007 22563 19615 61228 135 59 1150 798
201 15581 36 10007 22563 19615 61228 61245 8787 3494 40644 66 61277 8816 227 1369 1166 61228 61211 6962 114 1616 273 968 2566 225 225 225 1335 1316 225 2018 39 1369 1316 225 273 968 798
201 61289 61226 858 22934 11549 61301 258 143 4160 529 1166 6594 61245 61223 57830 801 1442 61256 93 2804 61332 9360 258 6781 21743 950 2011 5 3668 37575 692 39 301 253 881 83 273 19 7604 798
201 20662 14757 46936 7624 110 88 38984 17604 14761 258 85 642 439 4 5249 1708 529 44757 61277 59 439 61223 5818 515 2984 365 14757 1825 19615 61233 14757 124 860 1316 14757 124 7604 1166 7608 1280 505 76 61277 232 439 798
201 61289 3483 2607 61227 2798 61223 172 36147 380 12 1825 2228 61226 59 3210 4309 6011 380 14992 1964 19 47432 4404 8 751 303 5 3668 37575 537 7561 860 9372 61222 1119 19615 61233 374 10044 2687 396 1559 184 2430 1369 28 3730 1263 61224 36 25088 31910 199 36 19 301 19615 61233 374 299 113 2391 156 75 20167 15894 24 4345 61207 1709
54866 3668 61206 2373 7608 270 1316 36 425 13870 19 7604 156 10121 4180 1825 2984 199 2069 278 10007 30902 154 61228 14182 1629 860 61300 18469 9970 425 93 61245 13192 647
201 61298 61215 61221 14302 8340 2228 418 28664 692 301 10923 36 61273 4383 1316 142 83 845 75 968 505 35557 1316 528 528 528 529 48380 1166 61225 113 529 61223 505 188 756 968 1316 3668 61206 156 594 13870 594 1166 61233 188 4383 46125 505 36 61273 4383 1316 6935 7604 798
201 61298 480 5249 39 860 91 940 1028 245 61233 225 145 61214 8831 24326 2335 50126 61325 9360 156 2688 9 1825 115 881 30902 362 14757 59961 28 3730 91 14757 7906 516 61218 61277 455 4404 1709
201 25656 127 10007 22563 505 348 227 439 7485 6 93 59 127 48337 31910 710 14302 2362 61265 156 188 83 968 32908 3210 61223 29 29397 27370 273 594 13870 19 6407 2984 29397 2984 299 20167 9372 61222 11685 10341 110 29627 7604 505 88 3089 61206 1316 143 227 529 505 35557 12368 418 505 5 2688 61212 2798 1316 7561 61206 529 1614 1136 1709
32 61228 45477 20681 4006 132 282 25990 1197 2707 39 6407 44757 61277 455 439 2607 61207 46 1851 61228 20681 4006 132 282 16995 61228 61246 39 751 61216
201 61247 305 12 1369 19615 61228 61245 1896 168 2984 124 74 1179 505 188 32895 21023 380 30 827 653 492 7110 3483 505 88 6 6164 156 6286 61277 6 517 1964 61203 2984 199 61211 113 1179 2566 65 14857 61207 61228 369 61214 61223 1263 18233 4175 154 61228 61229 283 4295 18760 1179 201 19 2525 2913 110 1937 515 155 61228 194 576 529 61282 8 225 75 20167 1064 74 14757 46936 1316 65 1157 1316 65 7604 653 34633 7110 3483 9670 871 115 61228 61245 1896 168 1709
201 61239 3372 515 1064 24 225 6014 61223 23 1439 456 61204 61223 1964 61203 60 283 1311 1179 303 348 2798 1709
201 61229 881 30902 245 61233 14757 30902 93 61264 61300 61251 61265 3158 595 30308 15146 93 61264 61300 61251 61265 3158 4309 2373 1157 61223 91 76 61226 6528 968 61287
148 581 5090 6407 2984 199 61211 827 2607 170 1729 607 227 439 2984 77 59157 278 7334 2982 9629 25972 1708 28 3730 40734 43212 1369 58859 143 2391 362 30372 4180 1597 529 9629 273 4404 1964 61203 505 14757 83 273 19 2391 61216
37577 4049 31 113 36159 968 2984 199 61211 113 1825 505 225 83 2761 529 2758 61228 1067 61251 126 46702 59961 2373 61228 1067 61251 212 61277 143 2391 1166 61228 1067 61251 61215 37579 61220 83 3802 7604 61216
201 61251 471 30335 1052 4049 61223 278 127 273 273 529 4 529 61233 529 156 425 61228 9812 156 425 13870 594 9372 909 968 19615 61233 225 76 61217 273 1708 61223 1166 2653 505 188 756 424 37579 5812 61311 1316 221 576 529 505 225 348 2798 13627 299 18848 29163 5249 143 39478 155 61228 8364 505 188 2982 12368 418 9372 909 968 19615 1041 61277 871 61216 201
1619 83 6408 517 154 61228 61274 11701 2373 61228 61274 50556 61260 1007 61212 3965 1166 61225 348 27126 30 1825 60 61228 61225 348 27126 2798 42 425 61228 305 1119 154 61228 16601 1028 4 61277 871 2984 299 3057 654 1166 61233 14757 83 4015 1316 14757 83 59 5759 2758 61228 5019 3946 61216
1064 225 1424 46936 91 47456 517
335 1219 91 940 1028 537 348 27126 30 7604 537 348 27126 30 7604 9629 273 348 2798 1018 3668 61206 9629 35 88 38984 61223 1021 19 88 38984 5878 5 61233 6407 9372 61222 4209 1179 10341 380 27126 30 7604 61223 29 29397 303 14757 46936 1616 222 299 113 1179 10341 199 61211 827 46 29397 2984 29397 1316 36 203 24964 156 225 5090 968 798
201 61289 529 7608 1280 505 232 15926 61223 7186 4049 27370 4116 42 36 5090 8365 10341 386 61217 61226 827 61223 28 3730 22383 10007 83 273 19 18848 537 38095 439 1964 61203 302 3802 1825 505 1361 21023 581 1044 595 581 439 1709
201 10719 145 12432 61282 86 211 94 21 59830 110 118 93 61217 17973 110 23 222 5 61223 1571 27710 110 2325 713 112 61245 8980 769 1571 59830 110 2325 713 84 61289 61298 2939 1571 27710 110 4110 5 61223 1571 2448 110 233 556 69 61228 61210 224 19 21917 146 3917 63 84 61289 61298 2898 1571 1136 110 233 556 69 61228 61210 224 19 141 411 37 84 61289 61298 3137 1571 30075 110 258 61212 104 4059 529 1166 61228 61239 19832 61228 23419 61314 61223 58 19832 61228 23419 61314 769 1571 30075 110 61228 61210 224 19 61228 61210 224 19 30953 30668 158 19 84 61289 61298 2953 1571 51681 110 258 61212 18274 12 1825 115 61228 61254 61289 61298 2953 1571 51681 110 66 61228 61254 33 471 61212 10455 93 61247 125 23419 61314 61265 61287
201 29648 61226 10121 2362 2984 199 63 396 2566 18549 3668 37575 42 871 61233 225 348 273 4404 1316 65 10007 25694 61223 505 5 5249 4180 4404 1316 14757 59961 1316 14757 59961 1166 42492 968 1166 61273 7140 968 1064 24 1361 537 36 4015 968 537 36 4015 968 61223 155 61228 281 7843 581 203 29777 7110 581 1044 16995 61228 6032 61229 61223 27375 24 76 858 61223 28 1229 24964 1166 42492 968 1166 132 4774 6 505 225 2018 61207 156 8087 91 14757 124 14757 46936 238 2653 149 61220 4015 968 27375 24 76 858 1709
32 61228 5193 60310 91 143 301 303 5 61277 143 2391 126 1552 1804 46 2594 88 38984 61282
29 29397 191 7604 505 14757 83 59 4404 1316 44 36159 7604 2607 59 203 29777 58859 348 2798 5832 418 61236
35240 61273 21743 301 1064 28664 1064 2688 61212 2798 1064 2688 61212 2798 28 3730 91 9255 8816 2525
32 517 5249 273 17337 439 2984 29397 60 283 845 113 15146 7110 380 30901 303 5 3668 37575 42 143 205 844 528 968 20629 61228 61274 11701 2373 61228 61274 50556 61260 505 61203 5249 1825 2984 581 5090 6407 258 14761 258 205 844 528 1179 115 61228 61245 8787 3494 40644 2636 10007 8272 1263 61224 581 8340 10341 581 4015 968 61216
201 155 61534 9016 61247 2984 386 32263 115 881 83 950 29163 61221 14302 8340 27 6827 3802 959 1166 61228 61245 30 188 1550 1496 61223 1064 143 1136 1166 8807 6407 2984 29397 258 425 61228 61245 30 188 605 258 35 276 197 3802 529 278 1197 455 61206 154 881 83 273 576 172 3591 2566 184 4116 2373 61228 881 83 4015 29163 881 22563 61216 201
6630 380 9 1825 2228 529 18351 439 2984 845 2069 2984 491 13870 15146 19615 7608 5249 2391 1316 22980 20629 5812 1316 273 348 273 1597 529 61216
201 22502 14761 258 127 61277 348 959 2984 845 845 299 1825 20629 61228 61245 8787 3494 40644 154 61228 2161 110 46 9312 155 7608 61277 232 10007 3965 1316 14351 4175 156 184 827 253 5249 2391 15894 8087 2643 61211 2391 15894 8087 362 14757 365 1699 301 28 3730 115 881 30902 91 225 528 142 2391 537 36 3901 59961 27375 24 88 4160 59 301 61223 115 61228 135 276 197 515 61223 115 61228 724 61219 2850 4483 61223 115 61228 61210 221 1129 7624 710 21743 301 7843 199 61211 2362 7843 110 1371 61214 61216 201
201 61264 2907 1280 27 283 75 83 827 1166 61228 61245 21 59830 110 256 1216 93 9164 61207 61314 61265
201 61298 61233 940 63 559 156 940 1311 594 46 2362 61223 29 29397 505 1216 225 83 2798 156 313 3802 529 1614 1136 61216 201
201 61229 881 30902 245 61233 14757 83 143 10093 1316 188 83 959 115 61228 61245 8787 3494 40644 1316 47432 1825 115 881 30902 362 14757 59961 28 3730 1263 61221 14302 8340 31910 581 61207 1041 1166 1041 61277 10596 968 1166 61233 9715 1166 61233 188 756 968 1166 61228 61247 63 1350 93 7052 61332 1166 61228 8337 61332 1166 8337 2980 23288 9360 28 3730 505 76 273 22 1594 3802 968 47179 19615 61228 6032 61229 26733 13539 1166 1804 19069 2980 25215 9360 46 1851 61233 225 2018 61207 1616 88 418 358 36 5328 9372 61212 710 3802 959 1878 11318 61332 1166 9636 1740 2589 6751 61350 647 61287
201 61251 61218 170 2822 12 7604 61223 505 348 827 1316 7590 1129 2758 61228 61245 21 59830 110 1616 940 61211 594 505 348 950 61282 115 61228 61245 21 59830 110 362 36 10007 22563 154 61228 61222 2083 110 14405 3591 115 61228 881 30902 362 36 4015 968 37791 59961 2566 187 858 245 61228 61247 4615 25 61212 871 93 38964 61265 46 9312 155 61212 7610 418 1316 65 1929 283 18848 362 581 439 2373 61228 61225 4075 93 61208 1841 471 96 5457 2373 61228 135 252 61210 61265 1109 4015 968 37791 59961 19615 61228 61245 2107 2531 110 42 696 1028 93 25657 61293 1709
32 61228 1955 61239 2519 61211 113 594 303 19 7452 156 45014 7624 2822 83 968 19615 61228 61245 8787 3494 1804 2906
201 61251 471 61228 61246 2705 1328 2811 115 61228 1752 175 425 4378 14351 4175 149 61228 61239 19832 61228 23419 61314 3598 524 61277 273 968 27375 806 456 61204 1064 74 76 61217 348 642 2047 653 24 39 1369 798
34646 2643 61211 26143 1263 61213 61211 576 154 61222 85 1129 61223 1021 7561 12 4404 505 221 46936 258 203 38984 2984 845 2069 258 14761 258 10121 827 66 5249 30 1369 2566 20326 9372 5249 2069 28 3730 6011 380 227 968 2566 88 9290 139 1369 798
201 61271 581 47129 9372 61233 14757 83 273 15146 19615 7608 5249 2391 7485 418 21023 124 61222 1119 61223 1064 4726 60 1280 61233 1825 66 881 142 63 1709
201 61234 2907 35 88 418 1263 5249 2069 154 61228 2161 110 28 3730 505 940 4185 5759 1316 940 25246 1369 61223 28 3730 156 30372 2069 46 845 845 299 1597 529 798
208 61228 1067 61251 66 61228 61283 61251 66 881 232 10007 232 529 1064 24 221 124 61211 2391 8 16983 1064 124 85 2391 154 61228 2161 110 212 1782 7604 61216
201 61298 283 374 4404 1166 61225 124 61221 1597 61223 278 127 858 46 9312 7843 983 1311 1825 1616 194 576 529 61223 1166 529 61233 529 1316 528 528 860 61216 201
201 61229 61219 6 12887 46 9312 28 45014 42 696 1028 1109 85 5 85 890 42 696 1028 31 3591 61228 61245 4183 47 41716 32130 64 29964 2222 47 3192 61210 26497 18435 61223 155 7608 5249 4180 4404 1316 348 299 1179 1064 28664 61287
894 10 61277 2362 1263 18233 2798 20 50772 1166 61228 61274 11701 154 61228 61274 50556 61260 38758 15295 2069 45 1219 245 61233 14757 46936 1316 76 61217 61226 959 93 61293 11701 61265 46 9312 155 61228 127 858 82 4209 959 1166 61233 36 950 93 19 47456 517 682 61282 2906 54947
201 61298 61221 386 15126 968 2984 845 2069 10341 110 1937 515 19615 61233 324 9 1179 245 61228 61245 8787 3494 40644 2984 19521 2688 1825 2984 386 32263 362 110 29627 7604 1021 19 47432 4404 537 145 299 439 37791 22563 2566 10 1939 61206 61226 227 2761 4378 44 61226 227 2761 61216 201
201 61264 2907 1280 2984 199 61211 827 27909 61277 6 13708 529 60 61246 656 1166 61271 28742 145 32658 61216
90 61277 1337 19615 61228 61251 15682 2519 61211 113 594 2984 3413 27504 15146 1166 61228 61314 5348 61298 3494 40644 1263 41004 576 154 61228 61298 61205 147 157 20372 61216
201 61251 471 24257 1166 61246 844 3483 61223 1064 203 49574 19615 1041 61228 8914 61350 505 188 756 968 149 5249 143 10093 156 528 528 3802 529 20629 61228 194 576 529 61223 20629 22934 61312 505 348 827 91 348 2798 61216
201 61298 61221 104 170 20167 2984 77 59157 278 83 6 517 278 23072 4 5249 3004 1597 529 93 19 47432 2391 91 61206 61228 61221 2761 1496 1166 61228 61245 1311 108 471 46 9312 4778 48998 115 61228 61289 1311 108 471 1166 61246 39 751 769 48380 1007 203 3802 594 2984 29397 191 1308 61226 227 968 2566 88 4603 139 1369 28 3730 2984 113 147 63 396 505 83 418 7485 418 46982 19615 61233 7590 1129 798
4584 221 61210 10579 1316 3668 61206 42 5697 10341 491 31581 278 127 61217 273 19 301 155 61228 61254 5019 61210 155 7608 1280 278 1197 83 273 19 1179 1316 22980 2984 845 1311 1825 115 61228 61245 8787 3494 1804 2906
6630 380 9 15146 19615 61228 61274 11701 2373 61228 61274 50556 61260 155 61228 27040 61247 31 298 273 968 27375 24 88 12030 2391 516 881 83 273 2391 1166 61228 61301 93 61229 881 30902 26226 61208 3668 37575 61265 42 696 1028 7173 42 425 18038 61216
14702 61228 61245 17973 110 4 132 61221 1939 529 115 61228 2161 110 66 61228 1067 61251 10341 113 2362 91 348 27126 30 1597 8 6805 61277 203 26654 61216
4584 221 5 890 27 5249 75 18848 258 205 10007 22563 46 9312 155 61286 10533 4049 1316 940 1311 1825 1166 61233 14757 232 1369 258 273 76 4015 3510 1316 348 227 439 20629 61228 61245 8787 3494 40644 537 14757 30902 156 594 13870 594 505 30372 2391 1316 38095 1825 10341 110 1937 6 789 505 225 7561 12 1597 10341 110 515 10341 110 3591 2566 74 14757 46936 2373 61233 14757 46936 2758 61233 14757 273 19 2391 1316 7590 890 156 184 4116 61216
498 858 2984 24569 46 614 950 1964 61203 2984 386 61217 10596 1825 278 26952 37791 13896 7110 3483 60 283 528 1179 91 348 27126 30 1597 61216
201 61234 2907 61227 607 607 227 439 2984 199 61211 113 1825 1263 61233 576 2566 188 37 656 61223 1064 83 418 1064 83 418 61228 399 1263 5249 2069 358 36 6407 2984 845 2069 2984 29397 115 61228 366 4883 317 28 3730 27 5249 143 4529 19615 61233 188 756 113 529 156 16983 156 36 59 127 607 17337 439 798
201 37577 4049 14405 418 2984 386 61217 61226 827 258 205 844 528 968 20629 7608 1280 61223 55383 6011 1839 2566 74 940 424 278 23072 28 3730 278 26952 278 844 142 32658 20629 61233 940 1028 7843 386 61226 2902 505 30372 4180 4404 798
201 61229 61228 61237 92 61215 316 10 529 1263 61277 12432 10341 529 61233 529 42 2688 2047 42 6805 61251 113 61226 10007 8340 2373 61251 113 61226 10007 8340 28 3730 61223 46982 19615 7608 1280 505 232 143 2391 1185 2430 1369 1709
201 61254 1311 1825 303 348 2798 91 348 2798 537 19 940 2881 1041 46 9312 4778 19 940 2881 1041 61223 1964 61203 60 61222 24 6 399 10341 110 1205 289 61233 15146 1064 24 298 4015 1109 110 19 439 1709
201 61251 1782 559 42 6805 61228 1752 175 425 1720 61212 1311 17337 439 42 43558 19521 19521 2362 61223 1263 5249 4116 46 9312 7843 41502 4180 1825 505 221 124 654 505 221 124 959 2984 386 32263 16995 61228 184 235 22 294 28 3730 9372 61273 21743 301 2228 110 455 19 439 20629 61228 2161 110 20629 61228 819 1739 1200 124 439 61216 8379 970 1044 9629 83 4160 2139 27 6408 39 7604 61223 115 61228 2161 110 515 115 881 845 75 968 29 29397 115 61228 1782 41 85 19 959 16995 61228 61217 2300 163 3824 74 798
128 61277 142 1825 505 36 61273 2391 21023 41502 4180 1825 1517 11069 61233 225 2018 61207 1316 221 46936 2984 386 61226 2902 115 61228 16601 1028 61216
201 61251 205 83 59579 2798 61223 505 75 581 11137 2391 15894 529 505 170 2822 1119 303 61277 4169 8340 7624 710 55604 968 1753 61221 14302 8340 154 61233 47456 517 46 9312 7843 41502 3591 19615 61233 38095 11137 2391 21023 710 55604 968 19615 7608 270 1316 225 14757 83 959 9629 959 156 225 14757 83 59 1825 16995 61228 7367 170 3089 61206 529 1709
32 61228 61245 21 59830 110 47 87 1491 93 15616 61314 61265 91 3591 278 1197 30902 1166 61228 61213 232 24
770 594 13870 4404 149 61228 61283 7149 172 1205 289 61233 15146 2984 113 36159 301 19615 61233 232 29974 156 696 1028 66 61228 61239 3150 17289 9372 61226 386 61226 2902 9372 881 6014 61228 881 142 968 19615 61228 2627 139 1369 10341 845 46936 1263 159 54640 46 9312 10923 143 273 273 273 273 273 968 4309 2984 47312 1337 2566 45014 66 61277 2604 61206 529 61216
201 61229 61228 2161 110 91 47432 1825 60 61228 6953 61350 155 61228 61217 2107 2531 110 47 17 233 79 2590 280 61223 1064 83 418 61228 399 11854 127 127 607 227 439 2984 845 2069 2228 110 3591 19615 61228 135 564 61228 61210 224 19 29 29397 798
32 61228 61251 2136 28637 172 145 845 299 439 115 61228 61219 31904 30668 1316 14757 124 439 115 61228 61245 8787 3494 40644 28 3730 5878 35 113 30 5328 61216
201 61229 61228 61260 24587 2735 91 985 515 60 61228 61237 65 1978 511 61223 1263 61219 38984 17052 61233 22568 154 61228 61293 48659 61223 2984 29397 201 61206 61228 61293 48659 3092 61211 827 908 184 8340 537 42203 44467 439 1166 5249 4180 15146 19615 61228 61219 7607 8340 13627 110 18848 1109 19521 4175 61287 29 29397 201 61470 61203 61468 369 83 418 505 14757 30902 61223 115 61228 61293 48659 9629 959 115 881 124 959 798
1803 9312 258 425 13870 4404 258 3965 1007 61212 3965 2228 380 27126 30 1825 115 61228 61239 184 16681 12368 418 258 14761 2636 273 273 594 505 14757 83 59 4404 156 8087 38758 316 7452 258 24 4075 2984 299 4160 1179 505 5 61277 143 2391 20629 61228 61245 8787 3494 1804 2906
201 61229 5249 2391 20668 418 362 14351 1136 2694 1197 299 15146 19661 1129 1064 24 88 6 517 61223 48380 6013 9708 124 517 303 5 3668 37575 4378 14351 2798 28 3730 44153 38984 9629 959 115 132 61221 959 9372 61222 4209 1179 32908 3210 798
201 10719 188 83 273 968 149 61228 61259 11093 11854 27126 827 1166 61233 36256 27 5249 54576 61223 46 9312 2228 45876 91 61206 61228 11369 85 563 537 14351 2688 1369 61216
201 61298 61215 273 529 258 3668 61206 278 1197 756 529 61223 10797 61228 83 25076 2188 83 25076 4 5249 1708 1263 9672 2391 31910 380 227 968 1720 61212 4529 1316 14757 124 959 9372 909 968 19615 61233 348 425 18038 46125 1316 9715 61277 36 51234 1709
201 37577 4049 1166 61220 1197 301 9629 127 858 31644 221 124 517 1041 90 61311 2898 1316 225 170 1845 221 18274 26143 17604 19521 4175 627 19521 4175 61282 2519 61211 113 529 1064 74 61225 2861 1720 61212 2982 529 537 38095 11137 529 10341 42982 439 38758 1064 24 14757 7906 537 76 61217 61226 959 1709
201 48780 61203 5249 83 2798 1316 14757 124 61221 860 9372 5249 4180 1825 258 14761 627 19521 4175 61223 505 276 3802 1708 1316 324 2688 1597 1316 324 2688 4404 61223 156 94 642 968 1166 5249 61226 36256 9372 132 61221 1939 968 19615 61228 2161 110 1709
201 34646 1166 8807 959 9372 881 1337 61223 1523 309 2984 386 32263 6011 1839 627 386 15126 950 19615 3598 278 147 424 20215 278 147 424 61265 155 7608 1280 798
6630 581 143 27126 30 1825 1263 61221 14302 113 2391 27 6827 3802 1369 2694 8098 61277 113 529 37791 22563 2566 10 5249 4180 4404 7624 581 1197 12 1825 4309 303 5 3668 37575 66 5249 30 529 4309 1263 5249 2069 60 517 789 303 5 3668 37575 42 50772 692 39 301 28 3730 42 1963 83 2761 729 42 313 38984 61216
201 61229 61228 2590 374 834 2694 143 311 789 303 10117 3668 37575 4378 14351 1136 537 196 607 17337 439 61223 29 29397 505 5 1939 61206 61226 227 2761 156 6286 61277 61226 227 439 2636 844 374 1179 1263 283 1311 4404 20 6805 5249 4180 1825 303 5 3668 37575 2913 7334 1136 9372 61273 21743 301 28 2688 85 1179 46 9312 2011 14757 46936 37582 61277 455 4404 1709
1642 61225 113 2362 537 5 32306 13708 529 14405 1205 289 61233 15146 45 1939 61206 61226 227 2761 2373 140 11701 140 50556 61260 61228 27040 61247 42 6805 44989 19615 61228 61245 8787 3494 40644 42 6805 61277 30 968 61216
201 61298 369 203 29777 61223 1523 75 75 968 2984 581 5090 6407 2984 845 2069 1530 399 245 7608 1280 1166 61228 517 7367 170 61212 282 2373 61228 837 1629 1597 38758 7028 61226 1825 2984 52717 1709
32 61228 61251 1001 10723 4774 5652 32457 16 1825 45 5249 4180 4404 41254 7164 2373 61228 61245 8787 3494 40644
29 29397 115 61228 61219 980 39 42 696 1311 1825 14405 110 1179 91 985 515 5832 418 61236
201 20662 33540 22990 156 225 374 386 374 23676 529 20629 61228 651 505 33540 22990 1316 76 61277 348 227 529 1166 61228 61219 142 74 1369 56299 1064 6528 5328 61265 1166 61228 5 5249 4180 4404 1109 113 36159 7604 61282 815 2574 61339 500 278 147 2881 61214 61223 500 41734 278 147 424 61223 1676 11980 61312 29 29397 28 3730 18 49574 61216 201
5218 5 2688 2047 2636 7334 113 1825 4309 1263 5249 2391 154 61228 27040 61247 1616 4345 61204 505 33540 22990 1316 36 203 24964 61216
201 61298 61215 273 2080 27 44989 1166 8945 85 563 155 61228 6156 4927 950 115 7298 594 2984 29397 278 10007 30902 31910 581 85 276 59157 91 348 27126 30 1597 149 61228 61245 8787 3494 40644 172 188 4383 529 278 127 10007 22563 31644 145 83 273 2391 126 46702 59961 61223 48380 1980 36600 303 5 3668 37575 692 39 301 155 881 30902 1316 14757 83 273 39 860 28 425 13870 7604 19615 61228 61246 39 751 61228 61246 39 751 1166 61228 61245 8787 3494 40644 5878 83 576 968 61216
201 61298 369 30 19004 126 1308 6872 61350 2373 61233 940 61211 2391 156 14757 30902 505 14757 83 59 4404 1316 14757 50 19 7604 61223 2228 45876 2636 170 61212 170 61212 170 58390 1263 61218 10007 273 2391 1709
201 20662 14757 46936 2373 61228 61205 62 108 383 22 3456 249 245 61233 225 14757 232 1369 156 36 147 1311 19 301 155 7608 270 1316 33 61211 113 950 1316 221 845 113 529 1166 7608 270 1316 36 203 197 6 683 61207 61223 1316 324 37 3802 18848 21023 386 61217 10596 1825 1316 196 44056 61233 15146 1166 22181 798
201 61289 529 61233 76 61217 273 1597 537 221 18274 273 529 93 12130 970 9998 91 940 1028 61228 940 1028 61228 61221 418 9737 88 2761 769 278 127 858 2373 61228 18682 61228 5019 1316 940 1311 1825 2566 225 14351 4175 1316 940 61211 113 529 20629 61228 61245 8787 3494 40644 31 985 27504 1825 2984 29397 1195 13870 15146 1064 74 76 61217 273 19 2391 537 221 18274 273 529 2984 845 528 1179 115 61228 61245 8787 3494 40644 798
201 61229 899 61277 12432 1042 311 5524 529 1064 124 61218 61277 273 4404 154 61228 61224 840 61206 9372 61222 2707 58390 1166 3186 278 147 2881 61214 278 147 2881 61206 20 6805 61277 3802 1179 2984 199 348 301 155 61228 61219 142 6286 61216 201
14702 61228 61245 21 59830 110 2636 170 7602 7164 505 61228 61219 31904 2004 93 61208 3730 115 61228 61219 31904 30668 1316 9715 61277 455 439 1064 28664 28 3730 505 61228 61219 31904 2004 2373 61228 61224 4837 890 1316 14351 439 61265 155 61228 61224 2107 135 6028 93 61208 3730 27 2262 135 449 2373 61228 2161 110 61277 455 439 28 3730 505 348 61212 12432 2373 61228 61224 551 145 890 1316 14351 439 647
