1667 21195 1359 1393 7069 61223 245 140 50556 61260 140 11701 7276 22 1021 25573 25550 577 6048 106 31 61231 61288 26260 2625 32246 1776 106 4494 106 7694 686 890 3930 2472 61224 21839 373 14156 21 7352 61223 3037 10534 61225 919 238 8456 106 4494 106 463 16072 106 24930 61216 2699
1667 29461 36746 10052 61 5334 36746 26641 139 106 238 481 282 373 106 31 61231 6156 60855 61223 3037 447 61 215 61231 44 34286 2277 1021 3761 7089 448 1901 71 280 162 2128 24 373 448 2158 22761 106 56225 61223 42 22722 61223 5460 22336 61223 245 47947 46529 106 11650 7 61223 3165 3594 54 1680 9248 2226 622 11282 61223 3165 1901 71 105 627 10464 61217 952 50761 11062 448 31 24644 61223 3165 1901 71 105 26 38133 2361 871 26 38133 2361 871 61223 31 61231 39179 327 60917 47695 5 871 50761 11062 373 238 29 2861 92 61223 595 34286 191 56225 52934 61288 106 1901 71 105 2800 106 7612 212 33978 453 73 8787 3494 1804 2906 2699
1084 318 30464 61223 31 61231 39417 106 31 61231 5193 60310 4 48852 61288 1021 15095 12662 25573 7750 372 24 1172 245 14269 13 61231 61288 6462 24 38552 6048 373 448 13982 61540 1277 5754 1036 61216
2125 28 61231 61220 4 1196 13 61231 185 291 2277 38976 97 158 31 61231 7231 104 3025 1227 13966 61216
35663 85 11 13 61231 19466 8046 448 310 3087 2277 16736 10 81 245 1626 224 106 58629 448 4718 3707 1439 373 13 61231 61288 61225 3929 245 70 135 7902 585 448 6000 212 8622 139 106 793 19051 373 13 61231 10 30438 11 106 914 24 11096 8283 61216
1667 5218 26 20566 2093 453 140 50556 61260 140 11701 373 1021 4793 1036 106 5108 453 686 890 1359 9508 31 61231 10152 204 106 11841 212 36913 427 238 6006 26260 22648 53081 20017 106 416 1061 7143 2231 3930 390 1393 7069 61216 2699
1667 73 1179 1227 68 191 33048 1511 42592 40254 1172 1021 13982 61540 1277 14685 804 92 1036 3037 5573 61223 212 30280 61223 26185 106 28346 9261 13 61231 2084 919 312 441 20766 1268 449 1061 31 61231 61288 49572 61216 116 706 106 238 38552 37 314 448 603 6462 24 61223 95 24875 8349 1043 58301 3165 8911 26005 453 2277 4449 441 448 13982 61540 1277 6006 1467 1036 212 33978 448 6713 1036 7089 31 61231 437 8610 106 1626 224 1061 31 61231 61288 49572 106 15614 1021 13982 61540 1277 27546 238 3684 15 3542 314 106 31 61231 61288 49572 61216 2699
1667 17134 899 61223 6202 155 16352 6515 39026 230 34598 61223 1602 139 1061 238 58453 61223 986 106 14269 1775 1185 56 985 24651 579 1439 526 160 1227 28899 4743 230 19623 3343 24 2277 27691 3929 238 31802 114 106 238 1901 71 105 61216 2699
1667 18440 106 14269 1775 11019 61223 245 29899 106 307 1216 106 26607 8 61231 129 3684 61225 4653 61288 1061 3165 3 2226 39860 215 61231 2226 28 61231 129 1196 212 39860 106 8 61231 235 6979 423 13 61231 104 14269 504 5088 14269 106 3761 61223 373 595 34286 238 56119 3025 13 61231 143 10092 1562 245 6410 2890 245 50220 212 33978 106 31 61231 19569 951 106 15030 19960 797 61223 106 54101 39 106 2346 9864 2800 13 61231 20399 276 585 61216 201
5218 36746 106 1546 13045 6681 3280 5729 1061 4522 22067 61216
1667 5362 14257 1061 31 61231 4789 5046 20764 871 1172 1021 7449 13 61231 3806 577 585 106 14282 61282 72 20872 212 1379 448 25756 57210 1061 804 9418 31 61231 59155 5334 7449 13 61231 3806 577 585 106 14282 2277 1021 4718 3707 1439 61223 42 22722 1021 24930 1069 50 203 6048 2800 1021 24930 1069 50 203 6048 61223 2890 1021 20959 20401 31 61231 59155 5334 461 357 3087 1244 9248 3930 28 61231 129 60987 215 61231 61387 191 14269 2786 3025 106 24930 798
2246 12214 61233 61228 22571 1061 10538 36216 5133 373 27691 23447 1021 5409 61210 5455 23109 448 41040 61216
1667 5218 12681 2325 22 8283 5573 839 61206 1061 238 4401 11062 60644 106 10538 25756 212 8622 139 5334 43 16765 3565 106 155 1196 7033 8046 238 35618 4684 105 212 9804 427 10534 3542 314 2277 31 61231 528 20383 13 61231 1851 16426 27054 1244 9248 1359 798
1667 1084 3379 30464 61223 245 25394 453 19614 50821 4 38552 61288 26844 1021 603 6462 24 14860 9248 28982 61223 1021 19010 1036 373 1021 43479 5573 21047 38552 61288 61223 373 1021 6000 5573 816 2022 5334 30963 106 47159 106 238 58453 61216 2699
1667 51375 31 61231 61204 13547 11145 31 61231 14284 9248 951 106 238 35618 4684 105 84 61249 61251 61249 26429 6447 2094 106 15377 1021 25193 383 1511 992 27486 4911 3930 106 238 26607 50212 26262 106 31342 3165 37134 2062 8975 871 17047 106 3684 18271 106 238 35618 4684 105 61216 2699
1667 5218 6870 61540 41516 373 1021 11363 9261 448 23586 61228 55326 5573 8305 1143 61217 48130 13 61231 437 9418 245 885 61224 6279 585 5334 4718 3707 1439 106 238 48085 106 238 20825 61223 106 238 6006 23657 373 106 238 58861 802 314 61216 2699
116 61231 8577 67 61288 1025 28758 73 8787 3494 40644 485 25984 43198 61216
1667 754 4494 61223 238 33842 453 29899 106 16426 603 36754 61288 1025 1541 11062 2769 139 2277 238 37046 175 390 181 49763 448 25573 1172 238 8456 8 61231 129 21047 3684 61225 4653 3735 10863 495 61216 2699
201 8567 142 238 2231 1359 19052 61 1595 347 61223 31 436 61233 61228 424 373 1340 40780 3165 43198 61216 201
1667 19531 2277 61209 405 21047 23322 7 31 61231 10152 50 94 3025 106 31 61231 50456 106 10538 19960 50 23924 2800 14480 1216 61223 19197 427 12567 3644 2039 2979 61216 2699
1506 15370 14541 448 24997 850 13 61231 3806 577 585 1061 14282 373 23322 7 245 34978 13 61231 3806 577 585 448 4718 3707 1439 61282 16075 17680 11 1021 24997 850 13 61231 3806 577 585 106 14282 162 1641 528 585 7089 1021 6000 61216
201 19592 5736 449 4718 1839 5320 61214 3735 7089 12239 106 682 16 12662 7089 191 59565 9726 61288 453 73 8787 3494 40644 28 61231 61204 1196 3684 61225 23979 448 1292 24 106 58 19832 61228 61245 8787 40644 2890 245 43 5830 2800 1227 9982 61214 453 7855 106 12567 38829 61228 1829 61223 5474 2890 1021 603 25720 133 631 106 3655 282 453 7855 448 14110 38829 61228 1829 61205 1036 39294 10420 806 13 61231 139 22 7352 61223 42 22722 11249 61246 798
3382 42967 2284 4095 2979 7089 23781 105 1061 238 24382
1667 754 14269 1775 19960 97 1216 373 53179 3247 106 31 61231 437 22699 19960 797 61203 3675 2979 26262 155 1196 9624 855 677 806 427 1021 25573 49978 2769 9530 26262 9624 21518 6048 61216 2699
18440 14110 2757 61223 95 4 13718 61288 238 19176 21853 61228 1258 40 16681 453 9566 61216
1667 2895 9 245 500 30464 61223 238 306 710 192 448 4718 3707 1439 5754 1036 390 448 25756 27809 9175 212 27719 106 73 8787 3494 1804 3137 149 4530 61225 13359 212 481 282 1863 3379 61301 16072 61223 23322 139 245 19228 9 1863 21324 61309 16072 61223 19197 427 31 61382 61029 1863 19029 61309 16072 31729
1667 2125 34286 448 404 61214 1277 106 20290 599 106 238 1901 71 105 390 448 24930 20766 11804 61494 2252 61223 6644 427 31 61231 3054 184 564 106 914 24 35355 6681 25984 4718 3707 6048 61216 2699
201 61246 4466 2264 61210 21679 106 1340 158 3165 2231 1359 61223 373 155 4068 1161 61233 1196 238 2231 1359 35632 18158 485 3343 3735 1172 6202 798
116 61231 185 291 1172 238 13433 56763 453 13966 29644 8349 1043 58301 191 16 411 159 556 453 10923 2800 453 16 411 159 556 453 156 61288 556 7089 3165 43624 10713 60768 2890 1021 8764 1391 5566 2277 238 13433 56763 453 13966 61216
201 116 61231 12655 802 38976 264 594 13615 585 1021 23 664 61288 1694 61223 5474 595 155 25035 281 1196 5646 61288 1104 14 585 61223 595 485 32390 51909 106 16352 7 1021 2264 61210 16845 37313 1328 2039 24 61223 212 804 40276 238 5455 44803 106 33976 24300 106 238 435 556 61223 373 595 162 43241 23838 449 13 61231 1351 42830 3165 4672 25984 37533 61231 61387 31 61231 29718 28762 1946 46529 106 31 61231 12655 802 61216 201
1667 18440 106 14269 1775 11019 61223 15614 1021 38412 4 9248 383 373 1052 1216 5573 8305 3027 113 1036 61223 20017 12567 14269 5833 585 2786 3025 61203 61223 1021 39906 12662 38552 6048 61223 37489 7089 1021 26722 5754 6048 61216 2699
1667 2125 34286 21047 14110 10112 106 1571 12 8006 110 106 6581 383 93 9164 61207 61314 769 31 61231 104 448 132 1150 144 779 1359 3165 1901 71 105 27771 4836 453 643 22 453 11535 7 61228 94 800 61223 373 31 61231 41756 485 3165 1901 71 105 33923 53050 798
1667 1084 13966 58 19832 61228 23419 61314 3598 485 238 4426 453 73 8787 3494 40644 93 35132 9 194 81 110 778 61311 769 3165 1901 71 105 33923 53050 1230 37346 61223 3037 4 8305 38976 229 3735 2277 238 37682 26917 212 50078 778 3137 2890 238 8220 13 61231 61298 61212 4368 61223 84 8681 61223 212 481 282 61216 2699
1667 3440 68 428 230 106 36268 61223 118 9612 61332 448 500 1740 61301 60513 32751 3761 106 73 8787 3494 1804 3137 3037 28 61231 468 1196 8305 34 61494 18684 576 209 61223 5573 10996 61288 31 61231 31606 951 13 61231 556 26185 3165 1901 71 105 4279 3735 61216 2699
1667 1452 306 710 192 448 53097 19960 50 23924 52467 1150 93 61251 5340 61265 3280 327 919 1061 31 61231 61288 1161 61217 25984 1227 117 608 106 31 61231 4653 60802 61223 59329 47778 215 61231 3087 6681 20017 18066 38 6582 3930 2800 22396 19 29444 10863 5188 2890 245 50220 106 238 1901 71 105 26 1115 61223 155 42247 61 1196 5334 36216 5133 13 61231 185 4466 686 890 3930 106 238 16362 2096 61228 18682 798
201 1452 50510 1773 23322 68 31 61231 24315 1161 27676 3735 2890 245 29899 2769 139 106 16426 603 36754 61288 1025 1541 11062 1172 238 24566 10043 373 3165 4718 1839 3684 14666 230 5320 61214 3735 106 238 6006 1629 23524 1359 61339 18158 29644 12607 61277 37134 1439 61282 6172 16426 603 36754 61288 1025 1541 11062 106 31 61231 36434 19960 797 61203 3675 2979 61339 8342 16426 603 36754 61288 1025 1541 11062 13966 1541 11062 61339 31936 16426 603 36754 61288 1025 1541 11062 106 238 8456 6006 1629 23524 1359 61339 15291 238 6952 448 3761 509 1478 19 9530 61339 373 19694 238 29 2861 92 448 25573 61216 2699
5218 3995 61210 1863 106 3995 61210 106 1578 38982 106 1260 564 4151 3735 37533 61231 7352 42085 110 1885 7352 1863 5573 8305 47860 985 2800 4352 585 5535 21760 1036 2890 106 14269 1775 11019 212 33978 106 238 25078 726 23417 2800 448 3815 5984 3058 448 43 16765 3565 61216
1667 5218 25573 1172 31 61231 31606 951 2800 31 61231 19569 951 106 1901 71 280 162 2128 24 373 13 61231 21798 2158 22761 106 56225 685 5984 110 1172 1021 36746 29893 13 61231 16601 8402 33923 1391 5566 93 61217 30061 61387 61228 61213 61216 44646 3735 373 18982 20387 61265 5573 8305 59567 2277 801 1442 61256 93 2898 61332 32751 448 3761 93 61205 497 556 17910 2699
1667 2717 6202 28 61231 43133 1196 106 2180 980 61223 4718 199 17846 238 3979 373 55927 3901 13 61231 374 1159 81 448 38900 8695 24 1172 238 3979 448 59075 2890 15614 1021 1185 56 985 20401 6202 2177 4520 61233 24609 61216 2699
1667 13969 247 61204 1359 61223 1061 2068 6040 61223 1021 4718 3707 1439 106 31 61231 41882 963 3025 33263 168 5573 27735 383 61288 1227 26185 463 16072 106 10945 390 1393 7069 2890 245 22997 106 46404 61216 2699
1667 1084 20290 599 2890 238 38824 5754 3735 13405 21047 38221 61653 1562 448 22067 1061 31 61231 2066 3735 61282 504 6202 4718 17846 3684 14666 230 2890 3165 3 2226 38824 61223 2890 41794 11019 61223 6202 155 2277 6515 16285 1196 2346 366 10346 1172 191 28958 55111 61216 2699
87 61231 21798 4718 3707 1439 5573 59230 11145 238 26574 212 58762 106 914 24 25756 1227 23974 4136 61216
116 61231 39783 485 191 38829 603 13513 1773 106 35618 4684 105 61216
1667 1452 1107 20399 951 13 61231 61288 25720 133 5984 441 390 2600 7057 3761 19461 238 4494 52934 3735 2277 1021 30963 13154 61218 1036 106 1336 1061 1902 2843 373 20042 24 13154 61218 1036 106 5786 2843 373 4494 61223 373 238 4494 25078 726 61223 36563 1021 30963 13154 61218 1036 106 734 1061 463 2843 373 20042 24 106 1676 1061 4497 2843 93 61209 312 61216 39306 52 2351 647 2699
1667 5218 24930 13 61231 61624 471 13154 61218 6048 373 1021 24930 51604 448 1901 71 280 50761 24214 5320 61214 139 448 19773 1761 6681 1021 4494 3280 5729 1061 56225 373 30723 27691 3929 448 19773 1761 32246 139 191 5088 56225 61223 3 1150 427 1021 4 1478 285 8710 1260 564 1775 61223 1021 1268 6028 448 3792 1775 1595 2827 373 37489 448 9223 4210 1863 16285 1061 31 61231 29718 30838 448 6182 2399 180 106 238 31802 114 27236 106 31 61231 16601 1255 61216 2699
1667 24918 215 61231 44 28 61231 61220 4 1196 25984 38777 106 28796 312 3058 1172 245 73 8787 3494 1804 3137 37981 1021 25573 10629 30 5777 61223 595 485 1020 80 61288 427 245 13966 485 4494 13 1164 7 1775 373 1553 229 61288 390 13045 1061 31 61231 16601 1028 5697 244 2538 40669 373 26185 13 1164 7 1775 5474 4494 1553 229 564 1775 390 13045 1061 58 19832 373 72 16486 61216 2699
1667 2895 9 1021 25573 106 31 61231 49375 106 7638 1172 42733 10753 1418 2277 1021 19960 50 23924 603 5327 1036 1227 24445 448 5998 4466 686 890 3930 61223 1021 61114 212 6702 453 13622 139 51604 461 17425 15676 238 10629 1467 114 23603 448 5998 4466 3684 1623 280 106 238 16362 5135 8 61231 3054 13359 106 4920 61325 25600 2950 106 10945 93 1467 24445 106 6773 769 45928 139 1061 14719 27407 212 8760 46275 39 61216 2699
1667 2054 1025 42096 61223 26 61231 129 448 25573 359 4653 1959 8283 61223 373 31 61231 12 33909 4 8305 2786 3025 61203 390 1021 25573 336 132 9530 212 1546 3037 44527 238 7943 8911 312 2062 448 55036 1172 1021 8771 12662 106 238 26607 61223 24982 3735 390 3165 6705 3025 8911 312 2062 106 2757 373 448 1626 2950 1061 50054 81 448 40309 2277 1021 132 1150 595 485 51909 13 61231 7422 643 3025 1061 238 50861 19960 797 453 6410 61339 10538 21392 26262 2877 11 13 5509 427 1021 46986 25573 6681 70 61469 2232 61216 2699
1667 1009 4 13547 11145 427 11460 2305 1161 25035 281 10863 16287 7089 1021 25573 106 16426 603 36754 61288 1025 1541 11062 106 31 61231 2031 22621 1681 61223 1021 54746 7352 106 19960 97 1216 106 16426 373 106 19960 97 1216 25193 383 3037 43713 747 61 448 40309 25550 877 7821 1036 1172 1021 1901 71 280 24566 173 163 351 2761 3930 373 13 61231 21798 4718 1418 20401 448 5495 11521 1021 25573 1511 1946 61540 9161 5573 8305 11269 61211 6048 373 238 25885 3025 106 1286 13444 245 34978 106 16426 8111 61228 61215 12892 61216 2699
1667 116 61231 6602 4830 77 106 2005 5451 1359 106 31 61231 5193 60310 3175 12469 448 25573 1172 1021 4718 3707 1439 5754 1036 390 245 73 8787 3494 40644 61339 106 914 24 25573 2777 61 245 14269 4352 13 61231 3054 3707 1439 1108 61217 48130 2890 1021 32732 52014 13 61231 3806 577 585 10629 2024 150 61223 106 31 61231 3806 577 585 11004 30838 61223 4017 92 61223 1511 1946 46529 373 3371 5 521 61208 297 7352 106 31 61231 1955 61245 1863 106 734 1061 318 3350 19197 427 448 4718 3707 1439 13 61231 3806 577 585 2039 2979 11004 30838 373 11004 30838 521 61208 297 7352 106 31 61231 1955 61239 1863 106 500 1061 836 61468 11900
201 1452 10534 3542 314 453 13966 1172 448 8399 2119 577 24 46299 2107 24214 461 639 35978 11521 191 6136 6006 1467 61288 13 61231 4713 61211 1761 46299 2107 24214 61216 1452 10534 3542 314 2806 871 149 574 294 13 61231 1851 23 8747 63 17151 4075 1359 1172 51161 1021 575 614 61210 12581 49576 448 16 4684 2361 304 93 61246 769 1021 33394 5438 93 61247 61265 373 245 233 3477 93 61239 28145
1667 1282 36218 13 61231 1311 437 3247 373 15890 3087 5573 27691 21956 61288 245 15030 2039 2979 61223 373 41794 5573 1946 29527 585 26 185 61288 12567 2344 3025 61216 2699
51 411 1021 603 25720 133 631 70 61469 110 5573 8305 10338 1036 1061 238 24566 10043 373 1227 73 8787 3494 1804 2906
201 1084 835 868 603 1607 13430 106 31 61231 61288 6068 453 1571 12 8006 110 453 58 19832 373 448 1571 12 8006 110 106 238 1208 22 106 238 481 282 11513 427 1021 1571 12 8006 110 4279 1036 1227 58 19832 5573 1260 20495 3188 705 61288 6068 1829 390 1025 1021 55501 19 1529 1439 798
26 61231 129 36059 1227 13315 106 590 4755 2687 453 10636 61216
1667 1009 8 61231 1351 184 1061 1546 427 3165 3 2226 49081 356 61208 1243 448 36746 4494 10863 5188 427 1021 11019 2888 43360 34605 81 212 368 39206 191 56567 61216 2699
1667 1520 61288 28870 7082 61223 238 4151 3735 453 46182 106 20825 2277 31 61231 61288 49572 9631 61203 155 20190 1196 2346 13400 11 1328 3873 61223 5474 2277 31 61231 61288 49572 25193 15019 52 4088 3873 61216 2699
1111 33978 106 238 38552 37 314 448 603 6462 24 61223 1227 26185 500 651 183 13982 61540 1277 373 19623 1414 19178 26262 11841 2886 1061 191 51646 106 336 1359 106 58861 802 314 61216 5218 7449 13 61231 30 2234 114 793 75 8283 6681 238 14110 56153 14700 106 15724 175 22301 238 901 65 5334 23586 61228 55326 27546 245 5180 13 61231 437 9418 448 408 631 23125 8283 61216
1667 5218 24930 51604 448 1901 71 280 162 2128 24 51604 448 11804 61494 2252 106 73 8787 3494 1804 3137 42 22722 3165 31030 61288 795 314 52934 3735 61223 3165 26 437 2226 2800 3165 1080 24519 49538 61223 30723 8 61231 71 579 11 5646 61288 1104 14 585 1061 12567 19960 97 5 61216 2699
13969 31 61231 6 314 1230 37346 61223 1021 5998 4466 13966 1541 24214 2277 238 16426 603 36754 61288 1025 1541 11062 106 238 24566 10043 6681 12745 127 15110 390 238 42161 5326 106 23417 61216
201 16075 17680 11 238 4151 3735 448 575 22469 13 61231 2084 919 312 441 106 14282 212 25035 448 37478 5133 106 31 61231 2136 61207 61228 61209 2474 882 448 4718 3707 1439 61282 14200 97 158 1021 11930 180 813 19 2399 180 11269 61211 1036 37981 245 23974 13 61231 2136 61207 61228 61209 2474 882 448 4718 3707 1439 373 1021 5957 9261 41458 235 226 1829 171 3930 61223 212 47296 2277 1021 212 30228 3565 7089 31 61231 2308 4713 1124 20021 61216 201
1667 13121 2346 6804 106 31 61231 4653 60802 13 61231 104 14480 5 2800 13 61231 104 19960 50 578 61223 595 34286 191 14685 13 61231 10527 503 1172 238 23723 61223 238 15838 3025 61223 238 13832 235 5 61288 55490 373 245 41458 10519 18322 453 90 5340 36563 1021 1595 2827 798
1667 14982 10420 15658 1021 25573 1227 23974 2625 61223 9065 13982 143 223 61209 631 191 32066 1739 106 16426 61223 373 2277 191 5108 106 1626 224 7089 1021 19960 97 1216 30969 238 41276 106 19623 25573 373 238 37046 175 13 61231 61288 25720 133 631 106 238 13966 28758 373 106 238 6006 27313 105 61223 448 3694 281 7352 13 61231 25470 43467 18507 1036 61216 2699
1667 116 61231 3054 3477 5135 485 448 4718 15845 2892 61203 1310 61223 3520 6197 17523 31 61231 374 61227 5926 61222 485 106 40713 11 238 23723 373 31 61231 10152 50 94 3025 106 31 61231 50456 453 19960 50 578 1172 191 14269 3791 19 29444 52934 61288 106 3761 7089 245 73 8787 3494 40644 798
1667 18440 15614 1021 11019 61223 1061 31 61231 2308 27263 5518 871 61223 191 2757 4 8305 212 2218 15109 61288 61223 7089 245 14269 20942 30 106 2757 212 2218 15109 1036 5334 23586 61228 55326 61223 212 11715 15825 61223 212 22168 105 61223 212 773 4966 15825 61223 212 6748 61223 212 481 282 3604 40669 61223 212 9119 373 212 39798 61228 61267 928 15825 61216 2699
201 14982 622 56 5898 13615 585 1061 31 61231 6384 44 11460 14282 61223 11569 61233 61228 22571 427 6202 373 31 61231 41756 59196 6202 4718 184 17846 1061 31 61231 41756 1061 31 61231 41756 61216 201
1667 5218 24930 13154 61218 6048 373 1021 24930 51604 448 1901 71 280 50761 24214 6681 1021 6204 2474 4710 1021 4494 3280 61215 4210 1227 56225 106 6713 1036 29893 61223 37533 61231 61387 238 7612 61216 2699
1667 33746 1901 71 105 485 3165 3743 59777 106 1571 12 8006 110 61223 3165 51891 574 219 139 58 19832 61223 72 16486 373 60644 14118 9261 106 12430 67 30511 2979 61216 2699
14982 1020 7646 11 1021 11804 61494 2252 25078 726 230 239 21639 1036 61223 95 13405 7033 8046 245 390 94 3054 59 75 93 94 3054 59 282 647
1667 9199 14269 106 10538 1901 71 280 162 2128 24 6681 3475 12434 13524 110 6048 5334 23586 61228 55326 61282 37981 1021 25573 10996 6048 390 1021 3761 212 778 3161 238 1107 20399 951 106 47947 46529 59565 3735 36563 1021 20042 24 5334 23586 61228 55326 19461 106 13272 61249 20373 373 238 1107 20399 951 5326 19 3735 390 13154 471 448 1901 71 280 6074 164 1359 61228 61210 2549 3054 8283 93 61387 31 61231 2308 27263 106 238 3594 54 1680 9248 2226 622 11282 20766 13 61231 21798 1901 71 280 6074 164 1359 61228 61210 50030 24 61265 19461 106 13272 61325 417 212 778 2815 2699
1667 1009 4 10996 61288 191 42849 14269 106 3761 7089 73 8787 3494 40644 106 26185 106 644 2843 61223 3037 5573 8305 6735 19 1036 14149 8372 2800 34440 1036 2890 245 39456 106 238 49 61288 2860 105 13 61231 528 383 3025 93 4049 22 647 2699
1667 1149 35466 61223 238 306 710 192 448 945 2148 22761 5573 26 185 61288 106 8135 7 448 5574 1205 2277 1021 38412 106 238 481 282 5334 23586 61228 55326 93 61213 304 27691 3619 106 155 1196 149 2346 2515 15744 11 19681 1021 22067 373 106 155 1196 1602 11 448 508 9161 2177 139 1021 1578 38982 504 245 1529 61223 245 1529 61223 1227 37573 25551 5573 344 1594 61288 61223 22441 3027 113 61288 647 2699
1667 13121 24445 106 31 61231 55463 80 54 453 73 8787 3494 40644 12613 61247 373 245 140 50556 61260 61223 245 140 11701 4 13974 61288 238 16426 603 36754 61288 1025 1541 11062 2769 2062 1172 238 24566 10043 2277 12774 14257 238 13524 9081 453 73 8787 3494 40644 390 1025 1021 32881 61223 373 1546 33392 2899 4 8305 8058 61288 1172 11460 49081 61216 2699
201 3583 25 818 453 38829 1571 12 8006 110 93 61245 8787 3494 40644 3080 52841 2899 106 16426 603 36754 61288 1104 1541 11062 4718 184 564 27676 61288 390 245 14895 106 27721 373 106 16426 603 36754 61288 1025 1541 11062 106 31 61231 41882 963 3025 520 61220 871 448 19960 97 1216 106 238 32197 1359 40846 373 390 245 12706 106 238 26607 50212 106 31 61231 47717 2459 26168 201
1667 1452 3979 4 47778 3165 32879 4494 15112 1172 1021 30963 448 1414 19178 373 106 19623 1414 19178 37578 24561 19 6048 61223 986 595 4 38221 61653 1829 448 26 185 24 106 20825 61223 448 49201 106 58861 802 314 373 106 307 1216 448 30963 61223 19197 427 448 47794 5133 25160 24214 2277 1021 1414 19178 3037 28 61231 194 13359 1196 2888 28824 14257 61216 1111 1546 3037 44527 238 38552 37 314 448 32732 52014 13 61231 3806 577 585 61223 31 61231 5193 60310 4 42871 61288 13 61231 2084 333 7161 448 7449 13 61231 3806 577 585 106 14282 373 106 31 23396 448 7449 13 61231 6447 18644 2800 3542 24 373 448 19205 499 24 427 1021 603 6462 24 373 1021 212 30228 1439 2277 31062 7033 8046 2277 31 61231 4653 1959 11 7089 1021 13982 61540 1277 373 1061 5518 8046 1021 816 11506 453 34978 13 61231 3806 577 585 61216 2699
1452 45113 3815 5984 436 485 2346 11918 61209 3735 212 32031 106 1438 61288 1471 238 26607 448 16361 1439 106 31 61231 47543 106 4567 188 21 1817 61216
1667 29986 54737 61223 245 1072 3656 21922 245 8362 4836 106 238 4771 25513 373 106 238 26607 106 238 6748 4 9726 61288 245 2757 106 18058 453 13966 106 31 61231 40074 1061 31 61231 40074 3037 4 1887 32392 212 6748 798
201 1084 279 61214 157 20372 4 8305 3027 113 61288 61223 19197 215 61231 104 28958 279 61214 90 15682 3037 106 19675 149 32602 245 4303 17665 5460 23964 61209 5868 40826 373 2068 56475 20404 22574 61216 201
1667 14982 53093 245 29 1478 2234 61223 1021 9404 7821 3930 5573 27676 61288 245 26069 1817 1172 245 37573 1021 25573 5573 8305 48852 6048 390 1021 26 20566 2093 233 48245 212 26572 800 26176 2277 2346 11918 2452 238 1438 61288 425 3520 871 61216 2699
1667 157 110 132 61231 556 644 30464 61223 238 38552 37 314 448 603 6462 24 4 5754 61288 23963 13 61231 3054 3707 1439 2890 245 28899 774 800 61223 3 42143 427 2890 45968 11019 61223 106 914 24 25756 5573 8305 359 4210 1061 31 61231 61288 1161 16091 106 31 61231 56100 453 11019 61223 373 2890 1339 11019 52 1227 23974 4136 61223 10534 5841 139 836 3396 16072 13 61231 47912 1439 373 32246 1439 106 238 46503 159 61216 2699
1667 1009 10629 779 22 427 61223 2890 31 61231 8544 81 61223 46121 43467 524 6048 5334 46986 57986 57255 1955 2456 40861 13 5509 12567 603 10451 61223 1546 3037 39411 68 13 61231 10 23969 2452 1021 25573 37429 9175 93 12 2128 61203 7135 65 6447 164 428 17910 2699
1667 1084 575 614 1511 6938 92 61288 106 31 61231 2308 21 348 104 365 63 491 61223 390 35466 61223 26007 3165 26429 1102 59243 2979 106 238 4234 23512 212 239 4713 77 139 3165 25035 38959 40669 3037 28 61231 61204 1196 36563 245 140 13056 61228 60572 61 61228 7381 3939 1478 425 61216 116 61231 1851 448 9973 7947 3520 6197 453 12884 61203 855 3967 1061 238 60821 453 14703 237 13966 798
1667 6622 7 1021 5998 4466 25885 8283 2277 775 22595 31 61231 36995 13 61231 104 38829 14480 5 2800 13 61231 104 19960 50 578 2772 221 81 110 2890 1021 3733 686 890 3930 61223 1021 3653 22761 30723 686 2979 230 10996 11 29613 56119 3025 106 238 15838 3025 1061 1260 49504 2800 50761 11062 106 1546 19960 50 578 61223 42 22722 448 1256 1205 1172 1021 50340 3037 28 61231 468 1196 8305 2772 12957 23903 212 2218 15109 1036 93 61222 599 44 3025 61223 60821 61223 29899 5646 23290 2979 373 22336 647 2699
1667 2125 34286 14685 106 9364 61210 39411 139 106 11841 448 21392 6866 207 61217 9530 1172 238 6796 106 31 61231 16601 1255 73 8787 3494 40644 23603 106 238 18982 20387 11900
1667 1111 481 282 61223 595 42 4 1887 448 2757 20401 1021 4793 1036 13 61231 61212 23520 1150 5573 2130 110 61288 106 306 10346 448 56541 19446 61223 2800 56624 1021 32453 3054 8283 106 31 61231 2084 192 585 7053 110 5573 32197 47149 20766 10629 31342 1289 9407 61288 19623 1885 14 8283 61228 3054 61209 19446 61223 212 47296 1021 253 4523 61216 2699
72 16486 61228 23419 61314 4 1578 61288 2962 1021 41040 106 238 55501 19 1529 2062 390 31 61231 61 1664 594 13 61231 104 590 40655 816 61215 6447 164 428 1863 245 57 13435 3735 61216
18440 31 61231 33133 30520 61223 448 2757 106 8764 53050 9726 1036 73 8787 3494 40644 485 10996 61288 2890 1021 2683 56774 23322 139 238 8789 9567 61216
1667 116 61231 25470 1172 1021 1901 71 280 162 2128 24 28 61231 29849 60987 427 2277 801 1442 61256 93 2898 61332 32751 448 56164 11549 61301 2757 17523 245 73 10218 61245 4 8305 10996 61288 61216 2699
1667 1009 155 244 22 1196 25984 215 8709 6681 1021 1256 1205 1061 1260 49504 2277 1021 24930 8 2827 61223 5474 595 42 4 448 9726 503 427 41794 3761 8 61231 129 1901 3247 4 28590 61214 61288 238 5957 3025 106 12602 448 31 24644 61216 2699
1667 73 58766 61223 1230 54118 61223 9065 28 61231 194 631 1196 106 35009 7397 14807 230 427 31 61231 3855 92 106 11460 16426 603 36754 61288 1025 1541 11062 3175 12469 3791 19 29444 106 25573 2277 13982 143 14541 448 47287 280 4136 24 106 38976 2537 61223 373 427 238 10629 1467 114 5225 2474 4857 4836 453 13045 42247 5334 49953 106 31 61231 61288 1620 1359 106 31 61231 25470 61216 2699
201 19295 30457 575 614 61210 1511 6938 92 1036 8 61231 4653 1959 61 212 1579 139 191 12884 61203 6793 61228 25046 61288 282 3684 6393 1391 61228 18469 9970 425 93 13192 61245 28145
1667 5218 22067 1021 4494 19551 24 8 61231 3054 184 61 5334 4157 746 383 61223 3684 14666 230 4948 110 448 26722 5754 6048 61223 373 106 4494 212 4494 106 11019 8 61231 4713 8809 61 1061 11460 39860 390 13045 5334 774 17982 61216 2699
1667 1520 5509 13 61231 104 973 209 106 10538 3761 8831 27303 2335 54723 61325 32751 595 42 26126 61223 1227 26185 61223 3165 1901 71 105 162 2128 61203 2800 191 2158 15708 106 56225 61216 2699
1667 14829 306 1418 93 61219 224 16450 448 28433 106 16426 603 36754 61288 1025 1541 11062 61265 6681 1230 54118 3820 1036 61223 373 595 43833 1647 439 106 1021 2346 366 10346 13615 585 2890 1021 11269 405 20401 1021 2757 106 1901 71 105 149 59230 919 4494 1107 20399 74 230 61216 2699
201 61271 61231 15362 56 6982 20681 4006 135 282 485 4494 36260 142 564 5334 23586 61228 55326 427 238 34171 4006 135 282 798
1667 4951 5509 238 34973 106 20076 32732 24968 13 61231 3806 577 585 1172 238 25885 3025 106 238 21448 1021 4718 3707 1439 1061 238 58453 27546 1021 11347 3058 106 7937 74 3188 7089 245 31929 1061 238 20825 14804 2226 61223 245 16 2979 13 61231 6156 4383 4 461 43028 1061 29483 1667 25756 5646 61288 1104 730 373 344 6422 1227 23974 50762 30 1863 9065 19773 631 448 1256 1205 25160 24214 687 1068 850 1061 238 26638 106 238 38552 37 314 106 31 61231 41882 963 3025 33263 39 32969
1667 1111 61211 40646 61233 61228 424 61223 775 10 61469 139 453 6868 44454 831 125 4836 61223 82 3626 61233 61223 373 23838 449 58588 1021 2264 61210 61216 2699
1667 122 4 61228 61205 61228 44 1887 3165 31030 61288 795 314 52934 3735 93 15 61206 61300 24906 4776 3635 92 3735 93 15 61206 61300 24906 4776 504 2800 61206 61223 49144 7161 238 48085 2699
1667 116 61231 94 197 13 61231 104 5574 37 1061 191 2061 106 12767 2800 106 1626 224 13405 9624 3165 3 61624 1161 4494 12884 61203 427 31 61231 9290 1043 39 504 238 3979 22441 49538 373 51909 13 61231 65 1121 11 448 22067 61216 201
2125 162 43241 23838 449 106 945 61217 1068 8280 10538 5397 4713 2594 42592 14 23109 61228 7381 8283 839 61218 61288 482 3930 453 15135 61251 2890 1021 11649 61251 31287 23109 61228 7381 8283 10052 1439 61216
1667 1084 1686 30464 61223 1021 43 16765 3565 106 16757 11019 5573 3027 26621 61288 238 38552 37 314 448 603 6462 24 2800 5573 1521 212 1379 106 914 24 25756 61223 42 22722 10563 11019 3037 5573 38552 61288 1021 603 6462 24 1061 31 61231 61288 1161 16091 106 31 61231 56100 453 11019 61223 373 3149 11019 7089 3165 26574 212 1379 49639 106 914 24 25756 61216 2699
1667 5218 19960 97 1216 453 14895 106 27721 373 106 238 16426 603 36754 61288 1025 1541 11062 453 19032 59778 520 61220 871 106 238 32197 1359 40846 448 19960 97 1216 93 20071 61283 61260 140 11701 769 3037 4082 61 1061 31 61231 8577 67 4684 105 13966 1541 11062 46275 2226 390 24566 10043 61223 5573 775 1039 61288 238 359 594 13 61231 61288 25720 133 631 36563 1021 3761 51604 448 11804 61494 2252 106 1901 71 280 1553 229 105 5083 448 1083 280 33923 1391 5566 1553 12957 1310 61216 2699
279 6202 51610 61203 3165 4302
1667 17839 1597 61540 61215 585 61223 212 33978 106 238 28346 3025 2786 3025 61203 13 61231 185 291 2890 106 14269 5083 37478 5133 1227 24445 106 11460 41555 61223 11460 43624 13405 9624 353 6695 61224 3735 2890 245 6868 44454 448 2757 4494 5220 4421 61223 373 1021 36746 26262 2877 11 56624 31 61231 185 291 19052 184 68 4494 26293 61216 2699
1667 18440 41794 2757 61223 36268 13405 9624 52480 12003 61223 16285 504 6202 40610 212 26607 373 42247 139 5334 36216 5133 60949 3930 212 27719 13 61231 2066 3735 61216 2699
201 11715 61540 1565 61282 23488 61228 61217 21 9 194 81 110 118 93 61217 2107 194 81 110 448 23 164 3930 61223 1571 9 8006 110 1595 207 112 61245 8980 769 1571 12 8006 110 1595 207 84 61289 61298 2939 1571 12 8006 110 106 238 55501 19 61223 1571 12 8006 110 106 238 55501 19 1529 139 96 276 146 22730 110 84 61289 61298 2898 1571 12 8006 110 106 238 55501 19 140 411 747 110 84 61289 61298 3137 37612 33923 53050 15112 24982 61288 390 245 1571 12 8006 110 93 61239 19832 61228 23419 61314 61223 58 19832 61228 23419 61314 3598 769 1571 12 8006 110 106 238 55501 19 1529 139 46551 2004 61217 158 19 84 61289 61298 2953 37612 33923 53050 1061 54514 3025 144 1161 61228 129 24982 61288 390 245 1571 12 8006 110 118 93 61247 125 23419 61314 61265 61287
1667 14982 32602 22286 448 25573 336 132 9530 2890 10538 15953 359 4653 1959 8283 61223 1021 11269 405 5573 8305 603 5327 6048 106 44445 1061 1546 427 245 2346 5586 5 23344 106 238 2786 449 1553 60768 4 25157 1021 2757 9804 7089 191 4718 14 13 61231 61212 61494 61219 1988 2828 1511 3871 564 61223 9804 7089 191 653 366 16287 2890 245 39456 106 238 49 61288 2860 105 13 61231 528 383 3025 61223 215 61231 10 9804 427 2346 5586 5 23344 106 238 2786 449 11004 60768 28 61231 468 8305 27676 1036 427 448 2757 7089 3165 4842 105 3871 564 61216 2699
116 61231 5193 60310 4 526 127 61288 880 42871 503 2277 11460 41555 1296
373 6202 33089 39812 31 61231 104 448 11804 61494 2252 23322 1439 23603 106 238 3382 42967 2890 238 4755 2687 453 10636 61216
15978 7839 11062 2619 7089 31 61231 40074 7089 191 2757 39026 2800 9726 61288 61339
1667 1009 13405 33978 61208 497 230 1020 24484 427 31 61231 59 26764 17227 106 31 61231 25470 1172 1021 19012 23603 106 31 61231 71 10451 448 3761 1227 19032 59778 520 61220 871 24712 22 1061 47860 428 238 56119 3025 427 1021 24930 51604 191 16044 106 1901 71 105 106 73 8787 3494 1804 3137 149 2480 287 468 390 409 236 2890 245 42943 453 19960 97 5 61216 2699
1667 373 8910 61239 3494 1374 15881 427 2277 11672 81 238 26607 50212 373 804 9418 238 23723 2890 31 61231 56100 106 31 61231 47543 106 238 4567 188 21 1817 61223 82 61231 291 22660 38133 51909 2277 15614 1021 16361 1439 106 31 61231 47543 106 4567 188 21 1817 13 61231 1351 42830 31 61231 1351 2537 5334 30207 2277 31 61231 47543 106 238 26607 390 245 8362 4836 106 238 26607 61216 2699
1667 18440 245 28368 106 238 16426 603 36754 61288 1025 1541 11062 4718 184 564 61223 31 61231 50456 106 53097 19911 4 35011 8305 35779 132 3735 2277 33100 2757 17523 95 4 8305 10996 61288 61216 2699
1667 5218 24930 13154 61218 6048 373 1021 24930 51604 191 29899 5646 23290 2979 2318 291 2897 61288 2800 106 1901 71 280 50761 24214 61223 914 24 427 1021 1901 71 280 6074 164 3930 61228 61210 2549 3054 8283 61223 245 47947 46529 61223 31 61231 724 423 2417 105 61223 1021 1901 71 280 33923 1391 5566 50761 24214 373 245 14497 6681 1021 4494 3280 5729 1061 56225 13 61231 16601 1255 453 73 8787 3494 40644 373 106 29893 45114 61216 2699
201 393 1775 10112 106 1571 12 8006 110 106 6581 383 93 9164 61207 61314 3080 191 3189 144 779 1359 31 61231 61 1478 449 61223 31 61231 41756 52 1901 71 280 33923 1391 5566 798
201 13969 28652 61223 1021 35355 149 13524 110 61 13615 585 61223 373 245 4204 19960 797 485 2786 3025 61203 61216 201
1667 1084 2277 4449 441 106 3761 7089 73 8787 3494 1804 3137 51604 1887 1227 26185 3165 1901 71 105 162 2128 61203 2800 191 2158 15708 106 56225 61223 19461 11004 30838 390 1025 39708 17523 31 61231 61212 61494 61219 1988 2828 26126 8305 36216 61288 2890 245 39456 106 238 49 61288 2860 105 14689 188 93 7052 61332 1172 7739 2980 23288 417 769 373 39708 3037 942 13359 34094 13 61231 61212 61494 61219 1988 2828 20766 49 61288 2860 105 14689 188 26733 13539 1172 118 12636 2980 25215 417 61265 427 36563 39708 3037 28 61231 468 1196 8305 6735 19 1036 1878 9612 61332 1172 500 1740 2589 4063 417 647 2699
1667 2125 34286 21047 14110 10112 106 1571 12 8006 110 106 233 6267 730 61282 245 1571 12 8006 110 106 238 34 61494 175 144 779 1359 3165 37612 18918 61209 871 61228 94 347 61223 3871 564 11521 31 61231 61 21789 6204 30 37964 603 13513 4026 1359 93 38964 769 19197 215 61231 1851 42161 4494 44604 50986 4494 883 871 453 13966 93 61219 61216 239 4025 151 8646 36563 1021 233 61540 4681 769 3871 564 11521 1571 12 8006 110 44604 50986 106 238 233 223 93 61293 11701 647 2699
116 61231 1206 61298 4 48852 61288 448 34499 2277 1021 8764 1391 5566 1172 238 34603 106 16450 448 11497 1172 245 73 8787 3494 1804 2906
1111 30464 45419 2299 238 1438 61288 425 3520 871 453 13966 106 58 19832 61228 23419 61314 3598 4 8305 39144 105 11521 29179 61222 2277 31 61231 36995 448 19960 50 23924 1908 16601 229 25749 61216
1667 73 1179 485 9364 2277 427 61223 23603 132 61231 44 8789 15 36024 191 1578 6134 1553 229 61288 61223 1021 9398 9261 2888 43360 23322 7 3037 448 41040 39294 804 19 359 5509 61223 1021 1438 4635 2800 40217 1172 238 9829 37290 61216 2699
201 2125 32391 9624 359 21760 1061 1546 427 16168 8927 106 51746 26262 9624 4407 1036 61223 1172 61205 160 23603 132 61231 3087 4842 61 1061 31 61231 29718 30838 106 238 39906 4836 61216 201
1667 157 110 132 61231 61387 1546 215 61231 44 28 61231 2308 3967 1196 106 34603 5326 13 61231 42337 448 5998 4466 1172 238 13433 56763 2890 245 7855 453 13966 2800 31 61231 139 50 439 61223 6644 427 1021 5998 4466 149 4530 1607 2890 245 34978 13 61231 4653 60802 61216 201
1452 140 13056 26069 1829 55490 31287 188 61228 7381 2979 36260 333 132 3735 19052 61 191 14703 237 448 13966 20910 1439 61216
1667 5218 622 564 3087 8705 52963 373 1021 43479 26262 9624 38552 1036 61223 373 245 3995 2105 28 61231 129 1196 60987 61223 1172 61205 160 2890 1021 11019 5754 1036 61216 2699
3391 175 212 53834 373 3694 281 556 13 61231 25470 106 31 61231 41882 963 3025 106 3192 26497 18435 1172 1021 793 30194 12118 61288 1025 3930 373 245 18590 7089 448 8695 9261 212 14879 3684 39
1667 19531 34479 5320 61214 61288 3165 27721 9631 61203 1172 238 5623 106 25573 453 140 50556 61260 140 11701 2277 53093 245 14269 106 36746 106 31 61231 12 33909 20764 871 453 7855 373 448 28 297 7352 775 5555 36563 1021 20042 24 373 1021 30963 93 3243 61216 39306 52 54947 2699
1667 1111 4329 61223 238 8789 44657 175 2772 60768 448 2757 106 1901 71 105 73 8787 3494 40644 485 191 12313 1866 577 441 106 57922 2828 8384 347 106 1546 4204 54766 21 61288 106 16426 603 36754 61288 1025 1541 11062 2890 245 54746 556 2625 106 26607 61216 2699
201 87 61231 21798 279 1775 1838 7821 1036 2277 245 16 28249 61223 7495 54737 61223 5573 1887 32392 61223 11521 245 46983 90 18805 14995 61216 201
1667 19592 3 2226 34973 106 238 90 15682 4 8305 359 594 27546 427 245 10012 36424 11719 147 157 20372 4 3684 61225 23979 1021 36746 106 31 61231 185 291 1172 245 13966 73 8787 3494 40644 8 61231 129 3684 61225 23979 31287 23109 61216 2699
1667 157 110 132 61231 556 1328 30464 61223 238 38552 37 314 448 603 6462 24 4 10534 3542 4494 106 55200 448 13982 61540 1277 453 28899 61223 1546 3037 4 8305 56781 61288 1227 23974 2625 2890 1072 61312 11019 61216 2699
201 19592 28958 6077 485 13 61231 8317 158 14110 5574 1205 32333 61210 93 61219 61216 239 4025 191 5574 37 106 481 282 1227 22123 108 471 373 191 14110 56153 5574 37 106 22123 108 471 5334 23586 61228 55326 769 5474 307 1280 61233 42987 61 61282 6202 60953 2480 287 19681 238 9829 37290 373 16352 7 2277 1546 3444 17816 5047 441 61216 201
2125 485 5320 61214 61288 106 14269 1775 5998 4466 2277 31 61231 50456 106 19960 50 23924 22301 245 11167 61254 373 13 61231 21798 53097 2772 81 110 110 2277 245 50220 453 73 8787 3494 1804 2906
12613 61247 39144 22 238 16426 603 36754 61288 1025 1541 11062 453 140 50556 61260 140 11701 11521 1667 25756 106 4771 106 238 26607 2699 52482 1061 238 140 19399 1537 318 448 46149 1172 238 26607 93 9934 61209 23130 106 31 61231 25470 1172 245 6410 61265 212 23052
5218 1571 9 194 81 110 5573 191 43 33892 191 50 61494 4932 31287 188 61228 7381 2979 106 140 13056 61228 61245 61216
1667 18440 245 28368 448 5998 4466 7750 40867 1667 34007 25 3025 373 1029 4450 2024 1941 2699 23603 453 50220 448 3761 34 61494 18684 576 209 7089 3165 42161 13 314 73 8787 3494 1804 3137 95 8 61231 2084 20600 13 61231 1851 4205 2062 13974 1776 13 61231 185 4466 39411 139 106 1286 13444 13615 585 1021 19888 29527 180 13 61231 185 4466 212 461 639 40655 1021 36746 106 39012 47287 280 49 61288 24434 4911 3930 1289 1478 2234 6197 61216 2699
35663 85 3901 106 245 11841 245 26185 3072 373 9980 11 1021 2264 61210 21679 245 5754 106 238 33757 61216
1667 1084 13966 28 61231 129 8349 1043 58301 1196 945 5729 106 238 16 4836 1227 9566 61223 32390 448 4718 15845 59243 8283 6681 25885 8283 2277 29644 7 504 245 13966 4 643 963 61288 390 245 34440 61 2800 8 61231 44 4 8305 7389 61288 61300 6339 81 106 29613 2346 6455 114 106 238 2925 61203 453 34440 61 448 3761 4718 3707 1036 798
73 1179 1292 188 105 238 5518 2828 448 19012 7089 13 61231 21798 24930 7089 245 3447 106 238 14282 212 4522 13604 61210 2800 14110 16 29527 180 13 61231 61203 1775 373 13 61231 61288 61225 3929 238 37046 175 212 37197 61216
1667 6622 7 13 61231 21798 2925 24 13 61231 47543 61223 2890 238 359 594 106 34973 61223 1924 2160 4 8305 42530 61288 390 1021 46149 106 238 41524 1172 1021 20959 13 61231 5471 951 2625 24 61216 2699
201 1448 20399 74 230 3635 2264 61210 7089 31 61231 41883 233 871 314 491 7089 245 27773 133 236 61223 48483 1021 7709 2938 3901 7089 191 38 22 2673 798
1667 2895 9 31 61231 31606 951 106 238 1438 61288 425 60987 106 238 4755 2687 61228 61212 61494 175 61223 1021 34978 106 9414 12033 373 13 61231 16324 114 39411 61 245 13966 106 38222 2452 2890 238 4755 2687 61228 61218 2763 871 390 31 61231 184 235 22 294 2800 390 3165 29 9081 16660 175 106 31 61231 819 181 441 13966 871 7089 245 16 4684 2361 950 61228 61212 61494 4932 61216 116 706 132 61231 44 485 2480 30593 2890 238 4755 2687 61228 61212 61494 175 61223 238 1437 2687 2806 871 1162 61203 314 701 15 3542 61223 373 1334 43 33892 5460 2890 245 26 2300 163 3824 478 106 238 4755 2687 798
201 1290 499 3901 1021 59501 490 180 5167 22 8283 61228 724 1350 61288 482 3930 106 238 16285 34603 427 2890 245 2757 106 24566 10043 61216 201
1667 1111 16285 14879 61223 24401 20825 29644 68 448 5365 1150 1172 245 50220 8 20850 36731 448 603 25720 133 631 373 238 3684 8432 448 28433 106 43842 448 35355 3037 61223 37981 31 61231 1351 2537 61223 43467 344 8090 61210 2890 3093 686 890 3930 61216 2699
1084 1571 9 194 81 110 106 31 61231 232 61214 94 93 15616 61314 61265 144 779 1359 31 61231 61 1478 449 36563 1021 757 365 1216 61216
1667 1111 5380 3735 453 10580 61223 212 32031 106 10629 31342 1021 29941 106 238 9829 37290 2277 23322 7 238 4136 2828 448 4157 746 383 61223 95 7033 594 31 61231 12 2128 61203 27733 3037 212 779 105 191 49139 37429 61 1061 31 61231 19466 19 23344 373 5334 9398 9261 504 31 61231 19466 19 23344 215 1932 244 58453 798
1667 1084 13966 4 3165 40549 7397 106 17167 417 7089 245 1571 12 8006 110 448 55501 19 1529 1439 61223 26 61231 129 54393 595 485 1020 80 61288 215 61231 44 8 61231 2084 14130 61 16845 106 55501 19 1529 1439 798
1667 53 365 1851 448 30199 28 61231 61204 17017 61288 3165 42161 13 61231 16601 1028 951 15112 1061 238 26638 453 73 8787 3494 1804 3137 595 28 61231 61220 26126 1196 106 8789 5509 798
1667 18135 2735 461 6108 1021 54187 106 9754 1978 511 61223 31 61231 614 443 31698 61228 24749 8518 92 106 238 151 48659 61223 3037 4 3267 427 1667 238 151 48659 10012 61203 191 46282 2585 2890 238 16686 448 8325 4494 3475 3804 106 3684 5046 1061 238 1622 594 2699 373 1667 521 899 61468 8 61231 44 42 4 3165 3979 13 61231 5471 951 61223 238 151 48659 20190 9624 908 333 132 3735 31729 2699
1667 15673 61210 12681 5573 13982 6962 61288 448 9370 106 26 2043 61210 13267 951 2277 238 16426 37612 61223 2890 1021 132 1150 1021 41040 26262 10996 11 106 19623 11804 61494 2252 2277 61112 1021 26 20566 2093 1061 574 24484 3165 50861 448 26722 7089 238 17780 448 11804 61494 2252 73 8787 3494 40644 31729
1667 1101 7 29899 2769 139 13405 9624 54766 21 61288 106 44445 1061 238 3175 61208 8594 14110 26917 390 1393 7069 61223 5474 238 3979 1230 37346 485 3 2226 427 595 901 199 68 13405 61228 7422 245 11841 42079 67 443 2800 16285 33976 89 314 61216 2699
18440 33976 3 2226 30712 61223 238 8220 13 61231 61298 4368 373 59727 485 3165 24300 17047 106 238 481 282 3604 40669 61216
1667 5218 9398 9261 106 14269 1775 23586 61223 448 4292 9 55 3058 373 448 50550 9261 5573 603 5729 448 3815 180 1172 238 25885 3025 106 1602 11 1061 238 58453 61223 373 1061 20076 33048 5573 5535 21760 61288 245 14919 106 26844 1021 43479 3037 28 61231 468 1196 643 22 1061 238 23723 106 238 12602 61216 2699
1667 5218 2231 3930 19960 797 24 574 219 35487 1021 3684 1835 81 25749 90 61311 2898 3037 155 6681 1196 42871 1036 2277 31 61231 36995 40846 1863 26 61231 129 31 61231 20399 276 585 37434 43856 3037 20190 9624 27676 61288 106 34603 2016 61203 2277 804 9418 1334 10863 94 3025 20942 871 61216 2699
201 5218 28433 3037 1292 188 5682 3165 13919 141 437 18331 230 448 41040 61223 106 2904 41 61208 9261 5856 105 5083 37533 61231 7352 4441 446 35969 24 61223 6681 3027 113 1036 2890 245 28899 774 800 26050 106 8013 61598 5898 238 31802 114 453 13966 61216 2699
201 2717 6202 33089 34094 106 47159 106 238 58453 61223 55927 3901 106 1602 11 1061 3165 14282 13 61231 556 26185 136 16 29527 180 20215 13604 61210 61265 448 22336 24930 61216 201
1667 1084 1838 13 61231 185 291 686 890 1359 453 19960 50 578 13982 6962 61288 13405 9624 1286 7821 61288 2800 13974 61288 13 5509 427 1021 25573 32048 113 6048 1227 24445 106 31 61231 3054 1839 39411 17386 106 33866 1021 36746 31287 23109 2800 42592 14 23109 453 50220 390 245 19960 50 578 32969
1667 1452 6006 27313 105 13405 3175 25350 448 38900 49978 1172 31 61231 7231 104 3025 8058 578 871 106 238 8456 61223 373 1021 54746 7352 106 16426 26262 804 9418 191 16 4713 12 18322 106 37046 175 44604 50986 448 25573 373 106 31 61231 1351 8317 230 5334 7589 19960 50 7352 373 5334 36746 453 50220 61216 2699
1667 593 29899 603 867 1350 106 16426 603 36754 61288 1025 1541 11062 4 8305 1521 212 1379 1172 238 5623 453 54746 556 453 14895 106 27721 373 106 16426 603 36754 61288 1025 1541 11062 453 19032 59778 520 61220 871 448 19960 97 1216 106 238 32197 1359 40846 373 453 12706 106 238 26607 50212 106 31 61231 47717 2459 26168 93 20071 61283 61260 140 11701 61228 27040 61247 769 17486 61288 1061 238 16426 106 31 61231 1216 5471 951 3280 61213 7069 106 73 8787 3494 1804 2906 2699
201 13848 44346 61223 9065 16174 4875 800 631 504 9065 5867 61225 631 1021 34605 81 7495 106 13966 1541 2232 2277 622 56 40655 238 5404 1776 13085 4834 1359 61216 201
201 116 61231 20645 2549 114 22648 106 1559 4774 5652 40845 238 244 2538 212 33978 448 10629 24961 503 524 6048 1227 73 8787 3494 40644 201
373 485 61228 150 427 11460 3382 42967 149 2346 14937 106 17816 10636 61236
201 116 61231 61288 26260 22441 9414 75 564 373 29644 68 416 603 25720 133 631 2277 31 61231 3054 1839 359 8577 142 61288 1025 1359 56299 2277 245 35502 61265 2890 1021 49743 13 61231 61624 471 23322 1439 61282 37533 61231 61387 500 2843 61223 500 41734 2843 61223 1676 11980 61312 2843 373 11549 2843 373 4494 798
1667 2717 1021 26 20566 2093 106 12613 61247 10744 468 34094 106 4494 13 61231 61288 25720 133 631 61223 11460 6705 3025 13405 45928 11 61216 2699
1667 5218 7091 48852 1036 106 238 481 282 373 106 31 61231 6156 60855 39411 61 106 1035 61211 314 427 1021 2158 22761 106 56225 1172 245 11898 38965 114 15112 453 73 8787 3494 40644 574 219 35487 448 1901 71 280 162 2128 24 61223 5474 1021 25573 8789 16782 448 1901 71 280 162 2128 24 36563 1021 3761 7089 73 8787 3494 40644 5334 23586 61228 55326 28 61231 468 1196 25984 8305 48852 6048 61216 2699
1667 1111 3505 47440 448 35355 6681 12745 127 15110 390 448 11804 61494 2252 25078 726 230 239 21639 1036 61223 3 42143 427 1021 22336 13 61231 8709 26262 24712 428 1061 31 61231 61212 61494 61219 1988 2828 61216 2699
1667 5218 36746 106 238 2480 6509 105 892 50986 36563 10538 3761 10052 13359 5334 25573 2772 12957 1310 685 564 133 280 36563 1021 3761 1511 56564 49589 61223 2890 1021 132 1150 595 4 1292 7821 61288 3165 16 160 314 390 3189 106 445 7 106 1209 61288 1227 117 608 10629 2024 150 32969
1667 13121 24445 448 4718 30557 5135 61228 5019 448 5998 4466 61223 595 4 8305 2716 14 61288 427 2277 245 50220 106 31 61231 16601 1255 73 8787 3494 40644 36563 448 1572 9902 106 3761 595 485 3072 13 61231 19466 8046 448 19960 50 23924 10629 30 497 230 461 17425 61225 1036 61223 3 1150 427 31 61231 15362 56 6982 20681 4006 135 282 2277 245 50220 106 238 1901 7155 61223 212 12567 4718 184 139 31 61231 50456 19960 797 61203 798
1667 2895 9 1021 25573 106 90 18805 14995 61223 11460 4718 3477 42847 1227 25394 50762 30 238 28346 3025 13 61231 5161 5270 191 56964 59243 2979 13 61231 10 3505 3186 25600 2950 106 10945 278 46914 2827 2277 15724 158 22301 238 35618 4684 105 61216 2699
5218 1571 9 8006 110 26262 21047 144 779 7161 3165 45021 39690 93 61219 31904 6835 2806 871 3675 2979 2800 2039 2979 23 664 9248 2226 61265 373 238 36896 135 449 93 61224 2107 61212 449 2806 871 3675 2979 2800 2039 2979 647
