140 11701 61260 140 11701 7345 1307 18628 1307 18628 1736 1307 18628 1515 61455 3301 61654 2227 3129 1307 18628 1307 10419 61676 2227 1736 1307 18628 1307 19058 2227 2309 1307 3705 2227 3129 1977 183 30491 30289 2309 5390 61732 2309 11148 6984 5390 61732 2227 3129 5649 61411 30289 24960 13452 52278 47770 61441 3307 24960 24822 7720 47770 61441 2447 1250 61487
201 61491 61381 17240 61995 38243 2882 13479 1736 3679 61654 13340 3129 6320 1226 17162 1250 61223 4888 7247 3420 58567 1250 2375 5484 5958 61516 61421 5309 5484 5958 18808 4659 2227 1736 3022 61421 6228 61947 61455 5484 61342 22290 62048 2227 2678 61223 8005 61516 62048 61372 61223 3812 58000 61490 1325 15566 19760 4381 1250 61223 24822 61491 45128 61852 61356 61397 18698 4703 22290 61397 61223 598 4805 13743 61411 1120 61654 1388 61397 61223 73 4772 61253 61223 21849 61336 61547 29323 61553 61357 61397 5309 1802 3134 24349 61397 61223 6041 61417 61947 61455 61491 1802 3134 24349 61426 61223 1058 54407 14412 25015 61223 8005 61780 61553 1250 2375 8237 2678 61553 4805 61707 644 2309 58567 395 62048 43206 9362 958 62305 30489 61490 4247 28224 1250 15632
201 318 7137 1120 61676 3812 61223 2856 61688 15566 1822 3121 7345 6041 61411 8578 61342 2227 2309 2974 1700 61480 10061 2227 2309 2418 61336 61480 10061 2227 2678 47770 61441 14590 15632
10725 6041 61320 9250 3129 10979 22925 61995 2447 3425 4928 45765 4386 1250 61216
2974 52376 12392 3425 2678 61732 48111 10406 2375 6041 61411 8578 61342 2227 3425 1182 5958 61547 3425 1182 5958 61547 3425 29806 61516 28947 3349 61132 10406 1736 8902 7137 61813 61228 13550 61473 2227 2678 1259 3818 61473 1700 4381 20247 2820 5547 14248 61473 4381 12392 2309 6162 6107 26671 61522 61372 12392 2309 6162 2974 52376 10406 61487
21849 9757 12507 30289 61788 61336 60656 61678 30289 61678 61372 61678 61372 61678 61372 61678 61372 61678 61426 61411 27013 61678 61480 27013 61678 61480 61397 61678 61480 61397 4002 3301 9757 61678 61441 4002 61553 11358 57240 20305 2309 8005 61547 60655 61372 2678 1515 61576 5236 2309 6162 17720 12151 28947 61491 8005 1822 24285 2309 1259 61426 61688 3163 2678 47373 1704 2309 6162 416 5812 183 1515 61455 3301 61654 2678 47373 1704 2309 6162 61216
5484 61342 10733 2309 46109 51349 1704 2309 9823 6925 30220 3420 40929 2309 6162 6041 61411 35139 12392 2309 6162 846 39544 18666 4386 5155 61487 5484 61342 10733 35724 1704 3425 5484 20572 7345 6041 61411 35139 1307 19058 12392 2309 20247 3129 1436 10419 61676 12392 3425 2678 61732 48111 2115 8898 1250 30754 8721 8237 10979 15566 19760 4381 12392 2309 58567 2375 44142 5484 61342 10733 2227 2678 8002 60479 1428 62204 61654 3307 5155 1182 13719 6041 10061 2227 2678 1307 19058 12392 3425 2678 61732 48111 22430 1250 61487
201 15566 19760 4381 1250 61223 1325 17529 39373 3129 16771 1704 2309 15326 23348 2820 1307 1120 59948 4386 9272 17162 61223 30754 8721 44142 37974 3129 23348 61228 5236 59119 61381 7247 1802 3134 2227 3425 6107 24904 22467 61381 61421 12392 2309 6162 1307 19058 2115 14590 17162 1250 15632
201 61659 61947 26934 61480 20572 5390 61732 2227 3129 61223 1515 61576 61342 31191 5309 1058 61480 10061 7345 22881 9272 1250 1736 2418 17162 1250 2375 6216 6360 46193 8005 42055 3425 8005 42055 2678 10310 1704 3129 21766 61426 23131 4247 17162 1250 61223 1736 7247 7419 8005 19553 61553 3163 6925 1250 2375 9680 3121 1515 61576 61342 31191 5309 22881 2227 61223 1515 62305 25825 61411 3425 1325 61947 7845 61688 61473 2309 58567 395 61480 10061 61455 61223 1515 62305 25825 61411 3425 1515 62305 25825 61411 3425 1515 62305 10833 6307 3425 1515 61543 61381 2820 958 3163 3425 47428 1250 15632
4888 6320 1226 17162 7247 2974 19109 27408 3129 6360 1259 4659 42039 45047 8005 42055 2309 57645 4247 28224 1250 61216
201 15566 19760 4381 10406 2375 1643 17905 21849 61705 61372 2974 3134 24349 61426 2227 3129 10725 6925 16848 51790 4386 1250 61282 6041 32697 61688 10406 4888 10979 15566 19760 4381 12392 2309 6162 395 61522 3818 23131 61320 40929 2678 1182 3448 1704 2309 6162 8005 61547 60655 4381 9362 1325 61516 4703 39373 2227 3129 2418 1704 2309 6162 1643 61688 7814 6041 61411 8578 61995 6041 61411 8578 61995 2974 3134 24349 61426 2227 2678 47373 11752 21496 61223 18579 10332 2309 59572 6360 24146 21613 6571 8005 42055 3129 1250 4888 8369 61522 4659 61553 2678 47373 11752 8898 1250 15632
201 61491 61381 43449 2227 2678 846 61342 4688 61417 1736 958 61947 4659 15498 2227 3129 11456 61320 4688 61417 15632
201 61788 2661 61936 4659 2227 2309 30018 1700 2227 2678 19223 846 61852 2227 3129 2820 9823 1307 19058 2115 12451 5155 61223 2974 61356 35139 12392 2309 6162 2974 61356 35139 10406 2375 8237 8005 3701 61421 3349 61132 1259 10406 2309 20247 3129 8369 61780 61411 22672 1058 7814 61342 2227 3349 15859 61397 27869 12392 2309 20247 3129 15632
201 5756 7137 1120 61676 3812 61223 44142 1259 12507 61336 5298 2309 5484 61342 22290 62048 2227 2678 6320 1226 2375 6107 12507 61336 5298 3425 8005 61547 60655 61372 1307 19058 4247 17734 3420 1250 61223 7247 23471 2820 395 61480 61473 9520 1736 395 61480 61473 9520 40929 2678 1307 19058 4247 31769 1736 1307 10419 20304 8902 7137 2447 40929 2820 46109 42372 61441 1704 2309 6162 958 3163 9272 17162 15632
201 61543 61417 20247 3129 5272 84 61249 61251 2939 4002 61372 30289 61788 61868 8005 61547 60655 61372 2309 8005 61547 60655 3129 6360 38537 35088 43938 27497 598 28148 8818 4247 11752 8898 1250 61487
201 61678 61342 61426 62431 61441 7845 1736 8005 45583 24202 8005 45583 24202 8005 45583 24202 8005 45583 24202 8005 45583 24202 8005 45583 24202 2309 671 61522 4659 2227 2309 6162 17696 5236 8002 60479 1428 62204 61654 1704 2309 6162 15161 17162 1250 61487
73 8787 3494 40644 4002 31365 61707 7105 61426 5309 62431 61441 7845 2974 19553 61553 4247 17100 1250 61216
201 1684 43174 20918 5129 61411 24202 61223 671 3705 36752 2227 3425 6107 12400 18518 1058 61480 10061 2678 54985 1704 2309 6162 9866 3425 1058 7814 3701 2678 6975 2324 1058 7814 3701 2820 3022 61455 45765 4381 12392 2309 6162 671 25706 2447 1250 15632
201 61426 61576 61480 7137 1822 61342 59664 1250 61223 6360 846 61356 61654 35724 11136 15632
4351 7247 846 61356 4688 2227 9362 846 61356 4688 2227 3129 19776 6925 1259 61490 61342 61397 2324 2309 22881 3349 15859 61397 27869 11948 5155 61216
39373 3129 51349 1704 2309 6162 54591 61426 12796 11455 1736 51349 1704 3425 2974 54348 3349 15859 61397 27869 15795 61282 8902 7137 2447 40929 1736 5484 10061 20469 2678 39373 3129 51349 1704 2309 6162 54591 61426 45712 11455 61487
201 61245 8787 3494 40644 2309 15326 682 1307 10419 61676 2227 2309 7137 61813 3349 6360 24146 7720 57583 61372 7345 671 1700 61397 61228 61245 8787 40644 2678 1307 10419 61676 2227 9362 846 61356 61654 2227 3129 8005 3701 61421 2227 3129 10725 8005 3701 61421 4386 25314 1226 14157 61223 48620 1802 3134 2227 3349 3022 42039 1259 61426 61688 3163 3129 30220 61543 31544 15236 61223 4888 11136 1307 10419 61676 2227 3129 54700 12507 61678 61426 2678 6041 38243 9399 1250 15632
2375 61421 1704 6571 846 61356 61654 2227 2309 1428 7105 61356 2882 61426 61342 1704 3425 1515 61543 61381 2820
1182 3818 3970 30491 30289 1736 2974 61397 15031 2309 6162 44169 4381 1058 54407 2974 61397 15031 4386 1250 2375 38537 35088 43938 27497 17589 26349 61441 1058 61411 61852 61411 2678 2678 61707 3129 35946 28224 1250 61216
4109 37133 2309 15326 6360 48264 30412 61553 61381 1700 14590 17162 14157 61487
201 61309 7137 1120 61676 3812 61223 395 61868 1325 61947 26934 61480 61732 21849 61553 4805 61707 644 2309 2974 19553 61553 18808 61320 40929 2678 8005 44221 9272 14157 61223 1182 13719 1977 61301 6041 61411 8578 61342 2227 2309 6041 61411 8578 2227 2678 6041 38243 9399 4381 9272 17162 61223 4928 61473 2324 1736 10458 61309 7483 61705 2227 1736 3679 61336 2324 2309 1740 7483 61705 2227 2309 15326 15859 61397 27869 9272 15632
201 61491 61381 1802 3134 4659 3349 598 33257 26671 61522 61372 3425 19525 18808 61320 3129 4109 9866 2309 14042 2418 8898 1250 4888 1802 3134 4659 2309 1325 49235 2227 3129 1250 61223 2856 61522 4659 31365 2375 61421 9520 1643 1120 61543 2309 37722 3129 1250 15632
8902 50270 40192 61417 61223 59850 23398 2375 7137 1822 61342 35946 61417 1736 958 1822 9757 2678 1182 4866 61480 2776 3022 61455 45765 30357 1250 61223 14132 35724 11136 61487
671 25706 2447 43938 20510 61342 671 61522 1822 61491 3425 4928 45765 2309 6162 6360 10061 61995 2678 6360 10061 4381 12392 2309 6162 6041 19250 60282 9362 2418 61480 10061 61455 2309 1325 19058 61336 2227 3129 3022 61455 45765 1704 1515 18887 20278 2678 20286 61543 1704 2309 1428 7105 61356 61216
201 61659 3085 61342 61441 6360 1182 3085 29154 598 61421 3818 3349 598 61421 3818 2115 8898 1250 61223 48620 6216 1307 10419 20304 598 61421 3818 4386 11948 5155 61223 7247 60674 10332 8902 50270 2227 2678 598 61654 1704 2309 6162 6360 6571 1328 958 5624 61654 3425 1182 44124 61421 1250 61223 10979 15566 19760 4381 4247 2375 44142 395 61480 61397 61336 2227 2678 59664 6320 61678 61480 61223 1736 6360 43150 6984 958 5624 61654 3425 3679 58000 61543 1700 12392 3425 1182 44124 61421 1250 61223 28465 4002 2423 61342 11148 7814 23471 2820 16771 1704 2309 6162 15632
201 61646 5236 30018 5390 61732 2227 3129 1307 19058 4247 31769 5155 9362 3129 23348 46799 1307 19058 61336 2227 3129 61223 46799 61547 1700 2227 61223 1736 1687 61320 4688 2227 2820 16848 51790 3307 24960 35607 2227 3129 61223 46109 42372 61441 1704 1736 11456 61320 21613 3129 2974 61553 7623 1250 15632
201 61342 13328 5624 2678 61336 11191 61553 62431 61397 93 9164 61207 61314 61265 2309 11136 10957 28148 61426 2227 3129 61223 10332 1250 4888 7385 61813 61381 2820 2820 6360 1687 47304 3022 61455 45765 3425 3022 61356 8898 3349 58567 1250 1736 11366 11439 2418 61480 61397 61342 1802 3134 24349 61426 3349 58567 39498 1250 61487 201
201 61239 19832 61228 23419 61314 3598 3425 1802 61455 61473 61654 2678 61553 4805 61707 40644 3349 58567 1250 93 3121 61336 3163 61768 61553 7105 61397 778 61311 769 14477 13340 1643 7845 61480 17372 778 3137 1515 61417 61381 3129 61223 598 4659 61688 61547 61868 61223 2882 13479 3129 14477 13340 48145 6320 1226 17162 1250 61487
201 61543 61417 8005 42125 3129 61223 3522 11318 61332 3129 2820 10812 61249 8980 60513 9360 3129 2820 61223 4888 73 8787 3494 40644 2678 1643 1120 61543 4381 9272 17162 1250 61223 8237 1325 1822 61473 2447 61441 3129 4386 9272 17162 14157 2375 8005 42055 2309 6162 6360 6571 846 61417 26349 61441 5484 5958 18808 61320 3425 51021 17734 3163 1250 15632
201 61678 61426 61342 1388 61707 61455 61707 61455 1325 61947 26934 61480 20572 1259 61678 61342 5298 61480 93 61678 61372 9757 61678 61372 9757 61265 2309 49245 1515 1120 61421 9233 2309 49245 20286 14590 17162 61223 4247 28224 1250 2375 10738 14042 21766 61480 61397 61417 61947 61455 3022 61421 6228 9362 7247 1515 61543 61381 2820 2375 2309 59572 1436 3085 4703 61705 61455 3201 33065 61411 3129 16320 45583 24202 4386 4247 8898 1250 61223 40787 5236 8369 61780 1700 2096 61228 18682 1515 61576 61480 10061 61455 3425 8005 61421 61480 10061 61995 3129 25314 1226 17162 1250 15632
201 61473 6307 61852 2227 3349 2974 45583 24202 1058 61480 10061 3349 15859 61397 27869 2115 12451 5155 4888 1515 1120 61421 9233 3425 8005 61336 8578 61995 2309 6162 1058 54407 21849 61336 3134 24349 61725 5309 2309 846 10038 12776 61421 3425 8005 42055 61223 1736 6320 48977 598 28148 5236 2678 1182 3448 2115 12451 5155 61282 6172 6041 5213 61995 3425 8005 61336 8578 61995 3425 8005 61336 61676 3163 61339 8342 6041 61417 61947 3425 8005 61336 8578 61995 61339 11727 958 2661 61936 4659 2227 3425 8005 61336 61688 61676 3163 61339 15291 8005 62322 36356 5309 671 1388 61397 2820 61336 61339 1736 19694 1058 54407 1058 54407 1058 61576 57253 1250 15632
1428 61480 13550 846 4866 4688 2227 2820 15710 18518 61491 846 4866 4688 2227 3129 3022 7845 3420 14590 17162 1250 9362 30018 20572 2227 3129 11148 7814 23471 2820 1307 19058 2115 14590 17162 1250 61223 30754 8721 57645 3425 49687 25923 61342 2447 1250 9362 35091 61381 35358 2227 2309 58567 61216
201 61397 61480 10061 61995 2309 8005 61547 60655 2309 37722 3129 1058 61480 10061 61995 9362 6041 61417 61947 4659 5484 5958 18808 61320 40929 3425 5547 1344 12151 61411 2447 1736 53194 58698 61320 61421 5309 3022 61421 6228 61381 2227 2309 17240 61995 38243 2227 3349 17240 61995 38243 93 61397 61480 61780 1515 1436 10419 61676 3163 1250 61265 3129 5917 1442 61256 93 2804 61332 9360 3129 35546 17162 14157 93 61421 3818 61491 1403 201
201 61491 9536 10725 1736 1058 7814 3420 4386 1250 61223 8237 57583 61372 2115 1428 1388 1736 9680 846 10038 12776 61421 13452 52278 30725 4247 2309 37722 3129 38884 3425 51021 1736 1182 13719 395 13719 4928 3307 4247 15632
201 61768 61852 61320 3420 3129 61223 1259 4659 61688 61491 62431 26591 3129 61223 395 1120 61372 61441 8369 61522 4659 61688 29154 2309 1325 61522 4659 8578 61342 2227 7345 9420 62431 48017 8721 1984 61397 3349 8369 11191 61947 2324 3129 463 7483 61705 2227 3349 61132 2115 12451 5155 15632
201 36641 1704 846 33359 61455 3970 59119 61381 2820 1182 61490 4688 1704 2309 6162 51980 2974 61553 7623 12392 3425 1515 61543 61381 2820 1436 61780 1700 11752 8898 1250 61223 1736 18579 19776 5390 61732 2227 2309 30987 846 10038 12776 61421 846 61342 4688 1704 3425 59119 61381 3669 18791 1259 3669 23682 61455 8600 4386 23841 1736 1259 57611 2678 54985 3163 15632
9823 5086 15710 18518 61491 1307 19058 12392 2309 6162 19747 61342 31769 5155 61216
2856 17905 61417 61473 6360 60569 46193 8005 42055 1250 4888 7247 1802 3134 4659 2227 2309 15326 1250 61223 11366 3701 6162 8005 62322 36356 4381 1250 61487
201 61426 61576 9955 10192 4703 3425 8005 42055 61223 48979 63203 63203 63203 598 4359 1700 2227 3129 1336 41734 1515 36356 2227 1736 5786 9362 30018 1307 61688 18125 61455 61491 61342 2227 2309 15326 6925 61223 1736 734 13520 1515 36356 2227 1736 1676 47625 1515 36356 2227 2309 1307 61688 18125 33800 2227 2309 6162 46799 1259 4659 42039 3425 8005 42055 93 61676 32663 39306 52 2351 28145
201 61547 10419 20304 5086 4888 9362 10061 61320 10310 3307 5155 1736 8902 5484 5958 18808 61320 40929 2678 23348 3022 20572 3163 61342 15117 3307 5155 1736 15321 44082 2375 8237 3022 61421 6984 3129 14932 1704 2309 6162 9362 10061 61320 10310 3163 44082 61223 40787 5236 1428 61480 45128 1643 17905 3425 9362 10061 61320 61223 38537 61441 61480 20572 30641 50123 2227 2678 11456 61417 61936 4381 12392 2309 6162 61223 1736 30018 20572 3022 61356 6984 61223 8834 6925 23348 38537 35088 43938 27497 59119 61381 2227 2309 46109 15632
201 61342 61522 4659 31365 73 8787 3494 40644 2309 15326 30018 2820 13452 61320 4928 28224 1250 61223 35546 61455 1058 61411 61852 61411 10332 45712 2447 1250 2375 6216 6041 23829 1250 1736 9823 1515 36356 2227 2309 1307 10419 61676 2227 2820 395 61480 61543 1700 2227 3425 41649 61441 3163 3129 598 33257 61553 4247 8898 1250 61223 1736 9680 3701 14042 58 19832 1736 72 16486 2678 59288 12392 3425 29806 23131 4659 4386 1250 61223 48620 30645 2820 395 4127 36820 2324 1250 15632
201 61426 61576 61480 1515 36356 2309 7638 3129 395 1388 61707 61455 61707 7105 61654 2227 2309 1515 5129 61490 25825 61320 3129 42733 671 62204 61480 61473 61995 2227 3425 3812 61455 8578 61995 9272 17162 1250 61223 1058 61455 61397 1515 61455 61397 2309 8369 19553 61553 2309 7137 61426 4703 3129 2974 19553 61553 4381 15733 2423 61768 61654 2309 7137 61947 4659 61688 27013 2309 7137 61947 4659 61426 2820 1058 61455 61336 61688 7814 61421 2309 6162 2098 61325 1307 9399 7105 61372 5922 62431 61441 7105 61372 93 61426 1700 6773 2309 15326 61265 4247 8898 1250 61223 4888 671 11373 1515 36356 61320 1515 36356 61320 2309 15859 8262 61397 2820 40192 61320 4247 8898 1250 15632
201 27802 56650 61223 10332 14477 13340 24822 7720 61223 1736 1325 61522 4659 27408 2309 6162 6360 21766 61480 61780 61553 1058 11373 61705 61455 1058 61411 61852 61411 3425 8005 19553 61553 3163 3425 47428 32026 4888 5484 5958 18808 4659 2309 37332 5958 29124 2309 1643 1120 19553 61553 3163 40929 2678 1182 3085 61522 1182 3085 29154 2820 40192 61320 2447 1250 1736 1058 10833 3420 61441 8369 9391 1700 2227 3425 3201 61336 2447 2309 8005 61336 61688 61676 3163 3425 49687 25923 61342 2447 1250 61339 10332 6320 1226 17162 1250 2375 1058 11373 1058 11373 61705 61455 3425 23471 54985 28224 1250 40787 5236 4888 4888 20918 5129 61411 24202 1250 15632
201 55044 23471 3425 1058 7814 3420 1250 2375 10001 22621 1681 2309 6107 12400 18518 2309 6162 19196 61455 23471 2820 22881 22430 1250 61223 671 1388 21613 61372 61441 30491 30289 2309 7345 61654 19109 61342 1736 1515 5129 61417 61947 20469 2309 17589 2227 2678 4002 61441 61788 61868 61678 61441 1736 53194 19525 18808 61320 40929 2678 6107 18932 61421 3425 13452 52278 39572 1250 61223 11366 11439 8369 44887 2227 2309 20247 3129 1058 61576 5236 1058 54407 23682 61421 62817 6107 24904 61342 10733 2974 3134 24349 61426 3425 49687 25923 61342 2447 2678 671 25706 2447 43938 20510 61342 9272 17162 1250 15632
201 61646 3163 61768 1822 3121 8005 18808 33800 61372 2309 6162 8005 18808 33800 61372 2309 49515 8005 61547 60655 4381 73 8787 3494 40644 2309 8005 42055 40929 2309 15326 8005 61516 61421 12392 2309 6162 6041 61411 8578 61342 2227 3425 1687 61995 3163 40929 2309 15859 42125 61223 57645 6041 10061 2227 61223 1436 10419 61676 6041 10061 2227 61223 521 1423 34363 8005 42055 734 2820 318 2820 3350 1736 1436 10419 61676 5484 20572 5484 20572 6041 61411 8578 2227 2309 15326 521 1423 34363 500 2820 836 2820 61468 1250 15632
201 61678 4703 3301 61654 1344 62431 61372 958 4805 13540 61417 61516 24349 61725 2227 3129 8369 13218 61995 3425 8369 11191 61947 2324 3679 4703 3301 61654 1344 62431 61372 3129 671 61421 3818 61473 4381 4386 4247 8898 1250 61216 8369 13218 61995 3425 8369 61441 61480 61780 3129 1428 61455 61473 4805 61707 3425 11136 51021 3425 19525 18808 25376 27219 61381 4381 22430 1250 1182 4866 61480 7941 9955 61547 19250 61372 93 61246 769 8005 13218 61995 93 61247 61265 1736 45428 4805 61342 93 61239 61265 2309 15326 15117 3307 5155 61487
201 61659 61947 26934 61480 61732 2227 7345 395 61868 22881 2227 2678 11948 5155 4888 1182 44124 61421 1250 2375 8237 48263 2309 6162 61223 1736 9823 5086 22881 2227 2678 11148 7814 23471 2820 1307 19058 4386 9272 1250 15632
44142 6320 1226 17162 1259 61426 61688 3163 40929 2678 2632 61357 61441 61576 61441 1736 73 8787 3494 1804 61311 3812 61455 8578 61995 9272 41471 1250 61216
201 61553 4866 61480 4247 11752 8898 15656 8262 61480 20572 61995 61223 58 19832 1571 27710 110 1736 2678 61336 3163 61768 61553 7105 61397 3349 61223 10979 62100 61320 1226 1250 2375 671 1700 61397 3129 2678 61336 3163 61768 1984 61397 2678 1428 61480 45128 26780 2309 846 4688 61417 61397 3129 54985 12451 5155 15632
1736 10738 49245 6360 61228 61522 25579 6984 2309 49245
7247 7419 2418 32210 1250 2375 3812 17324 22080 2309 2974 61547 60655 61372 2309 37722 3129 395 4127 40192 8256 22881 12392 2309 6162 7247 3420 671 25706 4247 16749 61480 6838 61223 11366 5236 1325 3701 4703 17589 31028 5390 61732 2227 3129 6320 1226 17162 1250 61487
201 61659 14796 61320 2820 61223 57645 1515 61576 61342 31191 5309 5484 61342 10733 61455 3679 3420 61868 4351 1328 958 5624 61654 2227 2820 30018 4247 3163 44082 1736 4351 4088 958 5624 61654 2227 3129 2820 30018 1259 4247 28224 1250 2375 1436 10419 61676 2309 5484 61342 10733 61455 61491 5484 61342 10733 2227 3129 15632
201 61309 61256 13671 6041 61411 8578 61342 2227 1736 10738 39373 2227 2678 6041 61320 29154 1307 19058 12392 2309 58567 3201 61417 33887 3425 1325 15566 19760 61411 14177 2447 2678 8005 62322 36356 4381 4386 9272 4928 29776 61487 5484 61342 10733 61455 3349 3022 17234 6041 10061 61320 61480 10061 61995 2227 7345 8005 45583 24202 20247 2820 2856 61688 3163 61768 21613 61372 3129 3022 17234 9420 61455 61426 2309 20247 2820 8005 62322 36356 9272 17162 1250 15632
201 61342 62431 61553 4805 61707 1804 3137 2309 15326 5484 5958 18808 4659 5484 5958 18808 61320 40929 2309 15326 9866 2678 61223 4888 598 5958 3349 3022 61455 45765 3163 61223 598 5958 3349 3022 58498 4247 3163 61223 1182 3085 61522 6571 8902 5484 5958 18808 61320 2309 6107 24904 61342 62305 10833 6307 2309 6162 1058 10833 3420 61441 14932 3163 44082 15632
201 61659 17529 61223 846 61356 4688 3425 1687 61320 27013 2309 846 61356 4688 3425 1259 61426 61688 3163 40929 7345 6360 1515 62305 25825 6107 26671 61522 61372 2309 2974 1700 61688 61473 2309 15326 35546 3307 5155 798
39373 3129 51349 1704 3425 1428 61480 13550 61868 2678 54591 61480 10061 4381 12392 3425 30641 61426 2447 40929 2309 2418 22925 3812 20474 36959 3679 3420 61768 1984 61397 2678 45712 11455 61282 51349 1704 2309 54591 61480 10061 61995 2309 15326 8005 61336 61688 61473 4381 26780 2678 14932 1388 11366 3701 8369 44887 2227 2678 24509 61553 61357 61397 61654 28947 61426 61411 15031 3129 1515 62305 10833 2447 43938 27497 20247 2820 61216
201 61553 61381 1307 61342 54558 9362 958 61480 61543 1700 2309 2418 61336 61480 61780 3129 61223 50023 53033 61223 3022 61421 6228 61223 8005 19553 61553 3163 61223 4002 61372 61216 9757 61216 61678 61216 61678 61216 2309 6162 2974 3420 13184 1736 22881 2309 6162 5735 61417 15585 13452 61320 1250 15632
4351 6360 15967 61547 61417 3301 17384 7105 61336 12796 29776 5155 61223 28465 37974 3129 1058 61576 57253 2115 1428 1388 1736 1058 54407 1182 5958 61547 3425 1182 5958 61547 2309 37722 3129 10738 1058 61576 57253 20469 2309 37722 3129 1058 54407 6298 61336 3134 61455 2309 1259 61426 61688 3163 40929 2309 37722 3129 61216
201 61732 19250 60282 5135 3349 57583 61372 6360 30236 57583 61372 1250 61223 4888 1259 5129 61455 8600 1250 2375 1307 18628 9866 2678 2678 61553 4805 61707 644 2309 1802 3134 4659 3134 2227 2309 6162 50023 35139 1736 22881 3425 4928 45765 3163 1250 798
201 61397 11373 5390 61732 2227 2678 1325 3701 2423 958 2661 61936 4659 3425 8005 42055 2678 1307 19058 2115 12451 5155 61223 1736 8005 45583 24202 17720 61543 4659 2227 61223 45428 61356 61372 61223 3679 61654 13340 61223 1182 25015 61372 61223 2632 24349 61480 61397 61223 958 61947 4659 61441 61576 24777 2882 13479 61223 3679 61336 2324 61223 2856 61688 21613 61707 17720 61543 4659 61688 61654 3129 1250 15632
201 61543 61417 1058 10833 3420 61441 7247 15478 2678 15117 1704 2309 20247 3129 61223 38396 61676 61228 11191 44887 11948 1250 2375 2776 1736 13105 20748 10038 61426 61372 9866 1736 11136 61228 61522 61417 1736 50270 598 61813 61381 1388 61223 28465 8237 5649 61688 61654 1388 15632
4888 6041 61320 29154 1736 17411 9866 2309 14042 5735 61417 15585 5484 5958 18808 61320 2309 8369 44887 5155 61223 8237 23348 6571 18235 7814 8369 44887 2227 3425 11456 61320 27013 1250 4888 958 62305 30489 61490 2678 3679 61342 22290 22467 11948 5155 61487
201 61491 61381 31987 61426 11373 2678 61336 3163 61768 61553 7105 61397 3425 23471 1250 61223 6360 40787 5236 28472 1250 4888 58 19832 61223 72 16486 61223 1736 1436 9955 22435 3970 61491 2882 5309 4381 61357 61397 2309 28472 5155 798
3679 29359 18235 7814 31987 61426 1700 5309 35091 61381 35358 2227 2678 17696 6228 5236 61654 61426 62431 61441 93 61678 5236 21613 61426 5624 61417 61725 61356 61372 61265 2309 1643 49984 2324 46799 4247 11752 8898 1250 61216
201 61491 61381 8005 45583 24202 5484 5958 18808 61320 40929 3425 8005 42055 8005 45583 24202 8005 45583 24202 1250 61282 2418 22925 61995 2309 2418 22925 2820 5021 2309 2418 22925 61995 5021 2309 8005 42055 2309 2418 22925 3812 61223 8005 45583 24202 1436 61426 1700 2227 3129 1307 10419 61676 2227 2309 49245 1515 62305 25825 61411 880 1055 61350 14157 61223 1736 2856 61688 61216 60656 61216 3425 1515 62305 25825 61411 2678 671 61947 61320 61868 2309 44142 598 4805 13743 5309 1802 3134 61357 61397 2309 1307 62356 61320 61868 93 61543 4659 61426 2309 25478 3163 6360 43150 6228 598 4805 13743 61397 2309 1802 3134 24349 61426 61265 3129 6041 38243 9399 4381 9272 17162 14157 61487
73 8787 3494 40644 2309 1307 61688 18125 33800 61356 61228 4544 644 1515 36356 2227 2309 1307 61688 18125 61455 2309 8005 42055 2227 3425 6360 24146 7720 8005 42055 2375 8369 1822 61473 2447 61441 3129 1307 12776 1226 17162 14149 8372 9362 54700 9757 61788 61868 3129 6041 38243 9399 4381 9272 17162 1250 61487
201 61646 3970 5213 61995 2309 6162 61223 1325 61947 26934 61480 61732 2227 7345 2882 13479 2820 8005 45583 24202 17720 61543 4659 2227 3129 4928 3307 5155 1325 61947 4659 61688 7814 61491 8005 3701 61421 61342 2227 2678 14412 61417 61936 4381 4386 11948 5155 93 61659 61947 4659 31365 54591 61426 2227 2678 3669 4688 1704 2309 1428 7105 61356 1736 2418 61646 61654 48263 2309 6162 846 61342 4688 1704 2309 6162 15632
201 61245 8787 3494 1804 3137 12613 61247 1736 20071 61283 61260 140 11701 2309 15859 42125 21849 61553 4805 61707 644 2309 8005 61516 62048 61372 3349 2974 61547 60655 61372 2678 19747 61342 1704 2309 6162 23682 61455 8600 9272 1250 61223 1736 7247 46649 25516 61342 62431 61441 7345 8902 8005 61780 61553 61491 2309 6162 8005 61780 61553 2309 6162 15710 33800 4381 2115 14590 1250 15632
1259 61678 2678 61336 3163 61768 61553 7105 61397 93 61245 8787 3494 40644 3080 1802 62431 61491 61441 57113 4703 61543 45394 61725 1182 61372 61336 61441 2974 61356 3301 20305 51320 1802 62431 1120 61676 61336 2309 6162 2974 45583 24202 1515 62305 25825 61411 3425 1515 62305 25825 61411 61995 395 1388 43757 1058 54407 6298 20510 33887 5309 5484 5958 61707 3679 15031 61357 61441 61576 24777
201 61646 8909 1388 8902 39373 2227 2309 15326 19196 61455 23471 2309 20247 3129 395 62048 5624 4247 17162 61223 1307 10419 61676 2227 2678 19747 61342 1704 2309 6162 19747 61342 1704 2309 6162 29733 9272 61223 1307 10419 61676 2227 2309 1307 10419 61676 2227 2309 2418 6228 61947 2324 2309 6162 8369 44887 2227 61223 1307 10419 61676 2227 3425 3022 1120 61676 2227 3349 17240 61995 38243 4888 22881 4386 2115 11752 8898 32026 61487 5484 61342 10733 2227 2309 1307 19058 3129 61223 2856 61688 15566 1822 3121 7345 39373 2227 2309 6320 10061 2227 1736 6320 1120 61654 2227 1736 6320 10061 2227 2309 2974 3134 24349 61426 2227 3425 2974 3134 24349 61426 2227 3349 61132 12392 2309 6162 1436 22672 61421 62305 61381 4381 2115 14590 1250 4888 8369 61522 4659 8578 61342 2227 2309 6162 8369 61522 3818 61522 20469 2678 47373 1704 2309 6162 1058 54407 6041 61411 8578 61356 61522 2227 3349 2974 19553 61553 4381 9272 17162 15632
10332 395 2324 42039 3349 35484 21285 11541 61411 3163 2309 958 61947 4659 61426 61372 2309 5484 5958 18808 4659 3425 19747 3420 1250 61487
201 61659 14796 61320 61223 1072 958 61868 6773 2678 10332 8005 8818 61947 61372 3425 22258 2820 6360 1736 2632 24349 61480 61397 3129 4928 17100 14157 61223 11366 3701 49515 2632 1344 1388 61676 8005 8818 61947 61372 8005 8818 61947 61372 1736 5484 5958 18808 61320 2309 49515 14432 12151 61411 3425 47428 61487
201 61543 61576 61543 3349 37176 1802 50470 9272 17162 61223 1736 6360 1736 4002 61372 29622 3349 1058 61455 61397 50244 37176 671 61576 61342 6228 15818 61372 2375 15031 2309 49245 1736 1259 4659 61688 15967 1120 61441 7105 61372 846 25732 5309 2227 2309 49245 798
201 61543 61547 20665 4002 61480 12507 61426 6320 1704 2309 6162 61223 4002 61397 4805 1984 61397 7345 2882 13479 2309 19244 3307 6984 2820 61441 3425 5649 33800 4381 2820 61441 12796 1704 3349 14949 9272 61223 1182 61372 61553 7814 26176 3129 2974 19553 61553 4381 46649 25516 61397 2678 47770 61441 1704 2309 6162 798
201 61426 61336 61676 644 7137 1120 61676 3812 61223 3186 20584 61732 61421 671 11373 3201 33065 61411 3129 8369 61522 3818 44887 2227 2678 1307 19058 12392 2309 6162 8005 61547 60655 4381 9272 17162 61223 4888 671 11373 3201 61688 19553 61516 3129 1072 61256 5390 61732 2227 3129 1307 19058 1736 1339 3201 33065 61411 1307 19058 12392 2309 6162 836 3396 7483 61705 2227 2678 18235 2423 1704 2309 6162 8005 61547 60655 4381 9272 15632
201 15566 19760 4381 1250 2375 8237 58 61251 1955 2456 21849 27013 2309 1259 61678 8005 18808 33800 61372 3129 14932 61356 31769 5155 40787 5236 8237 6320 1226 61223 4888 38537 35088 43938 27497 24822 7720 2678 55056 53888 12392 3425 51399 39572 1250 93 61397 61576 61426 51797 61707 5298 1403 201
201 61678 24185 61336 4805 61547 61490 3301 57240 4703 3301 61654 1344 4805 61543 3425 21766 61480 61780 61553 4381 2974 61421 5624 61411 52028 61223 1436 3970 5213 61995 2309 6162 61223 6360 20918 5129 61411 24202 57113 30289 12796 1704 2309 6162 51200 61411 61553 62305 10833 6307 56342 22430 1250 2375 140 8131 61228 24436 4414 140 8131 10687 976 425 846 61417 22435 6228 3349 17589 56342 2115 8898 1250 61216 6360 38537 35088 43938 27497 15478 2227 3129 2820 4888 395 61480 61473 61576 61342 61441 49515 9272 17162 1250 61223 28949 61342 3349 6360 57113 30289 12796 2447 1250 798
201 61543 61417 4928 45765 2309 6162 1182 61336 61688 7814 1250 9362 1259 61553 13479 2678 14477 13340 48145 3129 1259 61553 13479 846 61356 4688 2227 2309 15326 6041 38243 9399 12392 2309 6162 1182 61336 61688 7814 4928 45765 1388 61223 1182 3818 3970 40929 2678 33415 3163 44082 2375 19776 6925 1428 61480 45128 26780 3425 3022 61421 6228 61553 3163 9362 1182 3818 3970 8005 61732 61417 61947 4381 9272 41471 1250 61223 4888 1325 61516 19250 61936 4381 1058 61480 10061 2227 2309 17240 61995 38243 2227 2678 6041 38243 9399 1250 4888 23398 3812 54613 4703 61936 4381 4386 2115 11752 8898 1250 93 61780 61688 3163 61223 9815 2820 1307 10419 61676 3163 61223 6041 7814 61336 61223 43150 6984 2309 49245 15632
5735 61417 15585 1250 2375 395 3448 61426 2678 23682 61455 8600 12392 2309 6162 2375 61397 21849 21849 61947 61356 21849 61947 61356 2678 21849 61553 4805 61707 644 2309 1515 5129 61417 61947 61455 2309 37722 3129 6041 38243 9399 4381 9272 17162 1250 61216
201 61426 61576 61480 6925 61223 10359 9823 5390 61732 2227 2309 9866 3425 846 10833 2447 61381 2227 2678 46799 61336 2227 2678 6041 61417 61654 61441 2227 2309 36263 5298 40929 2820 958 3163 9272 17162 1250 61223 1736 53194 5390 61732 2227 2309 3022 56987 61725 1700 2227 61223 395 62048 43206 9866 2678 7385 24202 2115 14590 41471 1250 61223 10738 39373 2227 2820 47770 61441 14590 41471 1250 61223 4888 15710 18518 61491 5484 5958 22435 9866 2678 50269 9992 61490 59587 4386 9272 41471 1250 15632
72 16486 61228 23419 61314 7345 9866 2309 6162 1259 61397 61417 61397 2227 3129 2820 395 3448 1704 2309 15326 30908 61216
201 61491 17905 61417 30289 61491 8005 45583 24202 3129 61223 73 8787 3494 40644 3425 14432 12151 61411 4381 19525 18808 61320 40929 2678 6320 1704 2309 30987 2683 11456 61480 21613 2309 49245 1643 3952 31769 5155 798
201 61491 61381 24514 61421 2309 8005 61547 60655 4381 13452 52278 2309 59572 13576 10276 61256 93 2804 61332 9360 21849 21439 9757 3129 14590 17162 1072 2335 13738 61301 3129 2820 30018 1700 2227 3129 35546 17162 14157 15632
201 61678 61342 1428 61480 45128 26780 3425 17240 61995 38243 10332 45428 12151 1250 61223 48620 10332 7247 15478 3812 1250 2375 846 61356 61473 2227 2678 43150 6984 38537 35088 43938 27497 1802 3134 2227 2309 6162 11148 7814 23471 22881 4386 2115 11752 21496 15632
201 61659 14796 61320 61223 1325 17529 4351 2856 7419 61372 4386 1250 2375 10332 5484 20572 7247 1643 1120 61543 2309 6162 6360 846 39544 18666 1058 61852 61411 56342 22430 1250 4888 15710 18518 61491 54591 61480 10061 4381 958 61480 10061 2227 2678 49898 1704 2309 6162 9362 18579 4351 7623 61320 1259 62204 61480 62322 61372 3425 49687 25923 61342 2447 2309 6162 8005 61473 3705 61411 3129 1250 15632
1307 20454 28240 61441 1307 20454 28240 61441 1307 6228 17372 2227 2678 36597 10192 4703 3301 21613 61397 61228 9420 24349 61480 1822 13540 61411 61473 8703 61356 61397 395 61480 3301 61441 93 13192 61245 61265 2309 6162 1325 1704 61342 61441 2974 1700 61688 61654 5155 61216
201 61421 61688 395 62048 43206 1736 1307 18628 1515 3818 61473 1700 2227 2309 15326 1436 9955 22435 61522 30641 50123 2227 2309 15326 61223 48620 30018 5390 61732 2227 2678 44142 2418 1704 2309 1643 49984 2324 3349 61132 4386 11948 5155 15632
201 61491 61381 1058 13479 3425 1058 13479 598 28148 5236 3349 6360 6571 598 28148 8818 93 2335 24326 2335 50126 61325 46607 6360 6571 8005 42055 9362 3022 20572 3163 61342 395 61480 61654 3349 6360 16848 18666 51021 14157 15632
201 43556 11501 8005 61516 61421 93 27802 32210 31849 30641 50123 2227 61265 28152 36635 4386 4247 17734 3420 1250 61223 1736 10725 60021 2447 4386 4247 28224 1250 1182 13719 20665 2375 61421 9520 6571 1182 3818 3970 1182 3448 61553 2820 40192 61320 1226 17162 1250 15632
15308 61491 3301 61491 3301 61491 3301 14248 3301 14248 3301 61553 5624 2856 61688 3163 61768 21613 61707 3129 15733 14248 25373 7419 61372 3425 41649 61441 3163 3129 846 4688 2447 1250 61487
201 61342 38458 61441 3425 20474 61995 61491 2309 15859 42125 2375 1515 5129 61417 8578 61342 2227 2678 39373 3129 14932 1704 2309 30987 11136 9391 61553 5309 6041 61320 58000 1736 8237 1515 62305 30489 61490 61491 3812 51349 1704 2309 6162 59288 2115 12451 5155 61223 958 5298 3679 61852 61320 3420 7345 15161 201 61659 3085 29154 1736 6041 23829 61732 18887 2632 1388 13923 61441 3349 395 61522 4659 61732 18887 52 2678 38458 61441 8369 61522 1344 61381 1307 19058 12392 2309 58567 18235 7814 1259 61417 61654 3349 17240 61995 38243 15117 21496 15632
201 1684 14132 28673 62048 2820 846 61342 4688 61417 61223 35724 11136 1736 8902 50270 40192 61320 62246 15632
201 61426 61576 61480 61725 61455 3679 6307 4866 61397 93 61286 61300 61251 4776 4888 18698 4703 93 61286 61300 61251 4776 18579 2776 12810 2447 1250 61223 5484 20572 61287
1736 1259 9757 61381 61421 1736 395 2324 42039 3425 1515 61543 61381 2820 395 62048 5624 1259 6320 62246 7323 2375 2776 17949 9420 5309 28947 3022 7814 61522 1428 1388 9362 1428 62204 61654 1704 3425 1515 61543 61381 2820 61216
10332 6107 12507 61553 61228 61397 1388 61397 11004 1782 41 50 140 8131 2309 8005 61516 61421 61342 846 61356 15439 61553 61228 61397 1388 61397 4002 61426 61788 61336 61678 61397 2309 6162 9815 2820 58699 1704 3349 15859 61397 27869 9272 41471 1250 61216
201 61421 61381 7137 1120 61676 2309 1686 7137 1120 61676 61223 16757 5390 61732 2227 2309 32379 8600 2227 7345 2418 61426 61480 10061 4381 9272 9362 6041 32697 61688 2115 14590 61223 318 61311 5390 61732 2227 2678 1182 3448 2115 12451 5155 2375 44142 5390 61732 2227 1736 3149 5390 61732 2227 2678 1307 19058 1307 19058 1250 15632
21849 9757 12507 30289 4002 61336 60656 61678 61441 2309 2882 61417 61654 20469 7345 671 11373 1515 36356 2227 3129 6041 61417 61947 61320 3129 846 61342 4688 3307 5155 61223 7345 116 13192 61229 2309 35091 61381 35358 2227 2678 25314 1704 2309 6162 1643 28669 5309 1259 61426 61688 3163 6041 32697 61688 2115 14590 61487
8834 1058 1822 33325 61336 22628 49562 61216
201 61421 61688 1058 61455 61397 7814 61223 7247 54916 2309 49245 395 61868 59119 61381 2227 3129 4928 45765 3425 8005 61421 57726 61372 3425 1515 61543 61381 2820 61223 10332 1325 61522 4659 27408 2309 37722 3129 14412 61455 22435 1058 7814 3701 2820 1058 61491 61732 48111 2227 2309 37722 3129 61223 1736 4888 6320 1226 17162 1250 61223 10332 8369 9391 52132 3425 4928 45765 3425 23471 54985 11752 8898 1250 40787 5236 8369 9391 1700 6320 1226 4928 28224 1250 15632
201 61342 4127 19525 18808 61320 40929 3129 10725 28472 4386 4247 28224 1250 61223 45086 58822 61441 61547 1250 9362 8005 8818 61947 61372 4247 1736 2418 1704 3425 49687 25923 61342 2447 40929 2820 8005 61473 22672 2115 12451 5155 15632
201 61473 28148 61426 61282 17057 7720 61342 62431 25373 3163 61553 7105 61397 118 93 61547 61417 61553 61372 57113 25373 61372 11191 61553 7105 61397 61223 598 4659 61426 61372 3349 1120 15566 61553 7105 61397 112 61245 8980 769 598 4659 61426 61372 3349 1120 15566 61553 7105 61397 84 61289 61298 2939 958 4659 17905 5624 2678 61336 3163 11191 61553 7105 61397 61223 846 4805 61473 28148 61654 19250 61441 61397 33329 61654 2678 61336 61372 61417 14248 61553 61397 84 61289 61298 2898 19747 5236 61654 61397 1307 61654 2678 61336 61372 61417 3163 23702 14248 61553 61397 84 61289 61298 3137 395 62048 43206 395 62048 43206 6298 61480 61397 5309 6298 61480 61397 61480 61397 8005 61547 60655 4381 395 61480 61397 93 61239 19832 61228 23419 61314 61223 58 19832 61228 23419 61314 3598 769 9420 9399 61417 1704 3301 17384 3349 1120 61654 1344 5298 61397 3349 2678 61336 61553 7105 61397 84 61289 61298 2953 958 61947 61455 61707 61441 13050 36547 6298 61480 61397 61480 61397 61490 61342 6298 61480 61397 8005 61547 60655 4381 57113 1984 61553 61223 29363 61707 61357 61543 61516 2678 25373 61553 61397 118 93 61247 125 23419 61314 61265
201 61491 61381 14477 13340 846 61522 1822 61491 2309 49245 4386 6320 1704 3425 1058 61411 61852 61411 2678 45712 1704 2309 6162 61223 43954 15585 61868 8005 42055 2309 58567 6360 24146 7720 6298 8005 42055 3425 4928 8898 1250 4888 11136 58698 61320 61421 5309 51021 1736 1325 38330 61421 8369 9391 1700 2227 3129 8369 9391 1700 2309 20247 3129 54700 9757 61788 61868 2309 20247 3129 2974 61553 7623 9272 4928 28224 1250 1736 28949 61372 61417 1704 17384 2309 20247 3129 1058 54407 1259 4659 42039 45047 8005 18808 25376 2309 59572 17240 61995 38243 2227 2309 20247 3129 3679 36303 3448 61441 9272 41471 1250 61487 201
2856 61688 15566 1822 3121 7345 9866 2309 49245 880 20584 61547 60655 2227 2820 6298 62100 61320 9272 61282
1736 8436 13105 846 61356 61654 3129 6107 9955 61372 5309 57673 29800 1736 20748 61705 1250 61236
671 5309 1344 61426 5309 8005 44221 2309 15326 6041 61320 29154 9362 671 61421 3818 61473 4381 1250 2375 9680 3701 14042 846 61356 61654 1250 61339
8005 19553 61553 4381 1250 2375 30641 50123 2227 2309 8005 44221 2227 2820 8369 3420 61397 4381 13452 52278 2678 61707 21849 9757 12507 30289 2418 61336 60656 61678 61441 3425 8005 19553 61553 3163 2678 46799 2115 14590 2375 8005 19553 61553 3163 40929 2309 15326 8005 19553 61553 4381 12392 2309 20247 3129 73 8787 3494 40644 2309 1307 14638 61491 1307 14638 61491 846 61417 61654 1704 2309 1307 14638 61491 8005 19553 61553 4381 2115 12451 5155 61487
201 1684 8834 1182 3818 3970 61491 2447 2309 6162 671 11373 35484 21285 11541 61411 3163 2309 8005 61516 61426 61372 2309 671 11373 6041 61411 35139 1736 50023 35139 2678 30725 12392 2309 6162 61223 8834 10332 49687 25923 61342 2447 1250 2375 35484 21285 11541 61411 3163 3129 44142 5086 1307 61547 61397 2309 1325 19058 61336 5309 5484 5958 61516 61357 61397 2309 8005 3701 61421 5309 6041 61411 12151 61411 2447 40929 2678 3201 61336 1704 3425 1182 44124 61421 1250 15632
4888 6320 1226 17162 1515 61455 8578 61995 7345 1325 17529 20665 1259 61678 3349 42655 3349 14949 12392 2309 6162 318 2678 14590 17162 1250 61216
201 61543 61417 2678 61553 4805 61707 644 2309 1307 18628 3022 20572 2227 1736 23348 18235 7814 8369 44887 2227 2309 15326 1307 61688 18125 61356 5086 5155 17411 3701 15326 6041 7814 61336 2227 3349 6041 7814 61336 9362 5484 5958 18808 61320 40929 2309 20247 3129 3022 42039 1736 3022 42039 3425 1802 3134 4659 61223 3022 42039 61223 3022 42039 3425 3022 42039 3425 3022 61688 61654 3163 61223 1325 17529 20665 13340 61491 61342 1802 3134 61455 61223 1736 14412 61417 61707 61357 61397 2309 20247 3129 1250 15632
201 61342 13328 5624 2678 61336 61372 61417 61553 4805 61397 93 9164 61207 61314 61265 2309 11136 28472 2227 93 61678 61342 61868 6360 2678 14412 4659 42039 1436 6838 4688 1704 3349 58567 39572 1250 61223 6360 6298 61480 61397 2309 846 61356 61654 2227 3129 35546 17162 1250 15632
201 61543 61417 846 10833 61852 20469 2678 846 61342 4688 1704 2309 6162 36820 2324 1250 61223 1736 1687 61411 4688 1704 2309 6162 5735 61417 18628 42461 15632
201 61245 8787 3494 40644 2309 20584 61732 61421 2309 8005 8818 61947 4381 5484 5958 18808 61320 40929 3129 6360 6571 8005 42055 9362 3022 61421 6984 3425 8005 18808 33800 61372 1250 17411 3701 49245 6107 12507 61491 2447 1325 18808 27831 61455 3679 3420 61868 93 2613 61298 61265 3129 93 7052 61332 20584 7739 2980 23288 9360 2309 6162 1182 44124 61421 1250 1736 17411 3701 14042 54700 9757 61788 61868 3129 2418 61553 7623 61320 2309 25478 3163 6041 38243 9399 46651 3425 49687 25923 61342 2447 1250 26733 13539 2820 3522 19069 2980 25215 9360 2820 4109 9866 3425 41649 61441 3163 3129 4888 1403 11318 61332 2309 3890 12911 2589 4063 61350 3129 6041 38243 9399 4381 9272 17162 1250 15632
201 61543 61576 5236 6571 1058 7814 3701 3129 61223 6360 11136 10957 28148 61426 2678 61336 3163 61768 61553 7105 61397 2632 19250 61654 3129 2974 61553 7623 2115 12451 5155 61282 2632 19250 6984 61654 2678 2678 61336 3163 61768 61553 7105 61397 3129 2974 61553 7623 2115 8898 1250 4888 7385 61813 61381 2820 7385 61813 61381 2820 1182 15031 61441 3425 3022 61455 45765 2227 3129 4928 8898 1250 4888 4002 31365 4359 61417 61654 5309 35484 61654 1700 61441 8169 10385 93 38964 61265 2309 49515 13452 61320 41471 1250 61223 1736 1307 18628 6571 958 62305 30489 61490 3425 1058 61480 10061 61455 93 61543 61576 5236 4002 61725 61788 61868 30289 7941 3701 61654 5624 61455 61265 2309 20247 3129 2632 6984 61654 11785 36547 61426 5309 2678 61336 5309 2678 61336 61553 62431 61372 7105 61397 93 61293 11701 61265 2820 13452 61320 2447 1250 15632
1515 62431 62246 7345 2678 61553 4805 61707 1804 61311 4928 45765 1704 2309 1058 7814 3701 2820 7941 61441 61547 19250 7814 13452 52278 5649 33800 61356 5155 61487
201 3448 1120 61676 1328 2811 3129 61223 58 19832 61228 23419 61314 3598 2309 59332 61342 46649 25516 61397 2678 846 61356 4688 2309 846 10038 12776 61421 846 61356 4688 3425 1687 61320 27013 2309 20247 3129 6320 1226 17162 14157 15632
201 61491 61381 7247 60674 9272 17162 1250 2375 61223 18579 23295 39373 3129 19776 49851 2678 10332 6320 1226 2375 9680 3701 14042 846 10833 61852 61356 4247 61223 3669 1515 5129 61417 61947 20469 2678 8902 6107 24904 22467 44887 20469 3349 15859 61397 27869 2115 29776 5155 61223 28465 8237 23682 61491 61480 3812 61455 35139 2115 1428 1388 9362 8237 23682 61491 61480 6571 3201 10733 61356 15632
201 61659 14796 61320 1250 2375 8902 9362 10061 61320 3425 1058 61480 10061 20469 2678 3022 61543 3970 1259 4247 16749 61223 56545 46424 20247 2820 10359 9680 43150 7814 5390 61732 3129 4928 3307 4247 15632
201 61426 61576 61480 6041 7814 61336 2227 3129 1802 3134 2227 2309 15326 1428 15585 1704 1515 18887 3022 61356 61522 2227 3349 1259 5129 61455 8578 61995 4386 1250 61223 2856 61522 4659 31365 50945 61372 3425 1058 7814 61342 2227 3349 20474 36592 9272 17162 1250 15632
846 61417 50226 15439 61553 61228 61397 1388 61397 1182 61356 61372 5624 5309 140 8131 2309 15326 6360 1259 8758 61441 2309 20247 3129 6360 6975 2324 58439 3349 20474 36592 1250 61216
201 61553 61576 61480 61705 2227 3425 59119 61381 61223 846 61356 61654 20469 1736 32508 1704 3425 2418 32210 40929 2678 1307 19058 4386 2115 11752 8898 1250 61223 1307 19058 61455 59119 61381 2227 3129 1250 15632
1182 62431 61372 598 62431 61473 8721 1984 61397 54613 61553 11191 61522 61491 395 1388 43757 2309 6162 11785 36547 61426 8369 27726 2324 1736 3679 61480 61543 5624 61411 15031 2309 15326 3679 61480 17384 1704 61654 1736 598 62431 61473 61547 34200 61707 2309 15326 6360 3679 61480 17384 1704 61654 1736 28949 1822 61547 62431 42655
4351 21849 9757 12507 30289 2418 61336 60656 60656 2309 1325 19058 61336 14477 13340 8369 44887 12392 3425 4928 12451 5155 61223 28465 11148 27497 1802 24202 1802 24202 2309 17240 61995 38243 2227 3425 8005 42055 93 61678 61725 29622 9757 61265 1736 44142 8005 42055 2227 2678 1307 61688 18125 33800 61356 1736 1307 10419 61676 2227 2309 6162 93 61676 32663 39306 52 7700 853 647
201 61659 61441 61547 3129 61223 73 8787 3494 40644 3425 10979 15566 19760 4381 1802 3134 24349 61426 2309 2974 1700 61480 61780 3129 6360 1436 3970 5213 61995 2309 6162 6360 1058 10833 3420 61441 3679 36303 3448 61441 3425 1436 3970 5213 61995 1250 2375 10332 17720 12151 28947 61491 7345 61654 19109 61342 2820 8369 3420 61397 4381 1436 22672 61421 14932 2447 1250 15632
201 61522 61417 30295 37176 2227 2678 6041 1344 50244 3425 1182 11373 12451 5155 61223 90 18805 1259 4659 61688 61543 2309 15859 42125 15632
4002 61372 29622 3349 20474 61995 61491 2309 30987 2418 61646 61852 61320 4928 61543 3022 56987 24431 7345 6360 17240 61995 38243 30725 9272 4888 2678 61553 4805 61707 1804 61311 3425 3022 56987 61725 61320 2678 8005 61547 60655 4381 9272 1250 61487
201 61426 61336 61688 61676 2820 1328 7137 1120 61676 2820 61223 1182 3818 3970 8465 20584 61732 61421 6041 61411 8578 61342 2227 7345 37974 3129 1307 19058 12392 2309 6162 20584 61547 60655 4381 9272 17162 61223 671 20510 54407 1072 61312 8005 42125 5309 1307 19058 2115 3701 15632
201 61342 7845 61455 20278 4888 11136 8369 61780 61411 22672 9420 4805 61654 5309 2227 3425 3022 7814 61522 1704 2309 6162 2115 29776 5155 93 61646 3970 5213 61995 2309 6162 61223 2882 13479 2820 6360 9420 5309 61654 2678 2678 9955 61547 61417 61707 5298 3129 4928 17100 1250 1736 3349 9955 61547 61417 61707 5298 2820 6360 1307 19058 61455 9420 5309 61654 2309 15326 2856 61688 61216 60656 2309 6162 4928 17100 1250 769 48620 10332 20276 3163 1250 2375 9680 3701 6162 1325 3701 2423 6571 4386 9272 31834 9362 8902 1182 4866 61480 2820 395 1704 3301 3307 5155 20286 14590 1250 15632
4002 61676 61788 61868 33325 2309 846 61356 4688 2227 1736 53194 1259 61678 1515 62305 8578 2227 3349 61132 12392 2309 6162 8369 61780 61411 22672 1802 61455 61543 2227 3129 1250 61223 4888 6041 61320 29154 61491 61342 2678 2678 61553 4805 61707 1804 2906
140 61283 61260 140 11701 2309 4002 61725 27013 61678 2309 15326 6107 24904 13540 7105 61372 3349 17240 19553 61553 4381 9272 17162 1250 2375 5484 5958 18808 4659 2309 15859 42125 5484 5958 18808 61320 318 54591 61426 2309 15859 42125 93 8818 61426 1700 5309 13452 52278 2974 61547 60655 61372 61265 1250 61487
201 61678 61426 61228 3121 61336 3163 61768 61553 7105 61397 6360 61441 49587 1344 61576 24777 61356 61707 1802 61455 61678 61372 61678 3425 2974 61421 5309 1344 5298 40929 2309 20474 36592 5155 798
671 62431 21285 21613 18415 27013 1736 2856 17905 61417 30289 61491 55322 1822 3121 26671 7814 2309 671 11501 61480 10061 61455 2309 671 11501 61480 10061 61455 61491 2447 1736 2856 17905 61417 30289 61491 55322 1822 3121 26671 7814 9866 2309 15326 73 8787 3494 40644 2309 3022 6228 61547 61441 2227 3349 61132 12392 2309 6162 2974 19553 61553 4381 395 2423 61426 3349 61132 12392 2309 6162 1058 10833 3420 61441 3425 15478 2227 2678 54985 1704 2309 20247 3129 6360 17240 61995 38243 2309 20247 3129 2882 1700 8369 9391 1700 2227 3129 1250 61216
201 61491 61381 4351 7623 61320 36101 1259 31570 2974 52376 15795 61223 1736 8902 59118 5213 61356 2820 23398 8902 50270 40192 61320 1704 3425 2678 61732 48111 15795 15632
10332 7137 61813 3425 22258 2820 1182 3448 1704 3425 22258 2820 598 33257 61553 4381 12392 2309 6162 21766 61426 23131 1250 3669 6360 20918 5129 61411 24202 57583 61372 3425 49687 25923 61342 2447 1250 28465 13452 1428 1388 2375 2882 5309 17234 30555 4703 61397 1388 61654 9362 30555 4703 61397 1388 61654 2227 3129 8436 16848 51790 4928 17100 1250 61223 4888 1259 5129 61455 9362 21766 61480 61547 60655 4381 1250 61216
10332 7247 3420 58822 61441 61547 1250 2375 4109 9866 2309 15326 8005 44221 2678 46799 12392 3349 58822 61441 61547 1250 61223 11366 3701 15326 1325 61947 4659 61553 62305 10833 6307 1259 3669 11136 51797 17384 2227 2678 46799 2115 28224 1250 1736 1643 61441 2227 2309 15326 35546 1704 2820 19747 61342 2447 1250 61216
201 61654 1344 61576 48017 7345 17720 12151 28947 61491 4002 61426 7814 61543 1388 61397 4002 3301 61654 2309 57645 6360 20474 61995 61491 9272 1250 61223 6360 43150 6984 2974 19553 33325 54591 61426 2227 2309 49245 798
201 1684 36101 6571 1250 2375 8902 50270 2227 2678 6298 61813 61473 1736 59664 2820 40192 61320 62246 61223 1736 8902 50270 2227 2678 6298 61813 61397 4381 1058 61576 57253 2115 3701 14932 61417 15632
201 61491 61381 3812 2820 61441 2309 46649 25516 4359 61356 61397 2309 15326 61223 8369 61780 61411 22672 2447 1736 17589 12392 3425 51399 39572 1250 2375 4002 24777 61417 21613 61397 61417 61397 2309 49515 2882 61576 61441 2820 2974 61553 7623 4247 16749 9362 1058 54407 1515 62305 10833 2447 43938 20510 61342 1515 61455 61336 7105 61441 3812 52029 61654 2309 15326 35546 2447 1250 61216 1182 13719 395 8578 2820 2974 61553 7623 2115 29776 5155 61223 1182 4866 61480 61223 8005 61336 61688 61473 61995 28153 2423 41471 1250 61223 1736 21797 20474 36592 21849 61654 61473 24349 61397 61426 2820 2974 61553 7623 2115 12451 5155 798
1736 1182 4866 61480 2776 958 61818 13340 3129 2418 1704 2309 20247 3129 846 61441 61654 1704 3425 57673 20469 3349 15859 61397 27869 10406 61216
201 61659 14796 61320 61223 39903 2974 61732 61411 8578 61995 27051 6162 1436 3085 4703 61705 2227 2309 37722 3129 5484 61426 62305 6307 45132 2678 6360 10061 4381 2115 61320 61678 6838 1736 8005 1822 61426 9399 2447 1736 1802 3134 2227 2309 54591 61480 10061 61995 12392 2309 6162 8002 60479 12392 2309 6162 1436 9955 22435 61522 1250 2375 4351 8902 846 61356 61654 2227 3812 1436 10419 61676 4247 15632
41649 1120 7419 2678 61336 3163 61553 62431 61397 93 15616 61314 61265 7345 1687 61576 4703 3301 61654 7105 61372 3129 14412 33065 20469 3425 1436 15585 61868 12796 2447 1250 61487
201 12507 30289 60656 4002 10192 4703 61654 2678 61336 5298 3129 9866 2309 38884 2227 3349 15859 61397 27869 12392 2309 6162 3679 36303 3448 61441 9272 17162 1250 28465 10979 15566 19760 4381 12392 2309 6162 2375 23682 61491 61480 6107 24904 22467 61381 61995 28556 2820 9272 17162 1250 61223 16320 21861 3301 2447 1736 30412 61553 61381 1700 20469 2678 8005 3701 61421 22628 61543 4381 9272 17162 1250 10359 9866 2678 1436 1984 4127 2820 46109 42372 61441 3307 5155 15632
201 61491 61381 13452 52278 17167 61350 2309 6975 2324 4247 28224 1250 2309 15326 2678 61336 3163 61768 61553 7105 61397 61223 7247 60674 23348 2820 5086 15117 3307 5155 2375 8237 671 61522 1822 8898 61491 6925 2418 2447 1250 15632
10725 6041 61320 29154 4386 14157 4888 73 8787 3494 40644 3349 23348 48264 1259 4659 61688 9520 14157 9362 958 62305 30489 61490 4247 17162 14157 61216
201 61473 61417 61441 7845 5309 7345 9420 36752 1978 511 2678 61223 4002 61725 61678 61426 2309 2974 32210 61397 61342 2309 44169 61372 2309 23398 61223 15161 1250 61223 201 61725 61455 15818 61426 2678 6360 38537 35088 43938 27497 3201 33065 26934 1250 4888 38537 35088 43938 27497 3201 33065 26934 2678 8005 61547 60655 4381 12392 2309 6162 61287 1736 36758 61470 61426 61576 61480 61543 61468 6360 2974 19553 33325 51021 1250 61223 4002 61725 61455 61678 61426 2678 50945 61372 12392 3425 1182 44124 61421 1250 798
201 61522 25579 6984 8005 44221 2227 7345 6360 4002 10192 4703 3301 61654 12796 14590 1250 11366 11439 23348 2820 9866 2309 6162 24509 9250 4928 3307 5155 61223 1182 4866 61480 5086 8902 1802 3134 4659 3425 57673 20469 2678 3201 61336 1704 2309 6162 18235 2423 1704 2309 6162 18235 2423 1704 2309 6162 395 61868 8005 3701 61421 61480 10061 2227 2678 73 8787 3494 40644 2309 8005 3701 61421 5309 8005 3701 61421 61342 2227 2678 10310 1428 1388 15632
201 43556 11501 30220 61543 31544 1058 61480 10061 671 10192 2447 61381 3129 11136 52260 4247 1704 2309 6162 8369 3420 61397 4386 9272 4928 28224 1250 61223 48620 6041 27831 61522 4351 671 11373 15498 9362 11456 61480 21613 1736 11456 61480 21613 2309 1058 61411 61852 61411 6320 1704 2309 6162 35546 3163 44082 15632
1515 61417 61381 61372 3425 1428 62431 61441 62431 61547 7345 44142 671 14358 1250 1736 7385 61705 4659 61441 61576 24777 18605 9520 23348 21849 3448 40929 3129 1250 61487
201 61659 61947 26934 61480 20572 5390 61732 2227 2309 54591 61426 61223 6041 61411 35139 20469 61223 1736 17720 61543 20469 2678 395 3448 24777 47770 61441 2447 1250 2375 39373 2227 3129 3022 61356 4703 48263 3425 49687 25923 61342 2447 1250 2375 44142 38537 35088 43938 27497 8369 9391 1700 2227 2678 1307 19058 4247 15632
201 61491 61381 4002 61372 61311 2898 4002 61372 61216 61311 2898 8005 61421 62305 10833 6307 3349 14949 12392 2309 6162 6041 38243 9399 4381 9272 4928 28224 1250 52 19223 5484 27802 61411 61480 61473 8703 31755 40929 2678 19196 61455 23471 2820 22881 12392 2309 6162 1058 61480 10061 4381 9272 13452 61320 44082 15632
201 61426 2661 61936 4659 2227 2309 8005 8818 61947 61372 3129 19724 61426 9399 4381 2882 61417 61654 29800 61223 6041 1344 62305 6307 2309 2882 27869 2820 6041 61417 61936 61995 2227 3425 22258 2820 61223 3201 33065 61411 2309 671 11373 3201 33065 61411 3129 11456 61320 7720 1704 2309 2974 52376 3129 1643 1120 61543 4381 9272 41471 1250 15632
201 61491 9536 15914 46109 4247 3163 23841 61223 19776 23471 3425 2678 61732 48111 15795 2375 136 51797 17384 2227 2820 1259 4659 42039 45047 93 0 61265 1736 43150 6984 9866 2309 15326 8005 61336 8578 61995 12392 2309 6162 15632
201 61553 61381 4381 1515 62305 10833 6307 3425 57583 61372 1325 17529 6925 1436 3085 4703 61705 4381 9272 4928 28224 1250 2375 201 18808 25376 2309 15326 15859 61397 61688 61473 4381 1515 62305 10833 6307 61287 61287 10359 1058 61576 57253 1058 61576 57253 12392 2309 6162 1259 61868 13452 52278 56342 22430 1250 4888 19196 61455 23471 9362 19196 61455 23471 2820 35206 1250 15632
201 5236 61336 3134 24349 61725 5309 61372 9866 2309 1325 15566 5958 13184 2309 51980 2309 37722 3129 38537 35088 43938 27497 13452 52278 56342 2115 11752 8898 1250 61223 1736 671 1388 21613 61372 61441 7345 61654 19109 61342 2227 2678 1058 61576 57253 17720 33257 56342 2115 29776 5155 1058 54407 5484 5958 18808 61320 2309 1802 5309 62431 42655 2227 1736 5484 5958 18808 61320 2309 17240 61995 38243 2227 3129 19724 55867 4381 2115 29776 5155 15632
73 8787 3494 40644 2309 1436 22672 61421 2309 58567 140 11701 61228 27040 61247 7345 61654 19109 61342 3349 14949 9272 4928 17100 1250 4888 395 61868 9757 12507 30289 7345 61654 19109 61342 3349 14949 9272 17162 73 8787 3494 40644 2309 1436 22672 61421 2309 58567 1058 10833 3420 61441 8005 18808 33800 4381 9272 17162 1250 61216
201 1684 43174 20918 5129 61411 24202 61223 4351 4928 45765 1428 21496 2375 4351 7247 3121 8436 30725 4386 2115 29776 5155 4109 44142 2820 61223 4888 8902 671 61522 1822 45132 2678 7483 1704 2309 6162 1259 3818 61491 2678 40192 61320 1704 2309 6162 15632
17720 12151 28947 61491 6052 1822 3701 61654 61547 62431 61441 8005 61516 62048 61372 2678 73 8787 3494 40644 2309 49515 35091 61480 2447 40929 2678 1802 50470 2115 14590 1250 61487
1736 8436 10332 1643 28669 13105 846 61356 61654 2820 42372 61441 2447 1250 61236
201 61426 61576 9955 10192 4703 416 1182 61490 4688 61547 4688 2309 23398 1307 61357 61441 62431 61553 61357 61397 93 61397 17529 2600 958 2923 1704 61265 2820 6107 9955 61372 1307 61688 18125 61455 55370 2227 3129 29135 9272 31834 61282 4544 500 1804 2980 1676 11980 61312 1515 36356 2227 1736 11549 1515 36356 9362 1182 3818 3970 1250 15632
10332 395 3970 31365 40192 61320 1226 4928 28224 1250 10359 12613 61247 2309 958 62431 61707 61441 2227 2678 20918 5129 61411 24202 1259 61426 61688 3163 1182 44124 61421 1250 61216
201 61676 13479 1736 3679 61654 13340 2309 2974 61411 61480 61473 4381 8369 13218 61995 2227 2678 45712 1226 1250 2375 73 8787 3494 40644 2309 6298 61480 10061 61455 61491 1802 3134 61455 3022 61421 6228 61553 3163 40929 2678 6041 38243 9399 2115 12451 5155 61223 48620 1058 11373 61705 4888 8005 3701 61421 2856 61688 61216 60656 2309 5484 5958 61516 61357 61397 2227 2309 49245 2974 19553 61553 4381 5484 5958 18808 61320 40929 2678 45712 2447 1250 4888 21849 61553 4805 61707 644 2309 6162 4386 14590 17162 1250 15632
201 61659 14796 61320 6872 20584 61732 61421 9866 2678 1802 3134 2227 3129 2820 23348 18235 7814 31987 61426 1700 2227 3129 2418 8898 1250 61223 1182 13719 2820 9823 9866 2678 1325 1822 61473 2447 61441 3129 671 25706 2447 1250 15632
201 61491 61381 1687 61357 61441 61336 3425 395 61480 61473 4659 61688 17384 2227 3425 5649 61553 20469 3425 6320 61868 41526 17240 61995 38243 19223 1687 61357 61441 61336 2227 2309 31986 61818 4703 8005 23374 61780 2227 2309 15326 14157 61223 6041 38243 9399 3201 33065 61411 61707 61228 61516 61357 4703 61397 15967 61473 61576 3301 61654 29800 6041 38243 9399 1250 798
201 43556 7623 61320 2820 30018 1700 4381 93 61543 61576 5236 4002 3301 61491 3301 61491 3301 14248 61336 3301 14248 3301 61553 5624 3425 23471 769 1515 61455 8578 61455 5135 61228 5019 3349 61725 61455 61553 61372 2678 21849 61553 4805 61707 644 2309 1307 10419 61676 2227 2678 21849 61553 4805 61707 644 2309 8005 61336 61688 61676 3163 40929 2309 6162 15117 17100 1250 61223 4888 20665 2309 20247 3129 21849 61553 4805 61707 644 2309 1428 7105 61356 2309 1428 7105 61356 3349 14949 9272 17162 1250 15632
201 61491 61381 5390 61732 2227 2678 17720 61543 4659 2227 2678 35546 1704 2309 1428 7105 61356 47373 1704 2309 6162 1325 17529 3186 1307 9399 7105 61441 5922 62431 61441 61336 2309 15326 8005 61336 8578 61995 2309 6162 20918 5129 61411 24202 1250 61223 90 18805 1259 4659 61688 61543 2309 15859 42125 61487
2678 61336 61372 61417 25373 61441 61397 2678 1259 4659 42039 7105 61372 3349 58567 12796 29776 5155 93 61491 61381 61576 61480 1182 3818 3970 3022 61455 45765 4381 2882 61426 42039 9362 1687 61320 61421 9520 1182 61372 42039 61265 1736 1307 1344 62431 61372 61676 61411 61654 61397 93 61543 61576 5236 1307 1344 61372 61676 61411 61654 9362 1307 1344 62431 61372 61676 61411 61654 3349 3022 6228 61547 4247 28224 1250 647
