1084 140 50556 61260 140 11701 3280 3394 33976 1393 7069 448 25573 106 5567 354 114 106 4494 106 7694 16361 1439 106 4494 106 4949 24 373 106 128 61260 1511 2472 61224 21839 2890 31 61231 56100 448 1286 61540 850 106 128 61260 61216
29461 36746 5573 8305 2716 14 1036 2890 191 60090 7089 238 481 282 373 212 22168 105 61223 757 33356 139 427 1021 3761 20803 61 448 2158 22761 8058 578 7352 373 448 2158 22761 13 1164 7 1775 61223 42 22722 5474 1511 2786 3025 24 1061 238 1901 71 105 61223 1227 7855 52934 61288 61223 1061 238 73 4772 61253 61223 1061 238 1901 71 105 7855 61214 282 61223 1061 238 1901 71 105 7855 61214 282 61223 1061 238 1901 71 105 3817 37346 373 1061 238 1901 71 105 3817 37346 61223 20017 1061 4426 106 238 23277 3025 453 73 8787 3494 40644 2800 1061 238 28506 3025 61216
1084 318 30464 61223 31 61231 29983 2828 448 5279 34478 2277 31 61231 3806 577 585 4 48852 61288 1021 15095 209 233 5159 180 7750 40867 1172 238 686 23520 314 448 603 6462 24 373 1021 4718 3707 1439 5754 1036 61216
2125 28 61231 61204 1196 8305 40713 61288 106 238 1901 71 105 61216
11719 44 8046 448 310 3087 2277 461 61214 4349 1021 681 53498 106 3280 10451 448 13982 61540 1277 61223 3037 461 204 61 1061 238 51891 448 70 1159 2232 61223 390 35466 61223 106 12567 1162 6149 191 13099 61494 478 373 13 61231 10 30438 11 448 4718 3707 1439 61216
1084 15030 106 238 140 50556 61260 140 11701 373 1021 4793 1036 106 31 61231 6602 4830 77 43 61540 919 1021 32732 52014 162 2128 24 26050 106 57922 8046 33976 1393 7069 416 5812 183 448 1286 61540 850 6434 7352 13 61231 56100 61216
754 914 24 701 67 5133 2277 1021 13982 61540 1277 26641 139 106 238 51891 6681 4494 6006 61225 12662 61223 41054 215 61231 3087 70 12941 27536 26185 13 61231 14087 35 405 13 61231 3806 577 585 17257 603 49572 61216 31861 61217 31 61231 6649 664 106 238 686 23520 314 793 75 2979 61223 31 61231 3806 577 585 448 13982 61540 1277 45928 11 790 986 61223 27546 31 61231 61288 49572 61223 595 485 49538 106 8 61231 437 9418 427 15614 1021 13982 61540 1277 2888 43360 1626 224 1562 1061 31 61231 61288 49572 61216
1111 9364 61223 6202 2277 4520 61233 13405 61228 7422 24609 28 4355 526 61223 2277 238 1901 71 105 61223 38777 106 6552 7750 40867 6681 38552 1036 61216
5218 50340 19960 50 7352 106 14269 1775 11019 5573 8305 1521 212 1379 373 595 485 12003 106 1905 11 191 14269 3288 1537 52934 61288 106 3761 61223 16285 3072 230 390 31 61231 19569 951 106 15030 106 307 1216 61223 106 28829 2800 13 61231 20399 276 585 3037 6681 596 599 24 1061 448 307 1216 61216
5218 36746 453 20803 13045 2769 61 1227 26185 4522 9398 9261 61216
58 61231 437 9418 427 1021 59501 490 180 13 61231 3054 15845 106 49640 314 574 219 35487 1296 29483 448 25756 3926 6048 2277 737 14257 1061 1546 427 15614 1021 13982 61540 1277 3037 6681 1061 31 61231 528 30838 448 24930 1069 50 203 6048 2800 26641 139 106 238 51891 106 9982 61214 2888 43360 2622 16624 448 59501 490 180 106 49640 314 61223 595 485 43699 106 3175 25350 448 35543 276 3565 1244 9248 3930 2277 3165 24300 2786 3025 61203 61216
5362 61214 2733 61233 1080 97 158 10538 3815 180 2277 24609 1061 12964 2061 106 1379 2105 61216
116 61231 29983 2828 448 23722 106 31 61231 40074 4 35011 1521 212 1379 60644 25756 22301 245 25394 212 32031 13 61231 528 2474 2452 1021 25193 383 106 1244 1478 2828 3817 61214 1150 1061 31 61231 528 20383 61216
1084 3379 30464 61223 245 25394 28 2474 30 443 4 38552 61288 26844 1021 603 6462 24 61223 1021 19010 1036 373 1021 15340 3054 1036 28 2474 30 443 2583 5573 21047 8305 38552 6048 61223 1546 3037 8013 61598 1161 1021 30963 106 47159 106 238 58453 61216
116 61231 14284 9248 951 106 2346 317 3087 106 84 61249 61251 61249 106 5272 4 35011 2346 21164 11145 427 245 90 20571 13405 9624 3165 24300 17047 106 31 61231 14284 5862 448 40309 61216
1084 4157 746 10 461 2226 1021 3411 19 13 61231 3806 577 585 373 13 61231 30 2234 114 448 603 6462 24 373 106 31 61231 3463 963 3025 448 23586 61228 55326 61216
116 61231 724 61219 1424 61540 159 1653 2062 106 73 8787 3494 40644 1162 61203 314 1227 2346 6804 453 18590 61216
1149 4 2733 2093 61223 595 485 21047 2585 106 1286 13444 245 29899 13 61231 2308 10821 6590 373 106 11841 448 25193 383 106 685 564 133 81 448 25573 1172 238 8456 61216
4951 5509 31 61231 819 181 441 61223 595 162 43241 13 61231 61288 135 2084 11 373 4494 61216
19531 5867 61225 631 21047 23322 7 1021 1256 1205 106 10538 11368 2800 106 31 61231 94 9937 175 2800 106 29613 3684 5046 1901 71 105 491 61216
1506 15370 14541 448 24997 850 13 61231 3054 15845 106 49640 314 373 106 5971 54 13 61231 3054 15845 2277 1021 13982 61540 1277 61282 32732 81 60090 448 24997 850 13 61231 3054 15845 106 49640 314 7089 1021 1414 19178 373 1021 13982 61540 1277 61216
593 574 19753 92 106 682 28 2457 4 8305 56898 2977 61288 2890 245 73 8787 3494 40644 2890 1021 5736 985 1857 180 13 61231 232 18789 2093 36563 1021 30199 61223 215 61231 44 28 61231 61220 4 1196 106 58 19832 61228 61245 8787 40644 2890 245 1857 7 106 2673 270 61220 441 106 7855 106 38829 61228 1829 61223 42 22722 31 61231 7358 61246 8789 15 3542 2890 1021 14110 30963 61216
116 61231 16601 1028 951 144 779 132 3735
754 14269 1775 128 61260 373 106 31 61231 20399 7698 106 19960 97 282 106 5623 155 6681 13405 61228 7422 1196 855 677 806 106 49525 11841 448 25573 37429 9175 49978 61216
754 1775 12347 7982 6681 20803 1036 1061 31 61231 528 30838 106 31 61231 47912 139 61216
1084 500 30464 61223 238 306 710 192 448 4718 3707 1439 3037 5573 8305 10583 1036 390 448 25756 13 61231 5471 951 453 73 8787 3494 40644 6681 212 481 282 61223 17523 245 14269 13 61231 3054 3707 1439 3280 327 229 1036 485 106 4920 9656 16072 106 24930 61223 17523 1442 3396 16072 106 24930 453 19228 9 373 106 1740 61309 16072 106 24930 61216
2125 42 4 448 404 61214 1277 3037 13547 919 427 1021 3761 20766 4718 14 106 1901 71 105 550 13359 21047 1553 229 1036 61223 16285 504 12567 44330 106 50220 485 25984 212 24445 106 31 61231 10 132 21745 61216
9554 139 31 61231 819 181 441 61223 595 32391 11841 238 2264 61223 27546 238 39483 1161 106 238 39483 1161 61216
1084 7672 106 1901 71 105 485 8349 1043 58301 2277 7745 11 1021 2757 61217 2594 2800 1021 2757 61217 2594 2890 238 2189 63 13 61382 3054 1839 61223 40713 61288 504 238 1901 71 105 485 1553 229 3735 61216
116 61231 40577 1879 13 61231 40577 1879 485 8384 347 1061 1087 11 106 238 7612 61223 5474 595 28 61231 61220 4 1196 106 1901 6 92 61223 32390 595 32391 32390 26054 1227 26185 1328 16 29527 180 2277 8 61231 437 9418 427 233 94 104 13 61231 1851 1065 312 9 20017 2346 135 15 133 61288 61223 27546 1227 26185 3165 4672 61223 37533 61231 61387 31 61231 40577 1879 61216
754 14269 1775 11019 5573 38552 61288 2800 2786 3025 1021 20235 61210 61223 1021 3259 5566 44191 373 1021 3343 24 5052 576 12662 61223 212 47296 1021 3343 24 26641 139 106 238 13652 61223 1021 3259 5566 44191 373 1021 3343 24 5052 576 12662 61216
1452 1901 71 105 106 31 61231 3054 14 93 9164 61207 61314 61265 34286 14110 10112 106 1901 71 280 61223 31 61231 1851 3037 144 779 7161 790 3165 1901 71 105 106 31 61231 232 76 33892 61223 3165 28958 36913 3037 13405 144 779 7161 3165 1901 71 105 453 29899 33923 53050 61216
73 8787 3494 40644 58354 61311 4657 71 105 106 1901 71 105 13 61231 3054 14 61265 24982 3735 390 238 1901 71 105 58 19832 61228 23419 61314 3598 485 191 3630 7 106 1901 71 105 33923 53050 3817 37346 61223 3037 4 8305 9726 3735 13 61231 143 257 245 1072 50078 778 61311 2890 31 61231 2704 3735 233 2297 594 61216
1667 1111 574 639 2538 61223 390 1025 500 1740 61301 3761 643 9261 390 73 8787 3494 40644 1511 9235 877 61206 1150 61223 595 42 4 118 9612 61332 28 2457 60513 32751 427 31 61231 31606 951 13 61231 556 26185 3165 1901 71 105 106 5623 798
1452 306 710 192 448 53097 11368 603 63 2225 6197 93 61251 5340 61265 116 706 453 34978 13 61231 4653 60802 61223 595 42 1227 68 191 603 1161 61217 61223 59329 47778 215 61231 44 42 4 448 52110 1478 52963 45 26812 5777 61223 595 34286 41054 215 61231 44 485 4352 585 12003 106 35503 123 427 1021 1901 71 280 26 348 61211 6048 5573 191 33048 61223 10538 20959 149 3684 61225 61540 123 468 1227 24445 106 238 41555 2096 61228 18682 61216
29461 50510 10625 43467 27676 6048 2890 1021 50510 10625 27676 6048 2890 1021 50340 13 61231 16601 1255 2772 60768 373 2890 1021 4718 15845 106 2673 270 61220 441 7855 61214 282 1090 6 61223 17523 12607 61277 37134 9530 1296 6172 19960 97 282 8058 578 871 61339 17158 1021 4718 15845 106 1901 71 105 61339 31936 4718 15845 106 2673 270 61220 441 453 7855 1595 207 61339 15291 2673 270 61220 441 453 7855 106 238 1901 71 105 61339 373 19694 238 4771 448 25573 61216
18440 106 14269 1775 11019 61223 1021 1256 1205 106 238 23417 2800 106 31 61231 257 5984 436 25394 871 61223 1021 3995 61210 2105 61210 106 1260 61210 1578 38982 2962 1021 1083 55375 2105 61210 1885 7352 5573 8305 816 220 7002 2800 1946 29527 585 5535 21760 1036 61216
1667 801 1442 61256 28 2457 93 2898 61332 32751 448 25573 1172 1021 3761 574 219 35487 238 10420 951 448 1901 71 280 8058 578 6197 373 13 61231 21798 2158 22761 106 56225 3871 110 3037 5573 1887 448 47794 5133 29893 106 238 61086 33923 53050 93 61205 497 556 61223 13 61231 143 455 436 373 13 61231 16601 1255 93 61205 497 556 17910 2699
2717 6202 28 61231 43133 1196 13 61231 21798 2180 980 61223 737 61214 2733 61233 59501 903 1061 31 61231 10 132 21745 14505 50986 61223 19197 427 245 14879 106 28796 40655 1021 40309 1061 9620 1172 17816 1185 33853 61216
13969 2068 6040 61223 1021 13982 61540 1277 106 31 61231 41882 963 3025 106 2068 6040 27735 383 61 1227 26185 10684 16072 106 10945 33976 1393 7069 1061 26497 18435 61216
18440 1021 4 1478 285 8710 11269 1501 24 61223 1021 2786 6028 13 61231 2066 3735 10713 12957 23903 43467 13405 61228 7422 2346 13400 6048 61223 504 6202 6024 8556 3684 14666 230 1061 238 13652 106 238 38824 61223 41794 11019 2277 31062 16285 6202 3175 25350 448 3763 13 61231 194 54 61216
87 61231 21798 24930 3280 327 919 106 31 61231 6649 664 448 603 6462 24 3817 61214 8709 4136 24 61216
116 61231 39783 485 106 21717 245 38829 13315 13 61231 25470 106 11460 26917 61216
481 94 104 106 880 16072 13 61231 5161 564 133 1439 149 1188 19 61 36563 1021 30963 13154 61218 1036 106 1336 1061 1902 2843 373 245 4494 52934 61288 390 1025 5786 20042 24 2800 4494 61223 373 36563 1021 30963 13154 61218 1036 106 734 1061 463 2843 373 36563 1021 20042 24 106 1676 1061 4497 2843 93 1467 1820 15510 682 52 16723 647
5218 51746 2093 13154 61218 1036 373 1021 3761 51604 3165 1901 71 105 8058 578 871 6681 245 4494 5088 61210 61223 25551 30723 26054 448 59501 490 180 13 61231 5161 564 44 61223 3 1150 427 245 1260 564 4 1478 285 61222 2800 191 12390 443 4667 106 685 564 44 441 61223 212 47296 1021 36216 5133 61223 16285 8 61231 44 28 61231 61220 4 1196 106 31 61231 12655 495 61216
4657 668 61288 1546 3037 44527 245 73 8787 3494 40644 9065 34479 25984 38777 106 1185 56 985 701 5984 110 61223 5474 1021 25573 9631 24 13547 919 427 11460 1901 71 105 485 4494 35627 427 238 5352 5929 3025 373 238 5352 5929 3025 448 823 1775 3817 61214 1150 61223 238 5352 56763 485 4494 52934 3735 1061 58 19832 373 72 16486 5474 4494 35627 61216
13121 24445 106 31 61231 49375 106 42733 10112 106 6006 26260 390 31 61231 2308 1453 377 106 31 61231 874 3735 18583 191 3653 15708 4 3684 110 899 1061 45928 11 33976 55788 106 14719 61309 417 245 705 35857 212 6702 4352 106 4467 25600 2950 106 10945 2277 1021 19010 142 4210 34605 110 1061 31 61231 2308 1453 377 5135 61216
29986 13 61231 143 257 61223 10538 25573 6681 3675 8283 373 6681 1946 29527 585 3280 5729 1061 238 54939 448 25573 1172 1021 353 9161 61223 1546 3037 485 4540 1061 238 7943 448 55036 1172 245 40993 106 238 26607 18507 61288 390 245 14269 106 1901 71 280 373 106 238 25885 3025 13 61231 61288 2872 7 448 38900 3037 5573 8305 1188 6028 390 448 17268 383 106 1901 71 280 61339 1061 31 61231 374 61205 2537 106 4494 106 25573 61223 10538 36746 2277 31062 149 1188 428 106 2877 3565 61216
1452 16174 802 61288 2346 21164 7 427 11460 50510 1773 13405 9624 643 3025 61203 106 34603 2305 34427 105 448 25573 13 61231 2031 22621 1681 61223 26 61231 129 61228 61387 61228 24125 3165 4718 1839 37134 3735 390 245 128 61260 106 10629 30 497 373 448 1553 81 1025 12662 13 61231 52308 61223 17523 1021 55036 1172 31 61231 2398 61229 373 13 61231 21798 1901 71 280 5573 8305 11269 61211 6048 7089 4114 5509 61223 2890 10538 2757 61223 11521 1021 5495 20947 1061 238 353 175 106 25573 373 1021 49953 106 12757 527 6048 1061 238 49640 314 106 16426 61216
116 61231 6602 4830 77 106 2005 5451 1359 106 31 61231 29983 2828 448 5279 34478 2277 31 61231 3806 577 585 4 3175 482 448 25573 13 61231 3054 3707 1439 1172 1021 1256 1205 453 73 8787 3494 40644 3037 10052 61 1061 31 61231 71 3814 56763 106 31 61231 3806 577 585 21679 31 61231 3806 577 585 61223 1061 31 61231 61288 49572 61223 1061 31 61231 3806 577 585 3675 2979 373 1227 23974 5459 34363 734 5812 61468 373 1227 14269 13 61231 5161 564 44 13 61231 3806 577 585 11004 30838 521 1423 34363 500 7909 4625
116 61231 819 181 441 106 238 1901 71 105 46299 2107 11062 485 13547 11145 11521 191 1244 45401 46299 2107 11062 2277 245 1209 5 61216 1452 1901 71 105 485 37134 3735 390 191 16 4653 1164 93 61246 769 42 22722 245 93 61247 61265 373 238 12581 106 1588 7793 93 61239 61265 3037 6681 575 614 61210 2890 1021 132 1150 61216
754 14269 1775 3261 437 3247 373 448 835 8710 5573 21047 2346 366 94 61288 41794 4793 1036 1511 25885 8283 61223 60644 681 53498 5573 8305 1946 29527 585 38552 6048 61216
51 411 1021 1286 61540 850 70 61469 110 6681 212 24445 106 5352 5929 2828 106 823 1775 373 106 73 8787 3494 40644
5218 835 868 61210 13 61231 59 26764 17227 52467 1150 106 238 1901 71 105 106 31 61231 3054 14 106 31 61231 3054 14 106 238 58 19832 757 33356 61 427 238 1901 71 105 13 61231 3054 14 4279 3735 1227 58 19832 8 61231 129 54766 21 61288 162 1641 528 585 2890 245 47582 21941 1260 20495 3188 61216
24918 1061 590 48383 61216
1149 13045 1227 11019 3037 17393 35487 448 25756 61223 595 485 10629 5759 427 61223 666 57109 1061 11460 49081 61223 191 23974 106 24662 448 43385 22441 4494 52934 61288 61216
116 61231 30298 793 75 2979 448 5736 985 4718 3707 1439 485 10629 28870 68 726 106 155 1196 2346 13400 11 1328 3873 61223 31 61231 30298 13 61231 3054 3707 139 53598 155 2346 11101 159 1196 4088 3873 61216
4951 5509 238 38552 37 314 106 31 61231 61288 49572 61223 1227 26185 16741 16072 13 61231 3054 3707 1439 373 106 19623 1414 19178 26262 26054 448 3684 51435 60944 448 49201 106 23723 23125 2979 61216 1111 1619 9248 1359 61223 245 1838 106 2346 394 21430 793 75 2979 485 238 14110 56153 4770 16729 1227 1838 23125 2979 61216
5218 3761 3037 2769 61 106 1901 71 105 106 5623 373 3037 149 1188 19 61 13 61231 61288 976 61218 281 61223 13 61231 21743 67 3025 2800 106 9186 106 73 8787 3494 40644 30723 56104 7161 5646 61288 1104 14 585 245 15030 19960 797 61216
13969 31 61231 6 314 1230 37346 61223 1021 2925 24 4188 57794 453 20803 15737 61203 6681 27676 1036 2277 1021 1286 61540 850 106 1901 71 105 1553 229 1036 61216
2895 9 238 5957 3025 106 24662 1754 9 237 448 13982 61540 1277 61223 31 61231 48358 24968 106 14879 52595 106 31 61231 30298 106 49640 314 1296 37981 1021 5957 9261 106 24662 144 2874 448 4718 3707 1439 373 1021 5957 9261 13 61231 2308 61228 5356 2513 114 61223 11672 81 31 61231 39417 453 14879 61223 1546 3037 485 2585 2890 245 34978 2619 61216
13121 2346 6804 106 238 26574 1227 2061 106 31 61231 12655 59777 2800 448 11368 61223 1021 41040 5573 28590 61214 61288 238 23723 61223 238 5352 5929 3025 2890 31 61231 33635 3025 61223 1021 793 30194 106 31 61231 61288 5018 1011 3025 373 1021 28796 312 3058 32246 5142 61216
19531 18507 11 631 191 39514 3797 39 2277 8077 11 448 25573 1061 31 61231 61288 1161 16091 22648 373 18507 11 191 39514 2277 1021 38900 685 564 133 280 1061 31 61231 6602 4830 77 1172 238 6705 3025 448 25573 20947 1061 31 61231 4789 1024 3054 114 19197 427 1021 1286 61540 850 106 1901 71 105 373 1021 1286 61540 850 7855 61214 1216 61216
1084 2346 30488 5135 485 3165 13919 686 61288 686 61288 61223 27676 3735 2277 40713 11 238 23723 373 31 61231 10152 50 94 3025 448 1553 229 1439 106 13919 6705 3025 73 8787 3494 40644 61216
13969 31 61231 2308 27263 106 49075 11019 61223 238 306 710 192 448 11019 7750 372 24 5573 10996 61288 448 2757 106 1901 71 280 16174 802 5777 61223 17523 1021 11019 1021 4494 14269 1775 106 238 1901 71 105 6681 448 23586 61228 55326 61223 106 31 61231 61247 1835 15825 61223 106 31 61231 6156 60855 61223 106 31 61231 7213 4966 15825 61223 106 238 6748 61223 106 238 39798 481 282 61223 106 31 61231 47717 2459 26168 61216
14982 32602 22286 106 11460 14282 61223 95 13405 31922 6134 13 61231 61288 135 4159 1021 2264 61210 7089 31 61231 41756 61216
5218 24930 13154 61218 6048 373 1021 3761 51604 448 1901 71 280 8058 578 6197 6681 4494 2158 4421 13 61382 461 639 40655 106 29893 373 13 61382 603 5327 503 61223 245 44330 106 28506 3025 16845 4494 52934 61288 61216
73 61231 129 3165 36913 106 1901 71 105 13 61231 3054 14 61223 1021 1901 71 280 6619 372 24 5573 25984 58 19832 61223 72 16486 373 60644 4205 503 13 61231 16601 1255 53997 61216
116 61231 50456 106 238 33923 53050 93 61219 224 238 5623 61265 13405 816 1024 61288 158 31 61231 3054 14 106 238 31030 61288 795 314 61216
754 14269 1775 106 10538 1901 71 280 8058 578 6197 6681 21941 59727 13718 6048 5334 23586 61228 55326 61282 37981 1021 25573 1754 9 237 13045 6048 212 778 3161 1021 20042 24 278 46914 2827 5573 45928 61288 106 13272 61249 19288 106 31 61231 71 5117 114 106 238 1901 71 105 6074 164 1359 106 15614 1021 23586 61228 55326 93 61387 31 61231 2308 27263 13 61231 21798 1901 71 280 6074 164 3930 52934 6048 61265 31 61231 71 5117 114 106 13272 54539 212 778 2815
703 482 4836 815 2574 61339 19115 73 8787 3494 40644 448 3761 13045 61 245 50220 106 31 61231 9290 5097 14149 8372 2800 245 14269 106 9982 110 106 31 61231 2613 61298 34846 28590 61214 61288 61216
1149 35466 61223 238 306 710 192 448 775 11 61469 1439 816 61215 6447 3610 180 155 13524 110 61 1196 13 61231 163 53498 106 238 481 282 1061 31 61231 25656 9248 1359 93 10 13919 24300 61223 26 61231 129 2277 11841 2886 1061 238 22301 61228 6045 449 61223 212 33978 106 238 4842 105 448 1578 38982 215 61231 3087 6681 5535 21760 1036 647
13969 238 26638 106 31 61231 55463 80 54 106 73 8787 3494 40644 61223 245 12613 61247 373 245 140 50556 61260 140 11701 5573 13974 61288 1021 25756 13 61231 16601 1255 212 823 1775 49019 8709 26050 13 61231 61288 5327 11 238 37046 991 3025 453 73 8787 3494 40644 373 1546 5180 4 4718 143 333 238 5623 2277 11460 49081 61216
1401 23492 106 238 1901 71 105 106 238 43198 3979 93 61245 8787 3494 1804 8335
33746 32879 485 4494 15112 2277 1021 30963 373 19623 1414 19178 61223 238 26 185 114 106 31 61231 3806 577 585 793 75 2979 61223 238 1901 71 105 61223 238 2784 106 31 61231 6447 18644 448 30963 61223 19197 427 1021 353 9161 25160 24214 461 204 6048 390 36268 1061 448 1414 19178 44079 5777 106 28824 14257 61216
1452 45113 3815 5984 436 485 17486 3735 1061 1438 61288 1471 1021 16361 1439 106 238 10499 188 21 1817 61216
29986 54737 61223 245 1072 30464 21922 245 8771 4836 38345 61469 4466 448 59075 3224 24 373 106 238 26607 4 56898 2977 61288 191 35466 106 1901 71 280 1595 21839 212 6748 61216
1452 574 639 2538 106 31 61231 20399 7698 176 12214 4 8305 1020 7646 3735 61223 373 3165 28958 90 15682 390 13045 1227 4303 17665 61223 245 520 61206 106 31 61231 61643 5114 594 106 481 2704 15825 4 21047 8305 1020 7646 3735 390 13045 1061 238 22456 31508 61228 17069 10919 304 61216
1818 5 106 53093 1546 3630 7 61223 1021 9404 7821 3930 5573 27676 61288 1021 4793 1036 233 48245 106 31 61231 20399 7698 26069 1829 55490 3037 4 48852 61288 245 118 11 35502 26176 1061 25345 106 1546 3520 30 575 614 61216
87 5509 245 644 30464 61223 3186 417 448 13982 61540 1277 7750 372 24 5573 839 61206 448 1256 1205 13 61231 16324 9261 13 61231 61288 6462 24 686 1036 61223 45968 11019 61300 61209 2474 405 5573 8305 38552 1036 2890 31 61231 61288 49572 106 31 61231 528 30838 453 11019 61223 1339 11019 61300 61209 2474 1501 24 3037 5573 10583 61288 14719 61309 30963 373 42873 61216
116 61231 374 61227 5926 61222 485 427 61223 23603 132 61231 3087 6681 59567 61223 245 4494 36317 528 485 245 38829 13729 106 57255 1955 2456 40861 61223 106 1546 3037 28862 13 61231 10 23969 2452 1021 25573 162 2128 24 93 12 2128 61203 15970 106 7135 56152 38070 1775 61216
1149 35466 61223 238 12581 16710 40669 106 238 1511 61228 5356 55 1043 114 485 575 614 3735 390 238 3175 61208 8594 13 61231 104 140 8131 106 5352 5929 3025 106 31 61231 61288 49572 1061 31 61231 2474 236 106 238 25035 3471 3025 106 238 1901 71 105 61223 3037 4 3175 482 3165 23723 59243 2979 2277 28528 61494 1816 61216
13969 31 61231 2308 27263 106 31 61231 1216 599 54 106 53097 11368 2800 106 1901 71 280 1061 31 61231 528 20383 1227 3444 106 31 61231 1216 599 54 61223 1021 13622 1439 30723 21047 737 14257 1061 3165 39144 818 686 2979 106 29613 1260 564 2800 106 52110 1478 3025 3817 37346 61223 42 22722 31 61231 6649 664 1172 1021 50340 2772 12957 1310 93 61288 6462 61205 1036 61223 4718 3707 1439 61223 50340 106 26607 647
2026 1359 59522 404 49094 155 13405 9624 34605 564 1172 1021 21392 39661 171 16095 13 61231 16601 1255 453 73 8787 3494 40644 1227 24445 106 238 41555 61216
1111 481 282 61223 1021 56541 19446 3037 149 1188 19 61 5573 8305 774 43319 2890 448 14919 50499 13 61231 61212 23520 39 61223 373 1021 16361 1439 56541 19446 93 10 47296 1021 24930 56541 205 12662 61265 5573 70 46239 448 32790 23603 132 61231 3087 5573 8305 2346 11918 43319 2105 61210 61216
932 490 449 106 238 72 16486 61228 23419 61314 390 31 61231 4789 61215 6447 164 428 106 31 61231 12655 802 2890 31 61231 21743 207 61216
5218 1162 7121 6681 8622 6048 2890 1021 2683 56774 27546 238 8789 44657 175 106 238 2189 63 13 61231 2308 423 446 3037 5573 8305 26429 19 1036 245 73 8787 3494 40644 61216
1667 18440 1021 1072 61256 11549 61301 2757 1172 473 110 1227 6594 61245 61223 595 42 26126 801 1442 61256 28 2457 93 2898 61332 32751 3037 26262 34605 81 448 38900 20947 1061 238 1901 71 105 106 5623 61216 2699
5218 1256 1205 106 238 1901 71 105 1172 238 1260 564 4151 3735 1172 245 47582 35011 28 61231 129 1196 4573 81 61223 5474 595 42 4 448 404 61214 1277 757 33356 61 427 238 6705 3025 13 61231 16324 3025 8961 2226 448 3761 4 28590 61214 61288 61216
29986 54737 61223 9065 28 61231 194 631 1196 1061 31 61231 6 314 1230 37346 1196 2016 61203 427 10538 2925 24 2888 43360 3175 25350 3791 19 29444 106 25573 2277 13488 8046 1021 28528 61494 850 4136 24 61223 2800 427 245 13045 1172 245 6380 10052 5334 49953 106 24401 603 1620 1359 13 61231 25470 61216
754 14269 1775 1511 61228 55 12120 13226 106 575 614 6681 19505 1036 106 6793 7982 49743 106 43842 575 614 61210 61228 61217 3414 42360 93 13192 61245 647
1452 2786 449 106 40282 238 4494 52934 3735 485 238 2786 449 2277 1021 51746 2093 3684 14666 230 1061 238 13652 1578 3735 61223 5474 106 14269 1775 11019 5573 35011 775 1039 61288 1061 35779 7161 10538 22067 1061 31 61231 2474 236 106 15614 1021 51746 2093 13 61231 2066 3735 61216
1667 116 61231 104 448 33100 106 10538 3761 93 2335 24326 2335 54723 61325 32751 574 219 35487 1227 26185 191 3189 106 1901 71 105 2800 13 1164 7 1775 106 5623 61216 2699
1101 7 13315 13 61231 2308 10821 6590 93 56452 77 61265 485 1230 54118 10467 19 3735 61223 3037 13405 8 61231 437 9418 13 61231 19466 8046 4494 13 61231 104 4494 5088 14269 13 61231 5161 10806 2890 1021 26722 106 1901 71 280 61216
13969 31 61231 25656 9248 1359 61223 245 39482 9953 149 50403 4494 1107 20399 74 230 61216
116 706 1359 31 61231 41882 963 3025 106 3949 63 8789 347 106 4914 20872 5334 13982 61540 1277 106 5692 11 106 1602 11 1061 238 58453 27546 245 1578 61288 61223 373 27546 245 50054 16287 106 31 61231 2308 4713 1124 106 31 61231 6447 18644 61223 245 16 2979 106 72 2979 106 73 13537 4 461 43028 1667 106 29483 5646 61288 1104 14 585 448 8325 23249 50 3610 180 2888 312 9530 1863 31 61382 3463 963 3025 106 31 61382 41882 963 3025 106 31 61382 61264 367 6250 461 8835 790 448 1256 1205 5220 4421 1061 24401 25160 105 11900
96 219 3901 106 31 61231 12075 4836 238 39483 1161 1559 159 373 238 12214 61233 61228 22571 61216
1506 3394 15708 93 61387 61300 61387 4776 39860 93 61387 61300 61387 4776 504 2800 61206 61223 212 23969 2452 238 6705 3025 453 47582
31861 61217 448 1256 1205 13 61231 61204 3542 24968 373 106 2786 6028 61223 6202 2277 6515 13405 61228 7422 8789 15 5841 81 427 31 61231 163 30160 3025 106 31 61231 56100 453 59728 1268 61288 485 4494 49538 427 31 61231 20399 33541 7 61216
1149 238 26638 61223 10538 49743 5248 61228 1169 482 3930 140 8131 6681 22660 1478 1036 11521 12567 1571 9959 175 16 61274 8131 10052 139 61216
1084 1686 30464 61223 16757 43 16765 3565 106 11019 61300 61209 2474 405 5573 3027 26621 61288 2800 1521 212 58762 448 25756 13 61231 61288 6462 24 686 1036 61223 17523 10563 11019 61300 61209 2474 405 5573 1521 212 1379 448 603 6462 24 13 61231 3806 577 585 1061 31 61231 528 30838 106 31 61231 56100 453 11019 61223 3149 11019 61300 61209 2474 1501 24 61216
1084 140 50556 61260 140 11701 106 4082 11 1061 31 61231 3054 1839 46275 2226 106 238 1901 71 105 106 31 61231 724 61219 1424 61540 159 4 35011 775 1039 61288 1061 25345 448 3761 212 4718 14 106 238 116 13192 61229 2769 2062 61216
1420 6202 212 123 12838 3165 13313 61216
11151 223 3165 26917 61223 212 33978 106 238 2786 449 106 238 28346 3025 13 61231 2308 10821 6590 106 14269 5083 26722 13 61231 2308 59 383 106 14269 5083 26722 61223 11460 43624 45846 8 61231 71 579 11 2962 448 1901 71 280 4494 29893 61223 212 32031 106 149 13927 11 4494 15672 17544 61223 373 1021 36746 13 61231 12 33909 26262 149 1188 428 61216
18440 60644 2757 61223 595 485 4352 585 44079 497 106 10206 2452 1061 238 58453 61223 16285 504 245 47582 485 8924 61203 5334 36216 5133 106 238 52215 114 61216
11715 61540 1565 61282 1901 71 105 23 61228 3054 14 1878 1901 71 105 13 61231 3054 14 61223 1901 71 105 106 31 61231 3054 14 1595 7069 112 61245 61312 3535 61223 84 61289 61298 61249 106 1901 71 105 1595 7069 61223 1901 71 105 106 3979 84 61289 61298 61309 61223 84 61289 61298 61309 84 61289 61298 61311 106 1901 71 105 106 31 61231 3054 14 106 31 61231 3054 14 106 31 61231 2474 236 84 61289 61298 3137 1901 71 280 106 31 61231 3054 14 33923 53050 15112 93 61239 19832 61228 23419 61314 61223 58 19832 61228 23419 61314 61228 2512 61223 84 61289 61298 61312 106 31 61231 3054 14 106 31 61231 3054 14 61223 1901 71 105 4279 3735 1061 238 33923 53050 453 72 746 10 61228 61264 125 23419 61314 93 61247 125 23419 61314 61265
14982 49144 7161 1021 25573 1172 1021 353 9161 2890 10538 55036 9631 24 61223 31 61231 50456 28507 12 3735 29644 1021 1901 71 280 106 31 61231 3054 14 13 61231 9290 6590 106 31 61231 2613 61298 3037 5573 8305 3871 110 373 1511 685 28289 373 1511 9982 110 212 9804 215 61231 1851 2786 449 1553 60768 1061 31 61231 129 65 114 106 238 16 4836 61223 16285 504 31 61231 50456 448 1901 71 280 106 31 61231 3054 14 106 777 4 8305 28796 312 3735 11521 3165 2786 449 10157 114 106 238 16 4836 61216
116 61231 29983 2828 448 5279 34478 2277 31 61231 3806 577 585 4 526 127 61288 880 42871 503 37313 11460 41555 1296
53 61228 61205 61228 44 191 4718 14 3797 61228 32893 411 61236
191 5108 1571 61219 223 61211 2619 7089 448 2757 13 160 24 2800 26429 19 61339
14982 34605 81 448 40309 34605 110 390 1021 5108 24 106 31 61231 56452 77 106 140 50556 61260 140 11701 61223 595 485 5833 585 25550 81 3735 106 47860 428 238 28346 3025 13 61231 1851 28590 1124 3072 2277 1021 3761 36317 3651 106 238 73 8787 3494 40644 3037 5573 8305 278 15098 2890 238 2189 63 61216
1149 4 2733 2093 61223 2277 1438 61288 1471 238 26607 50212 373 238 23723 106 31 61231 56100 106 238 4567 188 21 1817 61223 82 61231 129 392 427 1021 16361 1439 106 31 61231 56100 106 238 4567 188 21 1817 5573 34094 13 61231 1851 3815 5984 436 106 26607 50212 106 23974 2346 11918 61209 3735 390 245 8771 4836 106 238 26607 50212 61216
5218 4718 15845 13 61231 3054 1839 5573 35011 27676 61288 448 46986 373 5573 10996 61288 33100 2757 61216
1084 73 8787 3494 40644 485 245 4494 52934 61288 13 61231 16601 1255 373 106 23277 3025 373 13 61231 14284 5862 6681 1021 24930 13154 61218 6048 61223 1021 24930 3037 6681 1553 12957 2093 2800 51604 3165 1901 71 105 7855 61214 282 6074 164 1359 61223 3165 1901 71 105 7855 61214 282 52934 3735 61223 1021 1901 71 280 33923 1391 5566 3817 61214 8709 373 1021 1901 71 280 8058 578 6197 61216
754 1775 10112 106 1901 71 280 13 61231 3054 14 33923 53050 93 9164 61207 61314 61265 93 1851 36913 106 24982 114 13 61231 16601 1255 61223 3165 28958 36913 2716 14 3735 2890 238 1901 71 105 453 29899 33923 53050 647
5218 603 135 15458 1172 1021 8774 7352 149 1188 19 61 106 1901 61223 373 1021 3733 19960 797 24 6681 2786 3025 24 61216
1667 18440 245 2757 448 3761 3037 5573 34094 13 61231 61212 61494 18684 7352 106 3684 16601 1255 448 9982 110 93 2613 61298 61265 93 7052 2821 8337 2980 23288 9360 373 448 3761 3037 5573 34094 106 307 1216 13 61231 9290 5097 5474 3037 28 61231 468 1196 34094 13 61231 104 9982 61214 106 31 61231 2613 61298 26733 13539 2040 61223 19069 2980 25215 46607 595 34286 1227 26185 3165 36913 106 1901 71 105 2800 13 1164 7 1775 61223 238 20237 448 3761 106 73 8787 3494 40644 485 52934 61288 390 13045 5334 3761 3037 28 61231 468 1196 34094 106 307 1216 13 61231 9290 5097 1878 11318 2821 2898 12911 2589 4063 40777 2699
1149 4 2733 2093 61223 1021 1901 71 280 13 61231 3054 14 13 61231 3054 14 1553 229 1036 5573 21047 14110 10112 106 11804 61494 2252 61282 238 1901 71 105 106 31 61231 3054 14 453 51477 61223 1546 3037 13405 38221 61653 1562 3165 36913 13 61231 1851 4321 563 2538 5006 1541 11062 61223 3037 485 11751 61214 3735 1061 244 50861 106 3817 61203 11269 24808 93 38964 61265 19197 215 61231 1851 36913 106 1901 71 105 3817 37346 4494 13694 1829 68 726 93 10921 61203 245 151 8646 2890 245 2757 647
116 61231 1955 61239 4 35011 48852 61288 2277 238 2189 63 13 61231 2308 423 446 448 34499 20947 1061 238 34603 17523 31 61231 2308 4713 1124 106 73 8787 3494 40644 485 5320 61214 3735 61216
1111 26176 245 318 35502 61223 95 3820 1243 427 1021 3520 7352 575 614 61210 106 238 1901 71 105 58 19832 61228 23419 61314 3598 550 13359 11521 26 21641 106 15838 41 6526 27546 31 61231 16601 1255 61216
73 61231 129 2277 191 3922 106 24930 1553 229 1036 1172 191 55111 61223 427 1021 9398 9261 32055 8709 2888 43360 23322 7 1021 1578 38982 359 5509 106 12567 504 59778 26050 13 61231 10152 229 8280 448 6006 3058 2800 106 14282 61216
5362 61214 2733 61233 359 8577 8776 1061 31 61231 61288 11354 436 106 6644 61228 2308 4713 1124 245 1838 106 26 185 114 61223 212 47296 245 34978 3597 61216
13969 31 61231 6 314 1230 37346 61223 595 28 61231 61220 4 1196 106 50510 10625 13 61231 2308 1121 5910 390 245 11167 61254 2800 453 47582 61223 5474 238 50510 1773 106 50220 485 212 24445 13 61231 4653 60802 61216
1084 37197 26069 1829 55490 3693 28100 428 28528 61494 61211 3735 140 8131 485 106 473 61214 191 37197 26069 1829 55490 106 1901 71 105 22301 1021 30963 61216
5218 6552 61223 1021 775 1453 40867 373 1021 3995 61210 106 3995 6681 39026 230 38552 1036 61223 212 47296 2890 1021 11019 13 61231 25470 61216
5218 793 30194 373 1021 3035 180 13 61231 36 61288 482 39686 3175 3779 390 245 29899 11363 36731 106 3192 26497 18435 5573 8305 3175 3779 1061 31 61231 61288 1161 16091 373 1061 238 2005 5451 1359 61216
19531 34479 35011 5320 61214 61288 448 685 179 4681 9631 24 2890 1021 25573 453 140 50556 61260 140 11701 26050 106 16174 4875 800 245 14269 13 61231 129 65 503 7855 61214 1491 1946 61540 9161 448 20042 24 373 448 30963 93 61293 18805 61265 373 238 574 639 2538 53081 448 36746 93 1467 1820 15510 682 1389 54947
1111 4329 61223 3165 4718 1839 10629 2024 150 106 238 1901 71 105 73 8787 3494 40644 4 35011 2346 21164 11145 238 13615 3025 13 61231 2308 4713 1124 106 1546 5180 106 5567 17313 2890 31 61231 56100 453 3817 61203 2625 61216
2895 9 245 38829 13045 106 238 90 18805 61223 1021 22336 574 639 19 3037 5573 8305 5320 61214 1036 245 4303 17665 5692 61 61216
1452 90 15682 4 9364 11460 34973 27546 238 1901 71 105 106 73 8787 3494 40644 2890 3165 30712 106 4390 10012 61203 2093 176 12214 2093 61216
87 5509 245 1328 30464 61223 4494 106 8465 417 448 13982 61540 1277 7750 372 24 5573 839 61206 448 1256 1205 13 61231 48702 5142 13 61231 61288 6462 24 686 1036 61223 17523 61045 11019 61300 61209 2474 405 5573 8305 38552 1036 2890 31 61231 528 30838 453 11019 61216
593 28958 3630 7 13405 9624 51909 13 61231 4653 143 14541 14110 681 53498 25961 26451 93 61219 61216 239 4025 191 55111 106 238 481 282 1061 31 61231 61288 1161 16091 373 3165 3 21745 106 31 61231 20399 276 441 1061 31 61231 25656 9248 1359 769 5474 595 485 42987 61 427 31 61231 194 54 4 8305 603 1000 577 61288 2800 16352 61214 61216
2125 42 4 38777 13 61231 50456 448 19960 50 23924 373 13 61231 21798 53097 19960 50 23924 106 50220 73 8787 3494 40644 212 24445 61216
1084 140 50556 61260 140 11701 7089 245 12613 61247 4 8305 39144 105 2890 31 61231 20319 318 453 140 19399 1537 1172 1021 3763 106 26607 93 9934 61209 23130 106 31 61231 25470 448 24930 61265 106 7173 11521 1667 4771 106 238 26607 31729
5218 1901 71 280 13 61231 3054 14 574 219 35487 191 37197 106 26069 1829 283 61540 159 140 8131 1571 9959 175 61216
1084 73 8787 3494 40644 3684 15114 48999 238 34007 25 3025 20764 871 448 16361 1439 373 238 4450 2024 1941 629 61288 15019 4 3230 61288 448 13729 405 13974 5777 61223 1172 238 5623 448 36746 106 39012 4718 15845 106 50220 32197 3930 61223 3037 4 13615 585 13974 61288 1021 60016 38284 61216
5362 61214 2733 61233 47860 428 238 39860 453 2346 9864 585 61223 737 61214 2733 61233 2673 270 4349 238 2264 21679 61216
2125 28 61231 61220 1227 68 15672 17544 1196 106 3604 61208 3025 61223 595 485 32390 51909 13 61231 21798 4718 15845 2277 29644 7 504 31 61231 724 61219 1424 61540 159 1227 12276 643 963 61288 245 14497 61223 2800 504 1021 30199 2890 11460 4718 1839 2769 61 2800 8349 1043 58301 61216
73 61231 129 16845 106 11672 81 3165 14282 106 682 7674 41 29527 180 2800 106 136 16 29527 180 373 106 149 141 437 819 1816 7089 8111 26050 106 47860 428 245 5108 7089 13 61231 21798 24930 61216
1084 22866 485 2036 61214 106 11460 34973 212 52700 448 46149 106 238 41524 1172 238 3979 13 61231 5471 951 22648 373 13 61231 21798 57092 106 24662 61216
3583 333 7161 1021 2264 61210 106 1065 61653 175 373 13 61231 41883 61223 212 27676 139 448 1854 61540 1565 61216
2895 9 31 61231 12 33909 106 31 61231 724 61219 1424 61540 159 13 61231 724 61219 1424 61540 159 27676 3735 61223 238 574 11145 10813 54 373 238 12602 106 238 12602 39411 61 238 1901 71 105 390 31 61231 4789 61215 6447 164 428 1233 30838 2800 238 1901 71 105 574 219 139 2619 585 7089 31 61231 1216 599 54 106 31 61231 8577 67 4684 105 61216
51375 238 5352 114 106 10629 4091 106 238 823 1775 61223 595 8 61231 52518 13 61231 1851 50994 26607 61216
29986 54737 61223 24401 4718 1839 29644 68 1021 10629 33876 453 50220 448 2925 24 106 23723 524 1036 1061 238 23723 11269 4857 4836 59727 2890 1021 32732 52014 373 448 5365 1150 106 25756 106 43842 1553 229 105 491 61216
1452 1901 71 105 106 31 61231 3054 14 13 61231 1283 184 105 93 15616 61314 61265 144 779 1359 448 701 184 280 61216
5218 23586 21803 27676 61 245 27733 30723 35779 7161 448 59501 490 180 7089 191 48618 13 61231 232 3881 61214 2277 8 61231 437 9418 215 61231 44 28 61231 129 1196 9747 428 5334 46149 106 14282 61223 504 12964 132 61231 104 215 1932 238 38824 22614 7821 3735 61223 245 34978 212 779 105 448 213 25 2252 1061 11460 56965 373 1227 40993 2777 61288 61216
1452 574 639 2538 106 11460 1901 71 105 7089 238 1901 71 105 106 31 61231 3054 14 485 106 17167 19288 32390 1021 41040 13 160 61 15672 17544 215 61231 2226 485 1754 9 237 61216
2125 28 61231 61220 4 1196 8305 20803 61288 13 61231 104 2757 15112 106 73 8787 3494 40644 2800 106 7612 61216
18135 2735 4 461 43028 31 61231 2308 61228 24125 61217 15708 106 238 151 48659 9754 1978 511 61223 1667 1452 151 48659 38636 10012 11 191 46282 2585 2890 245 45108 106 31 61231 5046 2890 238 16686 106 238 1622 594 4494 13919 11065 1667 521 899 61468 595 461 639 35978 3165 3979 13 61231 5471 951 61223 238 151 48659 4 34094 13 61231 528 2474 2452 11900
15673 24 12681 5573 35011 8305 16967 6028 1061 31 61231 36434 13 61231 104 16 2298 92 13 61231 819 181 441 1061 31 61231 3054 14 13 61231 3054 14 13 61231 819 181 441 61223 3037 13405 31 61231 19466 8046 106 31 61231 3054 14 106 13045 2277 61112 1021 4793 1036 1061 28528 61494 1816 245 73 8787 3494 40644 106 238 13652 43841 61216
14829 50340 2769 1439 26262 45928 11 14110 26917 33976 1393 7069 61223 5474 13405 61228 7422 1021 25573 42079 67 443 2583 2800 33976 89 314 58786 106 31342 238 34603 17523 9065 2177 631 10420 15658 61216
51 411 1021 5584 7352 49165 2171 61 448 271 2252 61223 373 238 306 710 192 448 5584 7352 3686 61214 919 21047 1021 35849 11269 405 106 238 481 282 61216
754 14269 1775 9829 171 209 61223 448 11269 405 106 238 8979 2472 61224 7069 373 106 238 8979 2472 61224 7069 5573 21047 48852 61288 448 3815 5984 3058 13 61231 9290 6590 8622 139 238 26 185 114 106 26844 1021 681 53498 1511 25885 8283 61216
1149 1025 39708 61228 677 61223 595 42 4 448 461 357 3087 193 6197 90 7583 3037 155 6681 1196 27676 1036 8349 1043 58301 1061 31 61231 61288 2314 441 61223 1546 3037 485 191 461 357 44 106 4771 15601 9406 3037 485 245 4494 10863 495 2890 31 61231 14284 61288 4058 61216
754 31 61231 2474 61211 594 1061 238 2284 11062 61223 245 28899 774 800 4 3027 113 61288 14118 24 28433 106 37046 175 448 24930 11269 4857 12662 26050 13 61231 10152 21 4945 1061 28528 61494 1816 238 1901 71 105 61216
58 61231 44 32391 47159 61223 245 233 556 17070 92 485 3072 106 11672 81 1227 26185 136 16 93 61325 7674 41 29527 180 61265 106 14282 7089 31 61231 41756 61216
2717 1021 25573 106 31 61231 3054 1839 3175 61208 43360 3165 28796 26005 10629 2024 150 448 1256 1205 106 50220 2800 13 61231 4653 1959 114 448 1256 1205 37429 806 61223 36268 13405 9624 50054 94 61288 390 1667 13729 54 358 20399 14 188 31729
1452 2673 270 61220 441 7855 61214 282 13405 3175 25350 448 38900 49978 1172 238 9892 448 24930 2777 6048 373 427 1021 10629 646 3587 26262 3175 25350 191 16 4713 12 18322 106 37046 175 106 25573 13 61231 104 29899 19197 215 61231 61387 238 58629 7089 238 1901 71 105 373 1061 238 777 106 238 1901 71 105 61216
1009 4 35011 4718 143 333 13615 585 31 61231 50456 453 140 50556 61260 140 11701 61228 27040 61247 2277 40217 212 1379 448 7449 13 61231 55463 80 54 106 73 8787 3494 40644 212 32031 106 31 61231 2308 10821 6590 106 238 41555 9631 61203 453 18590 61216
1149 4 2733 2093 61223 9065 10744 631 238 28346 3025 13 61231 374 1159 81 26844 10538 38900 1061 25345 106 31 61231 6602 4830 77 106 1901 71 105 2277 622 56 40655 238 4934 61216
116 61231 20645 2549 114 106 18985 15601 40669 4 31 61231 6649 664 106 73 8787 3494 40644 373 5535 21745 11460 6203 61216
2328 61228 150 427 1546 3630 7 485 4842 105 453 2346 9864 585 61236
1084 1286 49763 22441 5320 61214 61288 212 25035 453 37197 46275 39 3797 61228 59631 2277 31 61231 50456 106 416 1286 61540 850 13 61231 10 132 21745 10629 30 497 93 2600 390 35502 61265 1296 815 2574 61339 61309 603 14381 61223 500 41734 2843 61223 1676 11980 61312 2843 373 11549 2843 2800 4494 61216
2717 245 15030 106 238 12613 61247 4 34094 106 4494 106 1857 180 61223 11460 6705 3025 45846 45928 11 61216
3241 55036 2346 1121 1036 212 26641 436 106 238 481 282 373 106 31 61231 6156 60855 13547 919 427 1021 2158 22761 13 1164 7 1775 453 73 8787 3494 40644 574 219 35487 448 1901 71 280 106 5623 61223 5474 28 61231 468 1196 8305 13045 6048 1172 1021 25573 1172 238 1901 71 105 106 5623 106 73 8787 3494 40644 278 46914 2827 61216
1111 3505 47440 106 31 61231 3054 14 13 61231 16601 1255 61223 17523 31 61231 16601 1255 13405 774 2452 1021 3761 61216
5218 36746 106 8760 106 10538 3761 5573 8305 10918 1036 7089 1021 55036 448 2772 4713 6447 806 1511 61228 61219 547 806 61223 42 22722 1021 10677 10629 2024 150 61216
14982 1021 19960 50 23924 35011 1553 229 1036 93 10921 61203 27676 1036 2277 245 50220 769 23603 132 61231 44 485 40713 61288 2890 238 41555 5135 61228 5019 448 3761 1553 229 1036 106 73 8787 3494 40644 106 14269 37533 61231 61387 191 2016 14269 61223 95 13405 5692 11 13 61231 19466 8046 448 19960 50 23924 35011 1553 229 1036 2277 643 3929 245 73 8787 3494 40644 20843 61216
2895 9 245 38829 13045 106 238 90 18805 61223 11460 14700 28862 175 1227 25394 50762 30 106 2346 366 10346 448 49827 59243 8283 13 61231 10 3505 7694 25600 2950 106 10945 61223 3037 8 61231 2084 20600 1061 1546 5088 823 1775 61216
1452 1901 71 105 106 31 61231 3054 14 13405 144 779 7161 3165 603 6679 14 114 93 61213 8577 67 4684 105 1901 71 105 491 16660 175 2800 603 2043 23512 61265 373 238 24712 449 453 11535 32685 93 61213 8577 67 4684 105 16660 175 106 31 61231 16601 1028 5697 1901 71 105 491 2800 238 24712 449 106 31 61231 8577 67 4684 105 647
