1003 61274 50556 61260 140 11701 61202 63681 63912 63681 63912 0 62629 16817 62629 0 63773 62205 0 62555 0 62555 0 61749 0 61969 0 61749 63123 62874 0 61749 35924 0 62877 63735 61223 63597 0 61969 63208 0 62552 61312 0 63410 61969 61785 61579
1003 13125 62831 63377 62855 62959 62398 62311 62205 62560 62238 62811 62449 62484 62234 61749 62627 62767 61749 63377 62855 61223 0 63168 62234 61223 0 62075 0 62075 0 61749 0 62303 27154 62205 0 63015 63660 61223 62756 62815 61931 61223 62788 63519 63767 63138 62982 61223 0 63429 0 61993 0 63429 0 61993 0 63429 61993 0 63429 0 61993 0 63429 61993 0 63429 0 63429 61993 0 63429 62205 0 63208 0 61223 63131 63343 31807 62627 62303 0 62961 61749 63875 63504 73 8787 3494 40644 61785 61579
1003 651 61301 62316 61301 62662 61301 62380 61223 0 62627 61974 46428 62075 62737 62850 63849 62205 62075 62737 62850 62303 62737 0 61749 62494 63547 62877 63490 61785 61579
61202 22268 62915 62170 0 63394 0 63548 62521 0 63429 0 61785
61202 0 62705 62892 62527 62819 63939 61223 62392 0 62850 62303 62413 0 62627 62878 62560 62890 61223 63473 0 63086 0 63028 63333 0 62392 63276 31447 0 62877 62205 62627 62850 62303 61749 0 63487 61785
61202 63651 63394 61969 62544 62205 61274 50556 61260 61749 0 63553 62947 63279 61969 62544 63131 62803 63998 0 61223 62392 62480 62364 61977 0 62494 62311 0 651 5812 183 0 63681 63912 61785
1003 0 61980 0 62794 0 63009 0 61749 62850 62303 61223 62878 62933 63831 62983 62030 62682 63081 61931 62076 62850 63849 62849 0 62849 0 62940 61785 61202 62850 63849 0 61749 0 62893 0 62076 62850 63849 62737 0 61749 63774 0 62381 0 62853 61223 63201 62794 0 63737 0 63548 62824 60482 61749 62850 62303 62076 0 62850 62303 0 62827 61223 62571 62850 63849 62737 0 63377 63650 62628 61785 61579
1003 0 62627 62767 61223 61872 31807 61980 63467 0 62238 62124 61223 62076 63589 62076 52633 62394 61223 61202 63015 63439 62076 39528 62299 61749 62591 62629 0 63275 0 62615 62297 0 31447 61749 63600 61223 62392 0 63086 0 63429 0 61785 61579
1003 62076 63709 62629 35924 61223 0 62303 63279 63691 63026 0 61974 0 61749 63145 0 61223 61202 0 61980 62413 0 63243 62238 63779 61749 63429 61969 62877 61223 63473 31807 61872 62548 62364 0 63015 0 61969 62544 61993 63098 63096 62205 63536 0 63703 63647 61749 0 61785 61579
61202 63032 29829 61749 63377 63487 63341 62940 61931 63816 62258 63767 63138 61785
1003 61202 63548 62824 0 63685 62850 0 53893 61749 63597 0 62776 61282 61202 63145 63646 0 63646 61223 63548 62824 62850 62303 61223 62756 62815 61931 63381 0 63281 0 63611 62648 0 62394 63997 49089 62114 61223 0 62480 62364 0 63685 62850 0 53893 61223 34361 62880 62075 21929 63767 62877 62398 62075 0 62480 62877 63490 63703 63647 61785 61579
61202 0 63734 56662 63194 63689 61223 63473 0 63969 0 62076 62823 0 61785
1003 61969 63082 48554 0 61974 61977 62831 56662 0 63646 61223 63309 63469 62311 53263 61980 62527 0 62571 0 62408 0 62950 62648 0 61749 62877 63490 0 63277 61785 61579
1003 61301 62662 5756 62380 61223 60482 63554 62380 62811 63356 62850 63849 63026 63554 62380 62811 63356 53263 62737 0 61223 63773 63846 62205 62823 63566 63026 62737 0 61223 61202 63028 63333 0 63086 31447 61749 62968 63922 63685 62695 62394 61785 61579
1003 61202 62796 651 61311 62316 61254 61249 61251 61249 0 63429 0 61749 62816 0 62874 63460 61223 4084 61260 29184 0 62738 62408 0 61977 63240 0 63429 0 61749 60286 63015 63660 61785 61579
1003 61202 62802 62311 62910 63886 62850 62205 62238 62850 0 62449 63026 0 63309 63112 62850 62303 0 63615 62527 61993 63249 63837 62205 0 63615 62527 61785 61579 61202 0 62794 0 62850 62303 61785 61579
73 8787 3494 40644 61749 0 63429 62850 0 62801 61931 62928 61749 61785
1003 61202 63343 62629 61749 61931 61223 0 62757 62767 62075 61749 0 63277 63279 63691 61223 62392 0 63636 61969 63208 62877 63735 63043 0 62430 62791 62688 62075 0 61785 61579
201 62571 0 62338 63851 62738 0 61749 62628 63522 61223 61202 0 62982 61202 63473 0 62982 61785 61287
16621 62688 29184 62950 62159 0 56662 0 62691 63281 0 61749 62075 0 63281 0 61749 61980 0 63774 0 61785
61202 63138 62521 0 63685 62850 0 61749 63782 63967 62205 0 63482 62850 62303 61749 62933 63831 62552 63020 61282 61202 63548 62521 62959 63028 63333 62205 62850 62303 61749 0 63685 62850 0 61749 63782 63967 61282 61202 0 62205 62850 62303 61749 63782 63967 61785
1003 61977 62258 62677 0 61202 0 62076 61325 62258 63333 63570 62299 61202 62959 21929 0 63712 61749 61245 8787 3494 40644 61202 22268 62874 62623 62076 62928 62303 0 63281 0 61749 0 61749 0 62398 22268 62915 62170 62663 62868 61223 61202 63405 0 61749 0 62843 0 62076 62928 0 62303 61749 63592 0 61223 63597 0 62076 63313 62258 0 62968 61749 61229 61283 61246 61785 61579
61202 0 61202 0 61202 0 61202 0 61202 0
61202 63709 62629 61749 61246 61283 62205 63480 0 63844 0 63999 61980 63582 61931 62560 0 62364 61223 62075 62737 61749 63043 62737 62877 63735 29184 0 63235 61785
26351 63313 62258 62829 62745 62398 63026 62682 62292 61974 61977 63240 0 62776 0 61785
1003 61301 62662 61309 62380 61223 62238 62629 62877 0 63009 62364 61245 8787 3494 40644 0 63601 0 63646 63009 62364 61749 62850 62303 62076 62398 62311 61223 62075 5756 61301 63410 0 63009 63774 0 61749 62850 62303 61223 63201 62380 62574 0 62716 61249 2666 61309 63410 61223 62392 63256 0 62075 61249 2340 61309 63410 0 61785 61579
1003 61202 63201 0 62839 0 61969 0 61749 0 62627 63026 0 62623 61223 62788 62103 61977 0 61749 0 62238 0 62683 62076 0 61785 61579
61202 0 62458 0 62076 0 62299 62791 0 63074 62297 61202 0 61980 62176 0 62982 45773 61872 0 62716 62982 61749 62628 63522
1003 61202 0 63429 0 61749 63394 0 62682 63081 61931 0 62950 62648 0 62338 62558 61749 0 63281 61931 62950 62159 0 61749 0 61223 61202 62982 63201 21929 0 62449 62290 0 62126 62627 62767 0 63429 0 61785 61579
1003 0 63823 61931 21929 0 63016 61749 0 61223 62788 61980 63315 62494 0 61223 61202 62782 63899 62076 62401 62558 63076 0 62458 0 62076 2811 0 61223 61202 63548 62824 0 60482 61749 0 61749 0 61223 61202 62801 62827 62955 61977 62290 0 61223 63084 62364 0 63823 0 63315 62494 0 61785 61579
1003 63709 62629 35924 0 63086 63281 62961 62238 63767 63138 0 62983 61993 63621 61223 62392 63256 63759 63206 0 61223 62756 62815 61931 62364 63009 0 63316 61749 62555 63413 61749 62615 63758 62205 62126 61749 61785 61579
61202 0 62075 63313 63240 0 63429 0 61266 9164 61207 61314 61265 61282 61977 0 63822 62738 0 61749 0 63429 62205 0 21929 0 63429 61785
1003 61239 19832 61228 23419 61314 3598 63429 0 61931 0 62915 61245 8787 3494 40644 61266 1432 61311 62316 61245 21 27710 110 0 63429 769 61977 63240 0 63429 0 63429 0 61223 0 62794 34192 61311 62316 8702 62662 62323 61977 62774 63026 63173 0 62076 61259 11093 61223 61254 8681 61206 61223 62398 62311 61785 61579
1003 63405 62757 61223 62075 61309 1740 61301 60513 9360 62398 63009 62364 61245 8787 3494 40644 63009 62364 61249 9612 61332 62678 63429 61969 63519 0 63536 63624 61223 63341 62940 0 62076 0 63321 61749 0 62303 27154 61785 61579
1003 62238 62629 62877 62928 61749 0 63309 62523 61266 61251 5340 61265 62997 0 62076 44975 61977 0 62691 61223 63015 61931 61980 62418 0 63009 62545 61749 0 62691 63281 44709 0 62794 0 61749 62075 0 62776 63712 63735 62076 62323 62897 61228 18682 0 63278 61749 0 62398 62398 61749 62075 0 63712 63735 61785 61579
1003 61202 62430 62518 63131 0 63482 62076 62767 62075 0 63429 0 61749 0 63138 62893 62205 62567 63321 61749 0 63429 0 63138 62893 62449 62527 61749 62430 62518 61223 63597 0 63372 62258 63015 63660 61282 6172 61202 63480 0 63844 0 61749 0 61339 8342 61202 0 63429 0 61339 11727 30856 63208 0 62776 0 61339 15291 26351 0 62831 62829 62745 62398 0 63429 0 61339 62205 24388 61202 63584 0 62877 63735 61785 61579
1003 61202 63862 0 61223 63110 0 62159 62983 62364 62571 62555 0 63474 61223 63026 0 62940 63281 63315 62494 63921 62076 63709 62629 35924 61223 63201 62794 0 61749 62176 63276 63281 53263 63194 63689 61785 61579
1003 61202 46428 62381 0 61749 0 62303 27154 63281 62997 0 61749 62877 63735 62205 45684 63355 0 61749 63619 0 63015 63660 61223 62392 0 63275 62589 0 62961 61749 0 63687 61266 0 61223 0 61223 0 62205 0 61265 61749 62877 63735 62408 61335 1442 61256 62258 63429 61969 61266 2804 61332 9360 61266 62874 3236 61785 61579
1003 34361 61872 22268 63869 0 61223 63309 62961 62928 0 61223 63473 62480 62364 46428 27094 62555 62430 62555 62555 62555 63257 61749 63222 63594 61785 61579
1003 62076 6156 61212 4295 61223 0 62984 61223 63545 0 63087 62238 62850 61749 62850 62303 0 63341 62940 63681 63912 0 63615 61312 63410 43210 26351 61237 1229 18435 0 61785 61579
1003 0 63009 0 63945 63769 61749 62512 0 31807 63275 62589 62827 62126 62950 62648 63767 63138 61223 59772 34361 61872 62567 63321 62076 0 63009 0 63945 63769 61223 61977 62831 35924 0 63341 55989 62998 61872 63802 63851 0 62983 61785 61579
61202 45684 61969 63026 62555 62430 61749 62737 0 63026 0 63316 61974 61785
61202 0 63935 61931 0 63429 61749 62928 0 62398 62637 61785
1003 62408 16584 7057 0 63429 61969 61749 0 63202 63776 61931 62076 8794 41734 0 62968 63922 62205 5602 0 62392 62299 61749 62738 62316 61969 0 62910 61223 62959 61242 13520 0 62968 63922 62205 11266 47625 0 62738 62316 61749 62567 0 63202 63776 61266 0 61325 61715 2351 61265 61785 61579
1003 61202 63295 0 62159 62523 62205 0 63009 0 61749 0 62742 0 62523 61931 62567 63619 0 61749 61223 63473 62782 63899 0 63086 62915 62170 0 62159 0 62998 31447 63619 0 61223 62756 62815 61931 0 63110 0 62983 61993 63000 63081 63081 63081 61749 62555 62430 61749 0 62804 62205 62756 62815 61931 0 61223 0 63341 62076 0 62961 0 63009 62364 61749 63413 63769 62849 61785 61579
1003 0 63243 61245 8787 3494 40644 0 62801 61980 0 62480 0 61223 63618 0 62877 63735 63168 62234 61223 62982 63202 0 0 63429 0 63343 0 62205 63343 62075 0 61223 63148 63343 0 62776 23152 63202 61239 61274 2031 62205 61246 16486 63343 62075 0 61785 61579
1003 62076 651 61325 62316 62950 62159 61749 4238 61325 62258 0 63536 0 62862 62371 62523 62076 0 63394 62398 62950 62159 61749 62290 0 62398 61223 63138 63822 62394 62076 62738 0 61749 62323 63125 0 63278 0 62628 62449 0 63432 61977 0 61749 63884 63222 63285 62234 63582 63860 62408 1666 61325 0 43210 61266 12538 62316 43210 769 0 62853 62364 62316 62893 0 62408 2949 27407 61785 61579
1003 0 62681 61223 62103 61931 0 62681 62877 63735 61223 63473 62878 62290 0 63026 63201 0 62303 62124 63090 0 62961 0 62961 61749 60286 29427 0 63201 62794 0 62303 62124 63090 0 62961 61749 62877 63779 61223 62392 63256 63201 62794 42043 0 62176 63276 0 63536 0 62870 62745 61749 62877 63735 63611 63636 62398 61749 0 62827 0 61339 13125 62831 63377 63487 31807 0 62627 62303 0 62205 0 62928 61749 62877 63735 63131 0 62480 62364 61785 61579
1003 13125 63240 63459 62518 62076 10001 22621 1681 0 63277 62877 63735 62398 62075 0 61223 21929 0 61749 61246 61283 61202 62205 0 62518 0 63536 62303 61749 0 61223 57420 0 62678 0 62663 63251 62205 45684 0 63429 61749 0 61223 61202 62796 0 62877 63735 62205 42043 0 63277 0 62950 63020 61749 27154 62738 0 62825 62833 61785 61579
1003 3337 21805 47 35214 2321 47 17 3920 60310 9007 17 233 5159 180 95 17 12835 14263 251 17 73 8787 3494 40644 10052 38 17 1934 47 5246 209 1108 61217 48130 45 4 21280 47 404 61228 21639 476 61223 14881 61223 2039 476 64 2039 476 3793 521 23857 734 38 318 47 17 73 2398 3350 64 45 533 47 17 62910 62955 62933 63831 0 61266 61245 2398 7205 61309 38 836 47 17 73 2398 647 61579
1003 0 63429 0 62076 63395 62338 0 63075 0 62381 0 63101 21929 0 62290 0 61749 0 62338 0 62076 63395 62338 61785 61202 0 63429 0 63597 0 61931 63201 21929 0 63202 0 61749 0 62338 61223 62076 63406 62558 63026 62803 0 61749 63377 63783 0 61749 0 62691 0 61266 61246 61265 61993 0 61266 61247 61265 62205 0 61266 61239 61265 61785 61579
1003 63709 62629 62238 62030 62205 62238 62892 0 63685 62695 63000 60286 61749 29427 61969 62544 61223 29390 62831 61969 63315 62494 63921 63086 31447 61749 63083 62863 61785 61579
43745 62075 63611 62364 61749 0 62661 61931 62408 0 63429 0 62205 61245 8787 3494 1804 61311 0 61785
61202 0 63429 0 62205 0 61749 0 63235 0 61749 31807 0 63235 61749 62430 63504 63168 63460 61223 62959 0 63429 0 62075 62737 61749 0 63429 0 62076 0 63110 62960 63010 0 62076 0 62627 62303 61785
61202 62982 0 62076 61786 0 62398 62637
61202 63032 62512 62484 63096 0 63709 62076 39981 63243 62545 62430 62791 63202 0 62480 61749 0 62413 62705 61223 34361 63469 62311 0 62159 62408 0 61785
1003 0 62560 61223 62515 63480 0 62850 62303 61749 0 61977 0 61980 63096 63032 0 62552 2811 62290 0 61223 63473 61980 0 62552 5850 62290 0 61223 62515 62398 62850 62303 61749 0 61785 61579
61202 0 63341 62940 61309 2811 7057 62678 62850 62303 62205 62878 62394 63997 31807 63026 0 63183 61980 45053 63774 0 62076 62850 63849 62737 0 62827 61785 61202 62850 63849 63786 0 53893 61931 62076 62802 62311 62076 0 63183 0 63074 62827 61749 62323 62897 62238 61749 63045 0 63737 0 63953 0 61785
1003 61202 0 63009 62381 0 61749 0 62303 27154 49089 62544 61223 0 62627 62303 61245 8787 3494 1804 3137 61202 62878 61931 0 61993 0 61993 0 63281 0 61223 62782 63899 62976 0 63294 0 31447 61749 63536 62303 61785 61579
1003 62615 62297 61223 0 63429 0 63277 61749 63731 63671 0 63504 0 62853 0 61974 0 63758 63432 61749 0 63309 0 63504 61785 61579
1003 61202 63548 62521 0 63685 62850 0 63257 61749 0 62960 61223 63676 63735 62850 62303 61749 62478 0 62413 62705 61282 62824 62690 61977 63240 62933 63831 0 62512 62710 62850 62303 61749 62478 63201 62205 62850 62303 61749 62478 63201 0 62893 61749 62413 62705 61223 62756 62815 61931 62408 63084 63294 0 61749 62933 0 61785 61579
1003 62076 0 63281 0 62691 61749 44975 62695 63177 61223 46428 61969 0 62303 62691 62398 61749 45053 61993 0 61993 0 62691 61993 0 62691 62205 0 63235 0 61749 0 63235 61579 61202 0 62940 0 62292 61785 61579
16621 63131 63138 62521 61977 0 61223 62392 0 62076 35924 61977 63886 61749 62877 63735 62862 62234 61223 62392 63256 21929 0 62874 61223 62392 62515 0 62338 62515 62982 62114 61749 62877 63735 0 63779 62205 0 63611 63636 63731 63671 0 62205 0 62776 0 61785
61202 63125 0 63278 0 61931 62238 0 61749 0 61223 62392 63548 62521 61245 8787 3494 1804 61311 62839 0 49089 62877 0 63572 0 62238 61749 63548 62521 45053 62205 0 62776 61785
1003 62076 0 63321 61749 61977 62831 63776 62849 61223 60482 35924 62661 29829 61974 63341 62940 21929 62829 62745 61223 0 62334 61749 62829 62745 62877 61931 62076 62802 62311 61993 63046 0 61993 62560 62238 62811 61993 63398 62311 61993 62518 62311 61993 0 62398 62311 61993 0 61993 0 62205 33449 63546 62311 61785 61579
1003 62408 61974 0 62103 63240 0 62893 63016 62735 61223 62517 63101 61872 62205 0 21929 61969 0 63112 0 61977 62589 0 62458 61785 61579
1003 61202 63295 61969 62205 0 63009 62381 0 62839 62742 49089 62114 61931 62567 63619 0 62961 61749 0 61223 63597 0 62562 0 61785 61579
1003 61202 0 63429 61931 61977 63240 0 63671 0 61223 62878 62394 63997 62688 0 62794 61239 61274 2031 61993 61246 16486 62205 45684 63351 62710 0 61749 0 61785 61579
61202 0 61749 0 63429 29184 0 62480 62364 0 61266 0 61265 0 61266 0 61265 0 61785
1003 13125 62831 62381 0 61749 0 62303 27154 61749 62877 63779 61931 63351 62710 62076 62802 62311 61282 63676 63735 34192 61332 62316 62478 0 62334 61749 62877 63735 61223 62076 62738 62316 61969 63173 0 63429 0 61749 0 63779 0 62408 4238 1055 19288 63148 0 63844 62494 62843 62637 0 63429 61266 0 63310 45684 62637 0 63429 0 61265 61749 0 62893 0 62408 61249 2244 54539 61785 61579
61202 62880 62075 21929 62677 62877 61969 63009 62364 61245 8787 3494 40644 62316 0 62940 61749 63429 61969 42043 63536 63624 14149 8372 63281 0 62648 0 61266 0 61265 61785
1003 63776 62796 61223 62238 62629 62877 0 63390 62523 61980 0 62398 62311 63112 62802 62311 61749 0 62663 0 61266 31807 62408 61974 63969 63086 0 63086 63767 63138 61749 63619 0 61223 63473 0 62705 0 63009 0 61977 62678 0 63944 0 62234 62311 61265 61785 61579
1003 61202 62959 61245 8787 3494 1804 61311 0 63429 0 61223 12613 61247 62205 61274 50556 61260 140 11701 61202 0 63651 0 62767 62075 0 63429 0 61223 62392 0 63138 0 61245 8787 3494 40644 62076 63244 63413 62398 61223 63473 62574 62371 62521 61974 62103 61977 62512 62484 61749 63224 0 61785 61579
61202 62627 62767 62928 61749 63545 63671 0 61266 61245 8787 3494 1804 8335 61282 63180 62823 63351 0 62205 62823 63351 0 62303 0 63182 62449 62527 61749 0 62205 0 62398 62637 61749 0 62371 62521 63273
1003 62076 63381 0 62968 63922 62205 62878 62394 63997 62398 61749 63774 0 63343 60286 61223 0 63275 62589 62933 63831 0 61993 0 63183 0 61993 62968 63922 62824 63877 27154 62205 62878 62738 0 61749 62816 63932 63615 62527 62408 62394 63997 61980 62413 29427 61785 61202 62484 62408 62850 63849 62737 0 61749 63405 63096 61223 3920 60310 58800 62892 62527 0 63685 0 62205 62695 61749 62933 63831 53893 62205 0 53893 61223 62392 0 62850 63849 62205 62933 0 62413 62959 0 63685 0 62205 63767 63138 62933 63831 0 61785 61579
61202 63032 63194 63689 61931 62408 61974 62824 63877 62853 0 62811 0 61969 61749 62823 63351 0 62303 61785
1003 62801 63148 61223 651 61301 62316 61309 62662 8702 62380 61223 21929 62829 62745 0 61969 0 62364 61969 0 61223 63201 62518 62311 62587 0 55990 62124 63090 62205 0 62303 63026 63548 63355 61785 61579
201 61299 20372 61749 63202 0 63026 0 61974 61223 44707 63101 63555 62960 63125 63782 62521 61749 61251 15682 63202 0 63074 63010 61239 94 61209 5868 40826 62205 16661 56475 20404 5105 61969 63074 63010 61785 61287
1003 62408 61974 63237 62364 0 62843 61223 63545 62850 62394 62892 62527 62398 62311 0 62523 62076 61249 62662 2811 2811 62316 0 62627 0 61749 62750 0 61223 62392 0 63235 62749 62176 62824 0 61785 61579
1003 61301 62662 19115 62380 61223 39528 62299 61749 3396 61350 61749 62850 62303 63009 62364 62850 63849 61749 62737 0 61223 0 63043 62571 62794 4238 61256 62258 35924 61749 35924 61749 35924 62737 0 62205 62076 6542 62258 35924 61749 62555 62430 62737 0 61223 63774 0 61332 3396 63410 62678 62968 63922 62205 62316 0 61785 61579
1003 61202 62615 63758 61931 61223 62982 62114 63131 0 62648 57255 1955 2456 40861 62928 61749 0 63876 0 62648 61223 0 62801 62982 62114 63851 62480 0 61223 62796 63375 62413 0 63502 63043 62737 62877 63735 61266 62629 0 61265 63666 62745 61249 61785 61579
1003 3337 1511 61228 55 12120 92 871 9442 282 239 21 47432 365 63 425 61223 102 5231 61223 13129 4 7197 19044 4137 45 17 4234 23512 251 13270 4 70 5018 314 5680 111 10241 61210 17 19121 61251 688 3939 1478 425 14790 139 19121 61251 61216 138 406 47 17 2264 17082 47 17 12884 91 17 4234 23512 47 17 13966 3630 237 3618
1003 63492 61974 62782 63899 0 62950 62648 62928 61749 0 63281 0 63429 0 61749 0 63281 0 63429 0 62408 62323 61977 62774 0 61223 63138 63822 62394 62782 63899 63548 62824 62075 31807 0 63110 62960 63281 0 61749 0 62776 61749 0 62521 63746 61223 61202 62878 62398 63597 0 62515 63519 0 62449 0 61749 63279 63691 61749 63774 0 61266 0 62776 61993 0 62303 0 61993 0 63279 63691 61223 62878 62398 61265 61785 61579
61202 0 62075 62940 63712 63735 62413 63275 62589 46428 0 63429 0 61749 0 62776 61749 63377 63487 62076 0 62628 62960 63010 61749 61245 8787 3494 40644 61785
1003 62076 62398 62311 62398 61223 63026 0 62364 62959 0 63823 0 61969 62544 0 62515 62849 62311 61969 0 61749 62124 62745 61223 61202 62205 62849 62311 61969 63340 63184 61223 62756 62815 61931 0 61969 0 61969 61223 62548 62364 31447 61749 62749 61969 0 63253 31447 61749 62823 0 61202 62527 0 61749 63618 0 61785 61579
1003 61246 16486 61228 23419 61314 91 5589 36 169 17 2325 61223 46826 448 233 556 1277 61228 61210 224 19 6624 31 61382 4789 4728 164 428 448 233 309 7352 3618
1003 62076 0 63935 62947 0 62986 61223 62076 63145 0 63553 62398 63548 63355 61749 61245 8787 3494 40644 62829 62745 63131 62076 63173 0 62827 5316 62677 62628 62986 62682 62913 61785 61579
1003 62076 62398 8702 61256 11549 61301 62258 62829 62745 62398 61223 62880 62075 61335 1442 61256 61969 61266 2804 61332 9360 62075 62737 62959 63666 63321 61749 0 62303 27154 61749 62877 63735 61785 61579
1003 62076 0 63429 49089 63173 62299 61749 63110 62960 63774 0 62683 61980 0 62623 63548 62521 61223 62788 62076 61977 62831 0 63429 61969 0 61749 0 62413 62705 0 62940 61931 0 62940 61785 61579
1003 62788 61931 61223 16712 62615 62297 0 61980 0 61223 62103 61977 0 61749 0 63779 0 57420 63572 0 62877 63735 62126 62627 62303 62555 62430 0 63589 63737 0 63281 61931 0 62843 0 29829 0 63096 16712 61749 62663 63251 0 63123 61749 42043 61785 61579
61202 63709 62629 63000 63377 63783 61749 0 61202 0 62512 62408 0 63822 21929 0 61749 0 61749 0 62811 0 61300 0 62870 0 61266 61245 13192 61265 61785
1003 62567 0 61749 63767 63138 0 63256 62567 63321 62076 63009 0 61749 63413 63769 61749 0 62159 62523 61223 62788 0 62629 35924 62661 0 62527 62794 60482 62648 0 62159 62523 61785 61579
1003 62238 62984 61977 63125 62258 56662 63429 61969 15178 27303 61256 50126 682 9360 63341 62940 0 62075 0 61749 0 62303 27154 63281 0 61749 0 63015 63660 61785 61579
1003 16712 61749 62398 62637 61266 0 63277 0 61265 62615 62297 63703 62976 61974 61223 63473 0 31807 62075 62527 62794 62413 0 63016 0 62555 0 62555 63413 61749 0 63837 61785 61202 0 62075 62629 46153 61785 61579
61202 0 63075 0 63202 62802 62311 61749 63075 0 63224 0 63343 62816 63081 0 62527 61785
1003 0 62794 61245 1896 168 61749 53523 0 63309 62850 62303 62076 0 62750 0 63074 62827 63589 62076 62394 61223 63473 0 62448 0 61749 0 62933 63831 61223 0 63102 63075 61749 63773 63110 62176 63276 61974 61575 62976 0 62205 0 61749 62947 0 56504 61282 16712 63131 62076 63545 0 63087 62238 62850 0 62737 0 62827 61749 62816 63932 63774 0 61579 61785 61579
201 62902 62982 0 62552 62827 62791 61223 61202 0 62982 61223 61202 62801 62827 62902 62458 63091 62695 61785 61287 201
1003 0 62297 0 61266 61264 61300 61251 4776 0 63779 61266 61264 61300 61251 4776 438 4378 61223 14988 61579
61202 31807 63202 62682 63081 63343 0 63687 61202 63980 0 62615 63758 0 63281 62234 0 62555 62735 61202 62959 62937 62650 63043 62737 61749 62555 62430 61202 63473 63009 62364 63767 63138 61785
13125 61977 0 61931 63201 56662 0 62290 0 62776 0 61749 0 61749 0 62338 0 62076 62878 63043 0 61749 0 62430 62791 61749 19121 61251 61215 62398 0 62552 0 61785
1003 61301 62662 12573 62380 61223 9812 62258 35924 53263 0 63630 63281 63145 63646 61974 62850 63849 62737 0 61223 62878 62398 15192 62258 35924 62737 0 62076 35924 61977 63886 61749 62850 63849 62205 8364 62258 35924 61223 62076 62555 62430 0 62850 63849 62737 0 63026 0 61785 61579
61202 0 63429 0 62316 62893 0 63429 0 61749 0 63429 0 61749 61274 50556 61260 0 61749 0 63553 62695 63177 61974 0 63429 0 63429 0 63429 0 63429 0 63429 0 63429 0 63429 0 61749 0 61785
3772 62030 63402 61872 61977 0 63844 0
1003 20774 63125 61223 61202 0 62794 62076 63709 62629 62518 63766 62398 61749 63767 63138 61749 0 62776 61223 62103 61977 62290 0 31807 62997 0 62515 62567 0 62961 61749 62829 62745 62430 62791 61223 61202 63377 62855 31807 0 62627 62303 0 61749 0 62205 0 63779 63131 62950 62159 61785 61579
1003 62076 61977 62831 46153 62381 61223 62103 31807 63315 62494 61980 31807 61223 61202 0 62892 61872 62076 62240 0 62303 61223 63473 0 62512 0 62648 62518 63766 63011 62745 61785 61579
1003 61247 1835 61540 1565 61282 23 21760 94 21 27710 110 118 93 35132 27710 110 23 222 5 61223 1571 27710 110 2325 112 61245 8980 769 1571 27710 110 2325 713 84 61289 61298 2939 1571 27710 110 4110 5 61223 1571 27710 110 233 556 69 61228 61210 224 19 21917 146 3917 63 84 61289 61298 2898 1571 27710 110 233 556 69 61228 61210 224 19 141 411 61210 3626 84 61289 61298 3137 1571 27710 110 524 1036 1227 33923 53050 4 6875 4 6875 4 6875 37612 93 61239 19832 61228 23419 61314 61223 58 19832 61228 23419 61314 3598 769 1571 27710 110 233 556 69 61228 61210 224 19 1097 2004 61217 158 19 84 61289 61298 2953 1571 27710 110 524 61288 1227 33923 5271 47 17 21609 9552 61223 1571 27710 110 118 84 33 471 61212 226 93 61247 125 23419 61314 61265 61579
1003 61202 62408 61974 63045 0 56662 63480 0 29829 61749 62877 63735 62997 0 61223 0 62392 62381 63767 63138 61223 63597 0 62959 0 62678 62205 61980 63355 0 61749 63536 63624 63588 63361 63043 62737 61749 62829 62745 61223 61202 62959 62205 63519 0 62648 62802 62311 61223 62484 62408 0 62678 61969 61223 62392 63256 62910 62893 63767 63138 61223 63597 0 62880 62075 62878 62738 62855 63026 0 62678 62408 0 62678 62523 61749 62829 62745 61785 61579
61202 37268 62076 62103 61977 62960 63010 62290 62627 61974 4238 62958 58800 61282
59772 0 61872 62075 62392 62381 0 61749 0 63429 61202 63492 61974 27094 0 62637 0 61236
61202 63084 63294 63173 62843 62947 63279 62959 31807 63281 63548 63355 61749 62829 62745 61785
500 2340 61202 62418 0 63802 62950 140 50556 61260 0 61749 62947 63279 0 62877 63735 0 63235 63131 0 62940 31807 62075 31807 63009 62364 61245 8787 3494 40644 61749 0 61969 61202 63201 61980 62292 61749 62458 63812 0 63646 61785
1003 63473 0 62076 62408 61974 62824 63877 62853 0 62811 63202 0 62311 61749 62823 63351 0 62205 45053 61749 62824 0 61223 61786 63355 62408 61223 60482 62853 0 62811 0 61969 62661 0 63734 62823 63351 0 62303 62430 62791 61749 63168 63460 61223 63253 62823 63351 0 62303 62587 62234 61749 63168 63758 61785 61579
61202 0 62238 61749 0 63277 44790 62627 62767 61974 62928 61749 0 62868 62075 62527 61223 62075 61301 62258 29829 61749 62829 62745 61785
1003 30213 63619 0 62627 62303 0 63429 0 63429 0 62205 0 62961 0 62776 61749 0 63429 61969 62114 61931 63295 0 61969 62205 0 62843 63279 63691 62075 0 63281 63009 62364 0 63321 61749 62839 62742 61223 62796 62637 0 63429 61993 0 63429 61993 0 63429 61993 0 63429 61993 0 63429 62205 0 61785 61579
1003 62897 63240 0 61749 0 61266 9164 61207 61314 61265 61266 61977 0 63275 62589 0 61223 0 61977 0 62627 62767 62076 63391 0 63429 5014 61579
201 62839 0 63620 63926 0 62076 63621 62299 61223 61202 63536 0 63354 63090 62076 62401 62558 62075 63767 61785 61287
1003 61245 8787 3494 40644 63009 62364 61749 0 63429 61969 0 63341 62940 62075 21929 0 63321 61749 0 62303 27154 63281 63619 0 63015 63660 61749 0 63429 0 63202 62794 62075 61969 42043 0 62648 0 63877 62545 0 61266 61298 61298 61265 0 61266 7052 61332 62398 8337 2980 10191 9360 63281 63000 63294 63009 62648 61749 63536 63624 26733 13539 0 62398 61249 12636 2980 15437 9360 63202 0 62523 61980 42043 63536 63624 9184 9612 61332 61969 62398 61309 1740 61301 4063 9360 61785 61579
1003 62710 62739 61223 63313 63240 0 63429 0 62839 0 61282 0 62986 0 61749 0 63429 0 63275 62589 61974 61977 63240 0 63429 0 61749 0 63429 0 61266 38964 61265 62392 62381 61749 0 62986 0 63429 0 61266 38964 61265 62205 0 63429 0 63343 0 61749 63279 63691 0 62776 0 61266 62796 0 61749 61260 5457 47 39707 61265 62449 62292 62076 0 62678 0 61749 0 61266 25657 61293 61265 61785 61579
61202 0 48554 0 61974 62515 0 62449 0 63553 61749 63222 63639 46428 0 62430 62518 62950 62159 63545 63545 0 62756 0 61749 0 63394 61785
1003 651 2811 62316 61301 62662 61223 61239 19832 61228 23419 61314 3598 0 63429 0 61749 62749 62176 62824 63877 0 63026 0 62521 62408 0 62827 0 62691 61749 62615 63758 61785 61579
1003 34361 0 62983 61749 0 63944 63026 62839 0 61223 62103 61977 0 63646 62998 62571 63605 63237 62364 0 62076 62099 63173 63759 61749 61969 61202 62408 61974 0 63281 62902 31447 0 62076 63575 63025 62290 0 61785 61579
1003 61202 0 63432 63647 62408 52633 61749 0 62159 63128 63842 61749 31807 0 61223 61202 62756 62815 61931 34361 61872 62176 62448 0 62849 62311 61785 61579
1003 22268 62915 62170 63355 0 63355 61749 0 63429 0 63281 0 62843 0 62076 63592 0 62398 61223 0 63243 0 62757 62076 44975 61785 61579
61202 0 61749 0 61749 0 62776 62560 63746 61749 62750 0 61202 0 62738 62408 62827 0 63429 0 61749 0 61785
1003 0 61749 0 63275 62705 61993 0 63390 62205 63862 0 29184 62737 0 61223 62756 62815 61931 62076 63009 0 61749 35924 61785 61579
1003 46801 61210 26497 18435 62238 62850 62398 62637 62408 63279 63691 63545 62850 62205 62819 63020 0 62398 62637 0 62299 61749 0 62205 0 62874 0 61223 62959 63084 63294 63343 62928 0 61785 61579
16621 62950 62159 61974 62076 61274 50556 61260 140 11701 62877 63735 0 62398 62950 62159 61974 63480 0 63394 61223 62392 63532 63394 62494 63592 0 63875 63504 62738 62855 62877 63779 61266 61293 11701 61265 62205 62076 62738 62316 61969 62205 62968 63922 61749 62494 62791 0 61266 0 61325 1389 8335 61785
1003 62567 62827 61223 61245 8787 3494 40644 61749 0 62521 62829 62745 61749 63326 0 62627 62767 62874 62623 61974 62076 35924 0 62986 63802 0 61749 62103 61977 0 63016 56661 46153 61785 61579
1003 63555 62960 63125 63618 62521 61749 45684 63202 0 62661 62627 62303 61974 61223 63676 63735 61251 18805 14995 61785 61579
61202 61251 15682 61749 53523 62738 62855 62794 0 62756 0 62125 0 62797 0 61749 61245 8787 3494 40644 0 63429 0 61749 0 62627 0 61785
1003 651 61312 62316 61301 62662 2811 62380 61223 39528 62850 62303 61749 8914 61350 62629 63026 62737 0 63026 0 63009 62364 61223 62075 8702 61312 62258 35924 62850 63849 62737 0 61785 61579
1003 61872 62683 62075 62983 62030 0 63313 62258 62290 0 61749 0 62159 0 61266 63776 62796 61223 62398 62311 63112 0 63202 63356 61749 61977 0 62205 62323 62897 0 61202 0 63202 63356 63112 62802 62311 61749 0 769 62788 63378 62560 61980 62176 0 63091 62076 63575 63025 63575 0 63281 62997 62448 52633 61749 63597 0 63074 63010 61785 61579
2817 61202 0 63350 0 62950 62159 62527 0 63429 0 62205 45684 62928 61749 63405 0 63429 0 62691 61223 62408 61245 8787 3494 1804 61311 61749 63584 0 61785
61202 63180 0 62303 62124 63090 0 63182 62323 61301 63011 63782 63967 61266 0 63429 0 62877 63735 61265 62323 61301 63011 62323 61301 63011 62398 0 62521 62408 0 62303 62824 63877 61749 0 63277 0 61274 50556 61260 61274 11701 62959 61293 61247 61749 0 61785
61202 0 63671 0 62986 0 62075 21929 19121 61251 0 61202 0 62075 0 62776 62839 0 61785
61202 40244 0 62205 0 63935 0 62627 62767 46428 0 63429 0 63429 0 73 8787 3494 40644 0 63429 0 61749 40244 0 63394 0 62527 61974 0 63096 61749 63703 63128 61223 62392 0 63016 0 63802 0 61749 0 63432 63967 61223 0 63779 63575 62258 63145 0 63584 0 63737 0 61749 62738 62855 61785
61202 0 62705 0 62940 62982 61202 63473 0 27094 62458 0 63074 62297 61202 0 62364 61872 0 62791 61785
1003 0 62816 63081 61980 63501 62076 0 63333 63570 0 62364 0 61223 63015 63375 0 63973 0 61931 28327 61749 61223 0 61931 0 63429 0 62518 0 62125 0 63961 0 63281 0 63826 62288 61749 0 61931 0 63316 63281 63000 63081 61785 61579
201 62103 62560 63342 62716 63767 63138 62878 62959 45684 61969 61749 62947 63279 61223 61202 62615 62297 0 63313 63950 63281 63816 0 63685 61202 62959 31447 61202 63473 0 63969 0 62030 61785 61287
1003 0 62756 0 63676 63735 63180 35924 0 63601 62518 63182 63782 62521 61223 62878 62982 61749 63945 0 62983 63783 63980 62795 61974 53523 61785 61579
1003 62902 62458 0 62816 63081 0 62364 0 63282 62205 0 61223 61202 62801 62827 62902 62982 62114 0 62527 63838 0 61749 0 61785 61579
1003 63676 63735 62418 0 61749 0 63837 61749 0 62691 0 61223 0 62205 0 62863 0 62998 0 63429 0 62950 62648 0 63944 0 61749 0 61202 45301 1185 41589 294 63281 63084 63294 0 62512 0 61202 0 63429 0 62959 0 63944 0 61785 61202 0 62648 0 61749 0 61223 0 63429 0 62587 62290 0 63026 62627 62767 63473 62878 0 62076 0 62983 0 62398 61785 61579
61202 0 62961 0 62303 61749 62813 62518 61223 62796 0 62413 0 63086 0 63429 0 61749 0 61785
1003 62788 61931 61223 16712 61749 0 63131 63597 0 46428 0 61749 45053 63243 62545 61749 63502 0 62205 63532 63394 16712 61749 0 62449 63096 62571 0 62910 61749 62839 0 63646 61785 61579
61202 0 61749 0 61266 15616 61314 61265 0 63822 62738 0 61749 0 61785
61202 0 62527 61283 7149 0 62527 62126 63511 0 62076 63845 63545 0 61969 61749 62555 63257 61223 62392 63969 63086 61980 0 63734 0 62823 0 61223 61202 45301 63112 62892 62527 62523 62205 62571 63605 62627 62234 61977 0 62555 63413 61749 0 62663 63251 61785
1003 0 63429 0 0 62075 6953 61350 61749 62710 62739 62776 62959 21929 0 61749 0 61749 0 61223 61202 63015 63375 61223 62099 62591 63809 0 63976 62076 0 62338 62558 63237 62364 58333 63420 63015 62688 61931 61785 61579
61202 62915 62170 62288 61969 22268 62627 62303 62959 61245 8787 3494 40644 62075 62737 61749 0 62961 0 63281 62523 62562 0 61785
1003 61260 24587 2735 62862 62234 61237 65 1978 511 61223 62297 61293 48659 0 62865 62545 61969 62544 61223 62476 61223 61575 61293 48659 62076 63797 63651 63343 62238 0 61749 63619 62983 61749 63405 63096 62484 62527 61579 62205 61575 61470 61203 61468 0 63601 46153 62381 61223 61293 48659 62782 63899 63591 62959 61785 61579
836 2086 29390 62831 48554 63703 62976 61974 63591 62959 0 61749 0 63279 63691 0 61749 0 62527 0 61223 62076 62398 61223 61969 62114 29184 63168 63460 62878 61749 0 63876 61223 62392 63599 62865 0 62523 0 62555 63413 0 62959 0 63235 0 62776 0 62398 62637 61749 63413 61785
1003 16712 62767 62075 61749 63279 63691 29184 63681 63912 0 63313 62774 63802 0 61223 62788 62688 63709 62380 0 63281 57104 62877 63735 63096 62571 62738 62408 16712 62615 62297 61749 63459 62518 61785 61579
201 61259 11093 0 63773 0 62076 60482 62678 0 62299 61223 61202 0 62878 62398 0 62398 62311 62076 62238 62629 62877 62299 61785 61287
1003 63709 62629 35924 61993 0 62205 0 63773 0 62627 62234 61974 62394 63997 61749 0 63194 63689 61223 63597 0 60482 63000 60286 61749 62823 63566 61749 62737 0 61785 61579
1003 62103 0 62527 62794 61251 7583 62868 63391 0 62791 0 61223 0 62515 62238 0 62823 0 61980 58800 61282 62103 61931 21929 63763 63600 0 63594 61223 62782 63899 0 62757 63548 62408 62567 0 61749 0 61785 61579
1003 61202 63597 0 62238 0 61969 0 63636 61749 62124 62745 61223 61202 0 62933 0 61749 0 62030 61223 61202 0 62076 62494 39528 62398 63026 63352 63492 61223 62392 0 63086 0 63429 0 61785 61579
1003 34361 61872 62782 63899 62234 62448 61223 61202 0 62716 62824 62690 0 63341 62940 61256 63950 20215 0 61265 62205 45684 61969 61785 61579
2817 61202 62757 62076 0 61749 0 63394 61749 63703 63128 29184 62076 61575 0 63096 63703 63128 61579 62381 63802 63851 61223 34361 62076 0 62628 63611 63636 61749 62877 63735 57420 46428 63584 0 61749 0 63281 0 62776 0 62776 0 61749 63480 62663 63251 61785
1003 2611 4716 256 4306 2585 1601 95 17 4362 28898 269 47 17 8456 61223 64 17 1492 5 39 19358 692 4306 4 1652 50 13503 47 2317 13503 22538 3506 38 5421 292 38 9204 4133 64 6102 61216 61579
61202 62892 62527 61274 50556 61260 61228 27040 61247 140 11701 0 62515 61245 8787 3494 40644 62234 62303 0 63429 0 61749 0 62238 0 63064 63016 63138 62521 61785
1003 61202 63375 62849 61223 16712 63131 0 63394 62983 62030 62076 63731 0 62850 0 63553 0 62480 62364 62494 62843 61749 62983 62030 61223 62392 0 62853 0 61785 61579
61202 35924 0 63547 63797 62030 0 63086 0 63015 61245 8787 3494 40644
61202 62801 62827 0 63979 61931 63253 27094 0 63074 62827 0 62863 62470 61236
1003 61202 0 63131 62527 0 62392 62297 0 62850 0 61749 651 0 61266 16584 62258 62662 61265 62076 62381 63466 62316 0 62587 62290 62398 61282 815 2574 61339 500 0 61993 61309 41734 0 61993 11266 11980 61312 0 62205 13738 0 63281 0 61785 61579
13125 62258 62877 63490 31807 0 62853 61223 34361 12613 61247 0 63504 62394 42043 63343 62629 61749 0 61785
1003 61202 62398 62311 62205 62560 62238 62811 61749 29829 63168 62234 61223 0 62515 61245 8787 3494 40644 0 62961 63875 63504 61749 0 63015 63660 63597 0 62381 0 61749 0 62303 27154 61223 62788 62075 62737 62802 62311 0 63429 61969 63009 62364 61245 8787 3494 40644 61749 0 63429 61969 61749 0 62075 62737 61749 0 27154 62683 22268 29829 61785 61579
1003 62238 62984 6241 61350 61749 62839 0 63275 62589 0 61749 0 61223 62878 62982 29184 63275 62589 63536 63624 0 61785 61579
1003 56662 63429 61969 61749 0 61749 0 62290 0 63377 62855 62959 0 62297 29829 61202 0 62716 63000 0 63429 61969 61749 29829 61223 0 62738 62408 0 63326 0 63278 0 61749 0 61749 62983 62030 61785 61579
1003 62408 61977 0 63432 61749 0 62691 61266 62796 0 63235 0 61265 61749 0 61266 62796 0 61265 61749 0 61223 62323 63125 61228 5019 0 63278 0 61749 0 63394 0 62076 0 62299 0 63009 62364 61245 8787 3494 40644 63009 0 63429 61969 0 61749 0 61223 63548 62521 61974 31807 0 62238 62892 62527 61245 8787 3494 40644 61749 44790 0 63432 61749 0 63429 0 61749 31807 62776 61785 61579
1003 63032 53523 0 62895 62947 0 53263 0 62480 62238 62984 3396 0 43210 0 62853 63222 62759 61223 62126 0 63045 0 61749 0 61223 0 61251 18805 14995 61785 61579
61202 0 62413 63275 62589 0 61266 63281 61931 63084 63294 0 63429 0 63281 61931 0 61749 0 61265 62205 0 61266 63281 61931 63084 63294 0 63429 0 0 63281 0 61749 0 61265 61785
