201 5213 671 10192 2447 61381 140 50556 61260 140 11701 17720 12151 28947 61491 2974 61421 5624 61455 61491 17734 3163 61553 2820 7694 2820 30018 6041 5213 1736 1259 12400 18518 61491 15733 2423 61768 61480 61654 2227 2820 5547 6228 61947 4381 2418 51311 15585 47770 61441 2447 1250 4888 463 7483 61705 2227 9866 2678 6041 38243 9399 2115 12451 5155 15632
201 61491 61381 17240 61995 38243 2227 2309 17240 61995 38243 2227 2309 15859 42125 2882 13479 1736 3679 61654 13340 3425 4888 42385 5155 2375 6298 62100 61455 25213 31987 61426 1700 2227 1736 4888 3022 61421 6228 35607 61342 2227 2309 15326 6041 38243 9399 1250 61223 6041 38243 9399 2227 2309 20918 5129 61411 24202 6298 61480 10061 61455 1643 13550 61868 61223 2418 1120 27013 61336 5309 1643 13550 61868 61223 598 3085 7419 61372 5309 45394 3301 15439 15439 61553 5309 1802 3134 61223 671 5129 1822 13540 61455 61491 1802 3134 61223 36263 61417 9520 61491 1802 61372 5309 958 61372 61473 61576 61342 2447 1736 14412 24643 2324 61223 73 8787 3494 1804 61311 2309 58567 395 62048 43206 31987 61426 11373 9362 958 62305 30489 61490 3425 3022 61421 6228 61553 3163 1250 61487
318 7137 1120 61676 7345 8005 61516 62048 61372 2856 61688 1704 1822 3121 7345 1307 19058 5484 61342 10733 2227 1736 5649 61320 61678 31769 6041 61411 8578 61342 2227 3425 8005 42055 2309 37722 3129 14477 13340 1687 61357 14248 61547 61441 28949 7720 2974 30069 4381 9272 61487
1515 62305 10833 6307 2309 6162 4002 61480 61426 5624 61411 27013 36209 30909 1704 2309 6162 10725 3812 61455 8578 61995 4386 1250 61216
8369 61522 3818 23131 2227 2820 8002 60479 395 1704 3301 20305 3349 44169 61372 12392 2309 6162 39602 61543 1700 2227 3349 61132 12392 3425 2678 61732 48111 10406 1736 7137 2447 61228 31365 2447 2678 40067 62817 43057 12392 2820 17241 23131 3163 10406 61216
201 61274 50556 61260 140 11701 1736 15733 2423 61768 61480 61654 5309 8005 44221 17589 44887 20469 2678 671 10192 2447 61381 3129 416 61616 31226 7137 61397 3349 6298 3448 27157 17720 12151 28947 61491 17734 3163 12392 2309 6162 2974 52376 2115 12451 5155 15632
201 61491 61381 46799 50023 53033 5484 10061 20469 3812 5547 18415 19553 61553 4381 2974 19553 61553 23841 61223 17411 3701 14042 6298 3448 27157 20247 2820 5484 61342 10733 3425 9362 10061 61455 1307 14638 1704 2309 25478 3163 46799 6041 61411 8578 61995 3425 8005 19553 61553 1250 61216 5484 61342 10733 1307 19058 12392 2309 1643 49984 2324 3812 8369 61522 3818 61522 20469 3425 11456 61320 27013 2678 1182 3818 61372 3425 4928 8898 1250 2375 44142 5484 61342 10733 2678 9815 2820 47124 1704 2309 846 10038 12776 1704 2309 6162 395 62048 61411 2447 2309 6162 395 62048 61411 3163 61868 2309 58567 15117 8898 1250 15632
201 55044 23471 61223 9680 8005 61780 61553 61421 62817 9823 4386 20286 52377 61223 39373 16771 1704 2309 6162 61223 30754 8721 54916 3129 23348 61228 5236 34469 61676 1822 61473 59119 61381 2227 8902 37332 5958 4359 61356 1307 19058 2115 12451 5155 61223 28465 1802 3134 2227 2309 2632 4381 27869 2820 30530 1704 2309 6162 15632
201 61342 61868 5390 61732 2227 3129 5484 5958 18808 33800 61372 1058 61480 10061 3679 61421 9520 21849 3448 2820 5547 14248 61707 4381 4247 47428 1250 2375 6216 3679 61421 9520 46193 8005 42055 2309 15326 6298 62100 61320 12392 3425 29806 23131 4386 1250 61223 1736 6041 61411 35139 3129 1802 3134 4659 3425 8005 19553 61553 3163 3425 8005 19553 61553 3163 1250 2882 5309 4381 61357 61397 5309 4381 61357 61397 2820 5958 61868 49851 61516 61421 61223 3022 1120 61676 29806 61516 61421 9362 60940 2309 58567 61487 201
7247 40384 61473 55740 2309 17240 61995 38243 5649 61381 21849 3448 40929 2820 2418 8898 1250 61216
201 1643 17905 18808 2974 61732 61411 8578 61995 2974 3134 24349 61426 2227 3812 6298 20510 33887 5309 8005 19553 61553 56342 10406 61282 8369 61522 3818 61522 20469 2309 6162 1643 17905 18808 6041 61411 8578 61995 2974 3134 24349 61426 2227 3425 47373 12392 2309 6162 1325 15566 19760 4381 12392 2309 6162 61223 6041 38243 9399 4381 9362 46799 50023 53033 49851 2227 2678 61223 7247 24514 61421 3129 10359 8005 42055 58498 61342 60940 2227 3425 47373 2309 59572 46799 2820 30018 1700 3129 16320 61441 20493 61947 1250 15632
19223 49687 25923 61342 2227 3425 2418 38330 3349 846 3705 61372 15795 1736 9866 2309 7137 61397 61441 8005 42277 61381 2227 2820 30530 61417 61216
201 61659 23006 1700 61480 10061 61455 8005 61516 62048 61372 2227 7345 19223 1687 61947 4659 2227 3129 2820 9823 2678 1259 5129 61417 61947 61455 3349 2418 61426 61480 61473 4381 9272 61223 32379 8600 2227 2678 6107 26671 61522 61372 12392 2309 6162 395 13218 61995 2309 20247 3129 846 1388 61707 61417 61426 3349 14949 1259 10406 15632
201 61372 4805 12507 61336 5298 61868 32379 8600 7345 3379 7137 1120 61676 2309 49515 44142 1259 12507 61336 5298 61868 5484 61342 10733 2227 2678 1307 19058 2115 23529 47428 61223 6052 61543 1700 2227 1736 395 61480 61473 9520 6925 1307 19058 2115 23529 1736 7137 61813 61228 13550 61473 7345 1307 10419 61676 2227 2678 39373 2820 42372 61441 1704 2820 19747 61342 14590 61487
201 61543 7845 23471 7345 84 61249 61251 61249 2309 31986 61818 4703 846 1388 61707 61426 5298 3425 15859 61780 61553 7345 25314 1226 1250 61223 6298 20510 33887 5309 5484 5958 18808 33800 61372 3425 1259 61725 61320 61725 61320 61421 5309 1058 7814 61342 2227 2678 846 1388 61707 61417 61426 3425 46799 61543 43206 56680 61342 3349 50945 61372 38537 35088 43938 27497 19525 61491 4247 11752 8898 1250 15632
201 61659 61426 61336 5309 61455 395 4703 61543 2227 1736 8369 61522 4659 10733 20469 2309 6162 11785 9250 61868 61223 16771 1704 1736 3201 61417 33887 2309 31094 3085 61491 3349 43450 1325 15566 5958 13184 9272 17162 14157 15632
73 8787 3494 40644 4002 31365 61707 61455 61491 3134 61455 1325 17529 6925 60534 1250 61216
201 61421 61576 5236 6925 1515 1120 61421 9233 4002 31365 61707 61455 61491 3134 5309 6107 12400 18518 1058 61480 10061 3349 8005 61732 61417 61947 61372 6975 61356 61654 1704 2309 6162 6925 2974 19553 33325 4247 17162 1250 61487 201
201 61543 61547 7137 1822 61342 598 3085 3420 4247 16749 17904 61223 14132 35946 61417 1736 6360 60534 14477 61372 61417 15632
201 43556 6925 19223 1643 5958 40929 9362 1515 61576 3301 9757 2309 14949 3425 2974 19553 61553 3163 3349 15859 61397 27869 2115 29776 5155 61223 1736 10738 6052 58645 2974 19553 61553 798
1643 17905 18808 2974 61732 61411 8578 61995 54591 61426 1058 61576 57253 10406 1736 8369 61522 3818 61522 20469 3425 6041 61411 8578 61995 2974 54348 3349 15859 61397 27869 10406 61282 1643 17905 18808 6041 61411 8578 61995 54591 61426 2678 7137 2447 61543 2309 15326 20474 36959 10406
201 61245 8787 3494 40644 2309 14432 12151 61411 2309 15326 682 7137 61813 2309 53279 19553 61516 20469 2309 15326 6360 24146 27013 598 28148 8818 15859 61732 61417 61947 2309 15326 73 8787 3494 40644 2309 15326 58 19832 61228 61245 8787 40644 2678 23795 1259 61553 13479 1182 1984 61426 2227 2309 1687 4703 3129 9362 1182 1984 61426 1704 2309 3022 42039 3425 57673 2227 3129 10725 57673 4386 25314 1226 61223 48620 11136 1259 61678 1182 1984 61426 2309 1802 24202 3425 2418 61480 10061 61995 2227 3129 4002 61480 21613 61654 61441 16320 54316 24960 15236 61487
7137 39871 1643 28669 11366 3701 15326 14412 61688 61473 6984 3812 4002 61441 1120 12507
201 61342 61868 2882 5309 4381 61357 61397 1736 17241 56650 5309 2882 5309 4381 61357 8818 61491 60021 2447 3425 1307 38319 61543 2227 2678 38537 35088 43938 27497 30220 61543 31544 2418 51311 15585 2678 4002 61372 3121 61707 9272 4928 28224 1250 61487 201
11136 7137 61426 4703 3129 2632 61441 3349 5922 1344 61576 61480 61397 11785 61480 13923 22279 17162 61216
201 61426 61336 61688 61676 500 7137 1120 61676 2309 2418 22925 3812 73 8787 3494 1804 61311 2309 8005 61547 60655 3129 20918 5129 61411 24202 8369 61522 3818 23131 20469 2678 2882 13479 3129 52 3379 61301 7483 61705 2227 3129 5155 61223 17411 3701 51980 4928 61473 3349 15859 61397 27869 2115 12451 5155 52 21324 61309 7483 61705 2227 61223 1736 3679 61336 2324 52 10334 61309 7483 61705 2227 1250 15632
201 61397 61480 3701 61421 2309 25478 3163 11785 61516 35358 9866 2820 31987 61426 11373 598 33257 61480 20572 61995 3425 44769 30220 61543 31544 5155 61223 15308 2423 61480 8721 7247 23471 2820 8005 8818 61947 20469 3425 5484 61426 24777 61320 1325 17529 6925 4928 12451 5155 15632
201 15818 6984 50270 2227 2678 7137 1822 61342 14477 61372 1704 2820 23398 61487 1736 958 1822 61342 2678 1259 5649 61688 62246 10359 6216 2776 13743 1428 52029 61654 10310 8898 1250 15632
1515 18932 3425 16320 61441 20493 61947 2447 3812 61455 8578 61995 6298 3448 27157 20247 2820 8002 59762 61397 16320 61441 20493 61947 2309 1428 61576 61547 6984 61654 3129 1182 61356 61707 61357 61397 2820 7137 1822 61342 9362 7137 1822 61342 6041 38243 9399 22430 1250 61216
201 1822 30289 1120 61654 1687 6307 2820 33329 3301 17384 5298 2678 1515 5624 12151 22430 1250 61223 48620 6216 1058 10833 3420 61441 22881 4386 22430 1250 61223 7247 60674 1328 2820 61342 1388 61707 3129 50270 11456 61320 7720 1704 3425 49687 25923 61342 2447 1250 61223 21307 3022 3705 2309 598 28148 8818 2678 10979 15566 19760 4381 12392 2309 6162 1736 6360 1736 958 5624 61654 3679 58000 61543 1700 2115 9520 44082 61223 10359 20665 2375 45428 1120 61654 3349 11148 7814 2418 61646 61654 61287
201 61342 61868 5390 61732 2227 3129 44142 598 5958 61868 61228 1736 6975 61490 43757 5309 598 5958 40929 2678 1802 50470 9272 17162 1250 61223 9362 3669 23795 8005 42055 1307 18628 2820 21849 61426 4381 1250 61223 1307 19058 21849 3448 40929 61223 56545 46424 20247 2820 5649 61320 21613 31769 30641 50123 2227 2309 15326 798
201 61646 5236 6925 11136 10957 28148 61426 2227 2678 61336 2324 61553 4805 61397 93 9164 61207 61314 61265 30220 61543 31544 5155 61223 35840 2820 6360 2309 846 61356 61654 61228 61676 61336 61228 61676 61490 61654 5309 1802 3134 3349 598 3085 7419 1802 3134 3349 29733 22430 1250 61223 1736 43150 6228 6298 61480 61397 5309 31987 61426 11373 1250 798
201 61397 1700 61397 61228 3121 33325 3598 1515 18932 73 8787 3494 40644 93 3121 25373 3163 61553 4805 61397 778 8335 3349 58567 1250 61223 1325 18808 27831 61455 6298 61480 61397 61336 5309 1802 3134 4659 61223 4888 778 61311 3129 14477 13340 48145 2974 42038 9272 17162 61223 2856 61688 61381 2324 61223 598 61688 29622 61223 2882 13479 2309 1307 1822 8898 3129 61216
201 61491 61381 2820 1325 27056 61223 46799 2820 46799 6360 6298 62100 61455 1802 3134 2227 3425 30220 61543 31544 5155 500 1740 61301 60513 9360 3129 2820 118 9612 61332 31987 61426 1700 2227 2678 73 8787 3494 1804 3137 4888 1325 1822 61473 2447 61441 4381 4386 15236 61487 201
201 61659 61947 26934 61480 61732 1259 61678 8005 19553 61553 4381 16320 18808 25376 2227 93 61251 5340 61265 8369 3420 61397 19525 18808 61320 3129 1325 17529 20665 8369 3420 61397 2309 6162 8369 25706 2447 2678 14412 61576 13184 1428 1388 5155 61223 30754 8721 8237 9362 3669 1182 3818 3970 1182 3818 3970 1182 3818 3970 4247 12451 5155 9362 1428 8578 4659 1802 3134 4659 1802 3134 2227 2309 1643 49984 2324 3129 846 39544 18666 2974 19553 61553 4381 5155 61223 2096 61228 18682 2309 2882 61336 2227 3425 15733 2423 61768 61480 61654 5309 3812 61455 8578 61995 3425 49687 25923 61342 2447 40929 2678 15859 61336 61688 61676 4381 4386 11948 5155 15632
201 8369 52028 3349 15859 61397 27869 44761 4888 30220 58645 3970 4002 31365 61707 61455 61491 3134 5309 6107 12400 18518 1058 61480 10061 3129 3679 36303 3448 61441 9272 41471 1250 1736 24514 6571 3129 9272 17162 21849 61336 3134 24349 61397 3349 15859 61397 27869 61339 10332 6320 48977 19525 61491 61553 2227 2678 6041 38243 9399 1250 61282 6172 17241 56650 5309 7941 61707 5309 4381 61357 8818 61852 5309 60021 2447 3425 6107 12400 18518 61339 8342 1515 61455 61336 61397 61417 61441 5309 4002 31365 61707 7105 61426 5309 6107 12400 18518 61339 11727 21849 61336 3134 5309 4002 31365 61707 61455 61491 3134 5309 6107 12400 18518 61339 15291 6041 61320 61780 3705 61372 1802 3134 2227 3425 6041 32697 61688 61473 61995 61339 1736 19694 2418 61813 61342 61688 61654 3425 14412 24643 2324 61216
395 61868 5390 61732 2227 3129 395 22435 6107 26671 61522 61372 9362 32379 8600 2227 3425 2418 38330 2309 58567 9420 24349 61480 61397 1388 61397 2820 15710 18518 61491 28097 20665 17240 61553 61381 61372 395 22435 2115 23529 47428 9362 11148 7814 5390 61732 2227 3129 19747 61342 31769 15236 61487
201 61397 61480 10061 61455 1802 3134 2227 3425 16320 61441 20493 61947 9362 15859 61473 54316 9362 53194 23682 61455 8600 61455 3022 61421 6984 17240 61995 38243 2227 3425 395 62048 43206 8005 8818 61947 61372 2309 17240 61995 38243 2309 37722 3129 2418 51311 15585 93 61646 3970 5213 61995 1058 54407 3378 61780 61553 11373 61265 2309 6162 801 1442 61256 93 2804 61332 32751 31987 61426 1700 2227 2309 6162 16320 61441 20493 61947 9272 17162 14157 61216
201 61491 9536 9680 3701 14042 10725 36236 4386 1250 3669 19525 18808 61320 2678 4928 45765 1428 1388 1736 21307 59119 61381 2227 3129 17589 2227 3425 51021 2309 37722 3129 1325 61522 4659 27408 13452 52278 30725 12392 3425 2678 61732 48111 15795 15632
201 61768 61654 61576 61342 3129 61223 1259 4659 61688 61228 61491 62431 26591 61223 57113 38458 61441 8369 61522 4659 11191 61522 4659 2227 7345 9420 62431 9955 10192 8721 15031 2309 30641 50123 3129 46799 2820 46799 463 7483 61705 5922 62431 61441 61336 3022 1120 61676 9272 61487 201
201 62322 61336 4381 30641 50123 3129 598 33257 61480 20572 61995 6925 42948 61411 12392 3425 21849 3448 40929 2678 7483 61780 51885 28224 1250 61282 18579 9680 24514 6571 3129 7247 61455 30641 50123 3129 15236 61223 9823 5390 61732 2227 3129 9680 6925 6360 43150 6984 8369 9233 3812 10310 4928 671 3121 7323 15632
53194 6041 61411 8578 61342 2227 7345 15710 18518 61491 5484 20572 3812 7247 23471 3425 36263 5298 40929 2678 7483 61516 61688 9272 61487
2856 17905 61417 61473 6360 1259 61868 846 1388 61707 61417 61426 5298 3349 6360 1259 61868 4002 10192 61397 1388 61654 1250 61216
201 16584 7369 1307 3134 2227 2309 20584 1259 61426 61688 3163 3425 49687 62305 10833 6307 1336 61616 10884 1515 36356 2227 3129 1307 10419 61676 2227 2309 6162 60569 1436 10419 61676 14157 1736 5786 1515 36356 2227 1736 1182 3818 3970 1307 10419 61676 2227 3129 61223 1736 60569 46799 1250 52 734 61616 61312 1515 36356 2227 1736 1676 61616 9671 1515 36356 2227 2309 1307 10419 61676 2227 3129 1307 10419 61676 2227 2309 6162 93 61336 7845 61216 682 52 16723 647 61287
201 61553 61688 18125 33800 61356 2309 59118 5213 61356 1736 36263 62431 61372 5309 1802 3134 2227 2309 15326 5086 61223 9362 10061 61320 11948 5155 61223 60569 395 61421 9520 3022 61421 6984 5155 1736 1307 18628 3022 61421 6984 2309 6162 9362 10061 61320 40929 2678 30530 3163 44082 61223 40787 5236 1428 61480 29622 598 5958 61868 61473 4703 61654 2227 61223 20276 61553 59119 61381 2227 3425 9362 10061 61320 1736 56545 46424 20247 2820 36263 61417 61397 2227 52 6925 8005 8818 61397 2309 30641 50123 2309 46109 61487 201
201 61491 61522 4659 31365 1325 17529 20665 73 8787 3494 1804 3137 33613 61342 52132 2418 51311 15585 40929 2309 37722 3129 1325 17529 23348 9823 4386 13452 61320 61223 3669 10332 8005 19553 61553 3163 1250 2375 8237 61336 61397 3425 41649 61441 3163 3129 671 10061 61490 61372 4002 61480 61654 1344 61473 1736 2820 46799 3022 20572 61342 8898 1250 61223 48620 58 19832 1736 72 16486 2309 41649 61441 3163 3129 30018 8005 8818 61947 4381 1250 15632
201 7638 2309 1259 5129 61455 8578 61995 2309 42733 2882 5309 4381 61357 8818 2974 61421 5624 61411 61947 20469 2309 15859 42125 61223 4888 15733 61441 5624 5309 61455 2309 3812 61455 8578 61995 2227 2309 1643 49984 2324 3129 31094 3085 61491 4381 9272 17162 61223 1058 61455 61397 61336 3425 671 25706 2447 2309 3812 61455 8578 61995 2227 2309 1643 1344 61473 61995 2227 2309 1643 49984 2324 3425 6298 3448 27157 31094 3085 61491 3349 6298 3448 27157 3022 1120 61676 4920 61325 1307 9399 61455 61441 61336 93 61421 61490 1120 61543 6773 2309 15859 42125 61265 3425 1515 36356 2309 1687 61995 3163 3129 40192 61320 1226 15632
201 27802 56650 61223 10332 33613 61342 52132 61455 2418 51311 15585 1250 61223 1736 54613 4703 61936 61995 15859 61473 54316 2418 51311 15585 40929 2820 21849 61426 4381 9272 17162 1250 61223 4888 5484 5958 18808 4659 8369 19553 61516 2227 3812 1307 62356 61320 61868 40384 61473 55740 3349 28283 62100 61320 2309 58567 1182 3085 29154 2820 1182 3085 29154 2820 40192 1704 2309 7137 61426 4703 1736 13452 52278 3201 61336 1704 2309 6162 3201 61336 1704 3425 5390 7814 3425 1182 61336 61688 7814 1250 61339 19223 17240 61995 38243 2227 2678 1259 61678 2418 51311 15585 2418 1704 2309 1643 49984 2324 54985 29776 5155 15632
201 61678 61342 8369 52028 10001 22621 1681 2309 4002 61397 61473 19250 61372 2309 4002 31365 61707 61455 61491 3134 5309 6107 12400 18518 2309 24822 7720 40929 61223 1643 8578 61342 2227 1736 958 61947 4659 3134 2227 2309 8005 61543 3705 2227 2309 15326 2974 19553 61553 4381 20247 2820 2974 19553 61553 4381 9272 17162 1250 61223 4888 2375 2882 13540 61411 61473 61417 61473 61417 61707 2227 1736 53194 19525 18808 25376 2227 2309 37722 3129 14477 61676 4381 13452 52278 22628 61543 3307 5155 61223 1182 4866 61480 32901 671 25706 2447 43938 20510 61342 6975 1822 61491 2227 2678 671 25706 9272 17162 1250 40787 5236 5547 61688 27497 2418 51311 15585 1736 6107 12400 18518 2974 54348 2678 23682 61491 61480 10061 4381 12392 3425 49687 25923 61342 2447 1250 15632
201 2856 61688 15566 1822 3121 2418 51311 15585 8005 18808 33800 61372 73 8787 3494 40644 2678 5649 61688 61654 1704 32325 5484 7720 10061 2227 2309 37722 3129 24822 7720 56342 22430 1250 61339 11702 9757 2418 51311 15585 6041 61411 8578 61342 61223 1325 61947 4659 61426 61223 1325 61947 4659 61426 61223 1325 61947 4659 61426 1515 11148 27497 8369 61947 4659 8369 61522 4659 2309 8005 18808 33800 2227 3129 6041 38243 9399 4381 12392 2309 6162 19724 55867 1250 521 61678 61426 60656 3121 5484 20572 734 2820 318 61468 1736 1515 38128 61813 10419 61676 56545 46424 56545 46424 6041 61411 8578 61342 8369 61522 20469 2678 521 61426 60656 3121 5484 20572 500 2820 836 61468 2309 8005 61547 60655 4381 5155 15632
201 61768 4703 3301 61654 1344 5309 958 4805 13540 61417 1822 15818 61654 2227 3812 8369 19553 61543 61342 1515 62305 10833 6307 8369 19553 61543 4381 4888 18628 2309 20247 3129 16139 61705 8898 1250 61216 8237 61336 61397 2418 13218 61995 1428 4805 61473 4805 61707 1307 4805 61397 61441 2820 1250 11366 3812 8005 61336 61676 4381 671 61725 61356 61522 61336 671 61725 61356 61522 61336 93 61246 769 15967 13218 93 61247 61265 1736 6041 61411 61473 93 61239 61265 1182 61490 61654 1250 15632
201 61342 61868 8369 3970 2447 40929 1736 8005 61732 61417 61947 20469 7345 43150 6984 5484 20572 61553 61421 2820 15439 15031 2678 1307 61381 61372 2115 14590 61223 1736 9823 7345 17949 36263 5298 11148 7814 23471 2820 19747 61342 14590 61487 201
44142 30725 24960 2882 9955 61547 20469 7345 35091 61473 1344 61473 1736 73 8787 3494 1804 61311 3812 1515 5129 61417 61947 9272 17162 14157 61216
201 61397 61336 60656 2309 395 29323 61372 61553 4805 61397 2309 4002 61553 11358 57240 20305 3349 8005 19553 61553 4381 846 61852 1058 54407 18605 9520 17720 38593 2309 17720 38593 2309 17720 38593 3349 846 61852 10332 10979 62100 61320 2447 1250 2375 58 19832 2678 61336 61397 2309 8005 61547 60655 61455 1428 61480 45128 26780 20665 1436 4688 3307 7137 39871 2227 2309 49245 2678 61553 11358 57240 20305 9272 1250 15632
10332 671 2923 23295 21849 1704 395 8578 2309 49245 3129 61216
201 61788 32210 1250 2375 11702 9757 53279 11030 61455 5390 61732 2227 2678 1325 3701 4703 20247 2820 22881 2115 3701 1182 3818 3970 2974 19553 33325 17240 61995 38243 56342 44761 61487 201
201 61473 33359 61455 3970 61223 2974 1700 61480 61780 5309 5484 61342 10733 2309 6162 6041 61411 8578 61995 1307 61357 61441 62431 61342 3425 19525 52028 1328 958 5624 61654 2820 30018 4386 4247 3163 44082 61223 46851 958 61947 4659 61426 1822 61342 2309 6162 52 4088 958 5624 61654 798
5484 61342 10733 1307 19058 46651 2309 17240 61995 38243 2820 46799 2820 500 651 183 6041 61411 8578 61342 2227 1736 10738 17240 50244 2227 2678 3201 61417 33887 3425 46799 2820 35546 29776 5155 61216 5484 61342 10733 3201 61417 33887 2974 3134 24349 61426 2227 52 6360 43150 6228 1515 61576 57253 2820 2856 61688 61216 3129 3201 61417 33887 9420 61576 61441 2227 2309 2974 3134 24349 61426 2309 846 10038 12776 61421 3201 61417 33887 2227 2309 1428 7105 61356 3201 61688 61705 61455 3349 2974 1700 61480 10061 61320 1250 61216
201 61397 61480 61547 61421 5309 31987 61426 1700 2227 2309 15326 49851 61223 17411 3701 14042 73 8787 3494 1804 3137 1436 10419 61676 17296 61473 7419 61223 35484 61732 61441 9362 395 62048 43206 6298 61813 61397 3163 6041 38243 9399 1250 61223 8902 2882 5309 4381 61357 61397 61342 3425 22258 1182 3085 61522 1822 13218 4381 2115 9520 44082 15632
1515 1120 61421 9233 3129 4002 31365 61707 61455 61491 3134 5309 6107 12400 18518 2309 6162 1515 4805 61336 61397 62431 3085 61397 5309 2974 61455 8578 61995 35091 61473 61473 2309 6162 1058 61491 61732 7542 2974 1700 61688 61473 2309 15326 32508 17100 1250 61216
201 61522 3818 61522 61342 2227 2309 23682 61491 61480 10061 61995 3425 56545 46424 2447 40929 2309 15859 42125 1802 36752 61417 61654 1307 61357 61441 62431 61342 3425 1428 61480 13550 61868 20474 36959 10406 61282 8369 61522 3818 23131 61342 2227 2309 23682 61491 61480 10061 61995 1736 7941 61707 61417 61516 35358 61411 15439 61553 5309 30641 61426 2447 40929 2309 15859 42125 1325 61522 4659 27408 26780 2632 19250 61426 2227 2309 15859 42125 14932 1388 61223 56545 46424 20247 2820 46649 25516 61342 62431 61441 1515 61576 3301 61654 2309 15326 6041 61411 35139 2227 2309 6162 798
201 61342 61576 3301 9757 9362 2882 5309 4381 61357 8818 8369 3420 61397 2309 2974 1700 61480 61780 3129 9866 3129 50023 35139 61223 9420 61417 24185 61411 27013 61223 2632 61320 1120 8721 1704 61654 5309 2447 1736 90 5340 7941 61441 61547 61417 61441 7845 2309 37722 3129 5735 61417 15585 13452 52278 1250 15632
201 17720 12151 28947 61491 5484 20572 3812 28949 7720 2974 23625 61421 12392 2309 6162 61223 4351 958 62431 9520 17384 61411 15031 46762 13479 1058 61576 57253 2115 12451 5155 61223 1736 2882 5309 4381 61357 61397 20469 2820 8002 60479 8005 44221 2309 6162 10738 24822 7720 3425 49707 61553 10833 2447 2309 37722 3129 1736 1515 4805 61397 61417 61397 61417 61441 5309 1736 21849 61336 3134 24349 61397 2678 61732 48111 8005 42277 61381 4381 12392 2309 6162 13452 52278 846 40657 12796 61678 17904 798
201 61725 61455 61522 61426 5135 6360 46193 61228 1822 61426 10733 61223 7385 61705 4659 4928 45765 1250 61223 17411 7419 1436 13780 16177 4659 1250 2375 73 8787 3494 40644 2309 15326 16320 18808 25376 2227 2309 846 39544 18666 30018 8005 42055 3812 16320 18808 25376 3349 50023 53033 2447 1736 2974 19553 61553 2447 3349 20474 36959 31570 1250 15632
201 61397 17529 5390 61732 2227 3129 61223 5735 61417 18628 5547 41298 2227 2309 15326 46799 2820 46799 6360 7137 61426 4703 1802 26934 42655 9272 17162 1250 61223 2856 61688 21613 61372 61223 45428 61356 61372 61223 3679 61654 13340 61223 1182 25015 61372 61223 2632 24349 61480 61397 61223 7137 61421 5309 2882 13479 61223 3679 61336 2324 1736 1307 24349 61480 21613 61372 3129 1802 26934 42655 4381 3425 30018 45047 8005 42055 2309 15326 61487
201 61491 61381 1643 61688 7814 3425 2418 61813 61705 2227 3812 34841 12507 2820 2632 1388 61342 1704 2309 6162 61223 10332 1058 61480 10061 61995 15795 2375 2776 1736 43150 6984 53816 6360 61228 61522 25579 6984 2309 50270 2632 61576 2423 1226 15632
201 61553 61688 18125 33800 61356 2309 5086 1736 36263 61417 61372 5309 1802 3134 2227 2309 5086 52 6041 19250 60282 61223 4888 60569 395 62048 43206 7385 9757 61547 1700 2227 2309 3022 61421 6984 3129 1307 14638 10310 3307 5155 61223 30220 61421 20665 15632
201 61491 61381 31987 61426 11373 52 395 29323 3163 61553 4805 61397 3425 28472 61223 17240 50244 4888 58 19832 61223 72 16486 6041 38243 9399 1250 1736 9823 1325 11191 11191 61947 2227 2678 6298 3448 27157 3201 33065 61411 2820 15632
46799 61543 43206 4002 24185 27802 7623 4381 11785 61516 61357 61426 2227 2678 41668 1704 2309 6162 17696 61336 5236 61654 61426 62431 61441 93 61659 5236 61654 61426 61372 61417 61725 61356 61372 61265 3349 14949 9272 4928 28224 1250 61216
201 61491 61381 6298 62100 61455 25213 1802 3134 2227 3129 2820 23348 61228 5236 2856 61688 60656 61216 3129 8369 9391 1700 4381 5155 61282 1515 36356 778 61332 3129 1802 3134 2227 2820 40384 61473 55740 3425 47428 2418 51311 4688 2227 2309 15859 42125 2856 61688 61216 3129 8369 9391 1700 2227 3129 8369 9391 1700 880 1055 61350 14157 61223 1736 1436 61426 1344 2447 2309 15859 42125 20276 61342 4381 34469 61228 61397 61490 61707 61357 61397 61417 61707 61357 61397 5309 1802 3134 2227 3425 1515 4381 27869 93 61659 14796 61455 2309 53194 34469 61228 8818 61522 61491 1802 3134 2227 2309 25478 3163 40192 61320 61868 1643 13550 61868 2309 15326 61265 2309 6522 61325 20584 61732 61421 3425 32026 15632
201 61245 8787 3494 40644 2820 644 1182 45510 2820 46799 8005 42055 2309 37722 3129 40384 61473 55740 9272 17162 61223 41542 22344 1325 1822 61473 2447 61441 3129 1325 1822 61473 2447 61441 4381 9272 17162 14157 9362 3679 61480 15439 61553 5309 2882 3818 61397 5309 61455 3349 8369 19553 61553 3129 15710 33800 4381 9272 17162 1250 61216 201
201 61646 3970 5213 61995 2309 6162 1182 3818 3970 20572 17240 61553 61381 1700 2227 7345 18605 9520 2820 5484 10061 61320 61868 2309 6162 9362 10061 20469 2678 17057 61676 1704 2820 19747 3420 93 61543 2324 61417 2375 21849 3448 2309 57645 1259 4247 3163 1736 9362 10061 20469 2309 44597 395 1120 61543 61342 16771 1704 2309 6162 4386 16771 1704 2309 6162 61223 18579 9362 10061 61320 61868 9420 5309 61654 11366 3812 28478 30725 9272 1250 3669 1802 50470 4247 31834 15632
201 9757 61553 4805 61707 40644 12613 61247 1736 140 50556 61260 140 11701 2309 1643 49984 2324 73 8787 3494 40644 2309 8369 9391 1700 2227 3129 73 8787 3494 40644 2309 8369 9391 1700 2227 2309 6162 30220 58645 3970 4002 31365 61707 61455 61491 3134 5309 6107 12400 18518 2678 15859 61342 10733 9272 61223 1736 10332 46649 25516 61342 61441 7247 53279 11030 2309 2418 22925 3812 36820 18518 1250 15632
201 61372 61678 395 29323 61372 61553 4805 61397 3349 2974 42038 93 61245 8787 3494 40644 3080 8369 9391 52132 4002 31365 61707 61455 61491 3134 5309 6107 12400 18518 46649 25516 61342 62431 61441 49515 3679 36303 3448 61441 9272 4928 45765 1736 4002 31365 61707 61455 61491 3134 5309 395 4703 3301 61543 2309 395 4703 3301 61441 2678 6298 20510 33887 5309 51200 3818 61397 1736 1325 15031 19250 12507 6298 20510 33887 5309 5484 5958 18808 33800 61372 2820 5958 61287
201 61659 23006 395 62048 43206 2974 19553 61553 17240 50244 2227 1736 10738 17240 50244 2227 3129 2820 1307 10419 61676 2227 3812 2974 19553 61553 4381 9272 1250 61223 30754 8721 6041 61411 8578 61995 2227 1736 1307 10419 61676 2227 3349 3022 56987 1704 2309 6975 1822 1226 40929 2678 7483 61780 51885 1226 1250 61223 1736 1515 61576 5236 17240 50244 2227 2309 6162 4888 22881 12392 3425 29806 23131 5309 17240 19553 61553 1250 61487 2856 61688 15566 1822 3121 7345 1643 17905 18808 6041 61411 8578 61995 6041 61411 8578 61995 2974 3134 24349 61426 3349 7483 61516 61688 12392 1736 28153 4703 6041 61411 8578 5309 58938 2227 1736 30555 4703 61654 61725 62431 25015 2227 2678 2974 1700 61480 61780 12392 2309 6162 61132 2115 11752 8898 1250 1736 6041 61411 8578 61995 2974 54348 2309 6162 1643 17905 4381 6041 61411 8578 61995 2974 54348 2678 46799 12392 2309 6162 2974 61732 61480 10061 4381 9272 61487
10332 395 3448 24777 3349 35484 21285 61725 34200 35237 2309 16771 1704 54778 3425 5484 5958 18808 4659 3425 1802 35139 2309 1428 7105 61356 1182 11373 1250 61216
201 61342 61522 4659 31365 1072 958 61868 6773 2309 6298 3448 61543 5309 1802 35139 1736 5484 5958 18808 33800 61372 3425 958 61480 10061 61455 7345 2632 24349 61480 61397 3129 59119 61381 14157 9866 2820 1515 4805 61397 3349 598 28148 8818 3349 598 33257 61480 20572 61995 3425 14432 12151 61411 3425 1250 15632
201 61543 61576 61543 37176 1802 50470 9272 17162 14157 61223 40787 5236 6925 43150 6984 37176 4002 61372 29622 61788 61868 61223 4888 671 61576 61342 6228 15818 61372 61417 2375 15031 1736 1259 4659 61688 2418 1120 61441 7105 61372 846 61356 61441 5309 61372 2309 49245 958 61947 4659 61426 3425 4247 3163 44082 15632
201 61725 25015 5624 2678 6320 1704 2309 6162 61223 8369 27726 2324 2227 7345 1182 61356 61372 3349 14949 9272 61223 11366 3701 37722 3129 18605 9520 1687 1344 9817 61342 2227 49515 2974 30069 4381 9272 17162 14157 61223 1182 61372 61553 7814 26176 3129 61223 7385 61705 4659 46649 21613 61397 3349 20474 36959 12392 2309 6162 798
201 61426 61336 61688 61676 644 7137 1120 61676 20665 5484 61342 10733 1307 19058 12392 2309 6162 54916 3129 23963 8369 61522 3818 23131 2227 2678 5649 61320 1226 61223 59663 45968 5390 61732 2227 3129 7247 23471 3425 1687 6307 45132 2678 11148 6984 5390 61732 3129 30357 17162 61223 1736 1339 5390 61732 2227 3129 15710 18518 61491 5484 20572 3812 61223 4888 836 3396 7483 61705 2227 1736 52647 5958 2309 2974 61421 5624 61411 61947 61342 2227 2309 15326 15632
201 2418 32210 1250 2375 8237 3201 11191 61936 4659 3129 57255 1955 2456 21849 27013 2309 1259 61678 8005 28240 61676 61372 2227 2309 15326 1182 61490 18628 42461 61223 10359 8237 23682 61455 3420 61441 61372 2309 1643 49984 2324 61223 4888 2375 1182 5958 61547 4381 2418 51311 15585 2678 1802 26934 42655 12392 3425 51399 50620 93 61426 3085 27013 22435 61707 61455 8005 27056 35358 61342 17910 61287
201 61678 24185 61336 62431 61336 4805 61547 61417 61372 3301 4703 3301 20305 1325 1822 61473 12151 1344 5309 671 61725 61356 61522 1822 61491 61223 1436 3970 5213 61995 2309 6162 36597 10192 4703 3301 20305 3425 20918 5129 61411 24202 671 61654 21050 2447 56342 22430 1250 61223 8005 61732 61417 61947 61342 2632 61480 3301 20305 2678 49898 2447 1250 4888 2375 140 61251 61289 61228 20474 34504 140 13056 61228 61260 5077 976 425 3129 4386 1250 61216 6360 7385 61705 4659 2632 61480 3301 20305 2227 3129 2820 1515 4805 61397 7105 61397 1182 61356 61372 61417 61426 3425 36597 10192 4703 3301 20305 3129 1250 798
201 61342 13479 5309 6041 1120 61421 3129 1259 61678 1515 61576 3301 9757 61372 9362 1515 5129 61417 61947 61455 61491 1643 5958 3349 14949 6041 32697 61688 12392 2309 6162 49687 25923 61342 3812 61455 8578 61995 2227 2309 20918 5129 61411 24202 61223 42597 31495 61342 2227 2678 7247 1643 8818 61868 3425 1428 61480 45128 26780 20665 9362 36263 62431 61372 7105 61372 5309 9420 61576 24185 5309 2447 3425 8005 19553 61553 3163 2678 45428 12151 20247 2820 35091 61381 35358 4381 31570 44082 61223 7247 1058 61480 10061 2227 3812 6925 2974 19553 61553 4888 23398 1802 61543 28148 61426 4381 4386 3425 47428 5155 93 61725 61356 1120 27013 61491 2447 61223 40384 61473 24349 10192 20305 61223 3679 61480 61397 61417 61947 61372 11785 36547 61426 1058 54407 53194 1250 15632
201 61676 61441 8898 2309 1643 49984 2324 73 8787 3494 40644 3425 5484 61342 62305 6307 2309 37722 3129 10725 54613 61553 61397 9520 61491 17240 61995 38243 12796 1704 3425 51399 39572 1250 9823 46799 2632 61576 3301 61491 1388 5155 15632
201 61676 13479 3129 6360 7137 61426 4703 15236 10359 4247 61654 61441 2309 17589 8600 20469 7345 8369 16177 61455 2227 2678 15710 33800 4381 12392 2820 1325 1822 33325 8600 2115 12451 15236 61223 9362 10359 1643 1120 61543 4381 39373 2309 31201 5309 2227 7345 51200 3818 61516 61421 20247 2820 59118 2447 61553 9520 2309 25478 3163 8902 8369 16177 61455 61228 61547 1700 20469 2678 47770 61441 14590 61223 27500 61397 8256 3349 4703 3349 2423 61487 201
72 16486 61228 23419 61314 7345 1436 4688 3307 7137 39871 2820 9866 2309 14042 598 33257 49235 9272 958 61947 4659 61426 2309 7137 61947 4659 61426 2309 7137 61947 4659 61426 1863 1515 1120 61547 19250 61707 61216
2856 17905 61417 61473 7105 61372 2856 61688 61788 61868 3129 73 8787 3494 40644 3425 1428 61576 61547 19058 61336 3425 14432 12151 61411 2309 7137 61426 4703 2227 2309 37722 3129 2683 11456 61480 21613 3129 40384 61473 55740 9272 41471 1250 61216
201 61397 61480 61547 61421 5309 31987 61426 1700 2227 2309 37722 3129 13452 52278 2309 59572 801 1442 61256 93 2804 61332 32751 2309 6162 47373 17162 14157 4109 3129 2820 56164 11549 61301 7137 61426 4703 17411 3701 37722 3129 21849 9757 30289 61788 61868 12507 40384 61473 55740 9272 17162 1250 15632
201 61659 17529 20665 4386 36209 1250 2375 2375 61397 1428 61480 45128 26780 3349 17240 19553 61553 1436 10419 61676 9866 2309 6162 61223 48620 9823 1436 10419 61676 4381 1802 3134 2227 3425 50945 61372 3425 8005 19553 61553 3163 395 22435 3425 47428 1250 61223 48620 9823 1436 10419 61676 2227 3129 1250 15632
201 61342 61522 4659 31365 1325 17529 27051 14042 6298 52029 8578 5309 54613 54558 4386 1250 2375 7247 4002 31365 61707 61455 61491 3134 5309 6107 12400 18518 3425 58871 15710 18518 61491 19747 61342 1704 2309 1802 61995 9520 6307 3425 1058 61576 57253 12392 2309 6162 846 39544 18666 28949 7720 56342 22430 1250 61223 1736 10332 6925 2375 1802 61473 55740 3425 1259 5129 61320 58498 61342 40384 61473 61654 3425 49687 25923 61342 2447 3425 49687 25923 61342 2447 1250 61487 201
201 395 61868 1325 1822 13540 61320 1120 61654 1344 5309 17057 3085 61342 61441 2227 2678 958 3085 27013 46649 25516 61372 7105 61372 40384 10192 21285 3420 61397 61228 9420 24349 61480 1822 13540 61411 61473 8703 7623 61372 395 61480 61473 61441 93 13192 61245 61265 12796 3307 5155 15632
201 61659 23006 395 62048 43206 21849 3448 40929 7345 1259 12400 5309 2227 3812 2632 61576 2423 3307 5155 61223 4888 24514 6571 3129 11456 61320 27013 41526 30641 50123 2227 2820 2418 53329 5155 61223 1736 1182 3818 3970 5390 61732 3679 61421 1704 2309 20584 2974 61553 7623 20469 2309 20584 7247 1643 32210 3129 2418 3307 5155 15632
201 24881 61780 61516 19223 1802 3134 2227 2309 6360 1058 61455 61397 6984 3129 8831 27303 2335 50126 682 9360 3129 46799 2820 46799 6360 6975 1822 1226 7814 31987 61426 11373 9362 4888 61705 36752 35607 61342 32026 798
201 43556 11501 30641 50123 2227 93 61678 31365 61707 61417 61707 61417 61543 61417 61543 61336 5309 6107 12400 18518 2309 36263 5298 40929 2309 6162 61265 1325 17529 15710 5129 4381 5155 61223 1736 15321 1182 3085 61522 2820 2632 61576 2423 1704 2309 6162 1182 13719 31987 61426 11373 2309 7137 61426 4703 30018 35546 3307 5155 61223 1182 4866 61480 2632 27831 61522 23841 15632
201 61381 4805 61707 29323 24185 3301 14248 25373 61381 5624 8005 45583 24202 17720 61543 4659 2227 3129 15733 14248 25373 61381 5624 2820 30018 8369 9391 1700 1250 798
201 55044 6041 61411 8578 61995 3349 20474 61995 61491 2309 846 10038 12776 61421 6041 61320 10061 2227 2678 1515 1120 19553 61553 5309 6041 61411 8578 61995 2309 30987 39373 35724 1704 3425 49687 25923 61342 2447 2309 37722 3129 61223 7137 61947 61336 3679 2447 7419 7345 2632 1388 13923 5309 5484 20572 3812 201 61659 61553 61381 1700 4381 1736 11752 53667 36263 5298 61480 10061 2227 2678 23682 61455 8600 61320 1226 52 4351 2678 61372 61441 8369 61522 4659 61688 61342 1307 19058 2309 17240 61995 38243 2227 3129 3201 61491 61342 2974 19553 61553 15117 12451 5155 15632
201 61646 5236 28673 62048 61455 22258 2820 10310 31913 61223 35946 61417 61223 9815 50270 47770 14248 15632
201 44220 38128 61813 12776 17296 61473 9233 93 13719 61300 61372 4127 4776 10243 61473 9272 17162 93 13719 61300 61372 4127 4776 18579 54311 61223 20276 53513 10406 61287
201 61547 13780 16177 4659 25478 9274 61490 3129 9420 5309 61654 3022 7814 61522 61372 9362 8002 60479 30018 395 62048 5624 17589 4247 28224 1250 4888 6298 3448 27157 2820 61223 18579 51021 395 62048 43206 4247 16749 1736 21849 3448 40929 3425 49687 25923 61342 2447 1250 15632
9815 19223 11309 61516 61372 61417 61372 61417 1259 8600 61320 58498 61342 958 62431 61441 61342 61441 140 61251 61289 2678 1436 61676 4381 846 61417 15439 61553 61228 61473 61417 61441 61336 2418 61336 61678 61372 61342 3129 9420 24349 61480 1822 13540 61411 15031 31570 44082 61216
201 1686 7137 1120 61676 2309 16757 5390 61732 3425 32379 8600 2227 7345 5484 61342 10733 2227 2678 1307 19058 12392 3425 11456 61417 61936 4381 2115 23529 9362 7247 23471 3425 1687 6307 45132 2678 7483 61516 61688 3425 61223 6041 38243 9399 10563 5390 61732 2227 2678 61223 41542 22344 11148 6984 5390 61732 2309 1643 49984 2324 5484 61342 10733 2227 2678 1307 19058 2115 14590 1250 61223 1736 3149 5390 61732 2227 2309 15710 18518 61491 20247 2820 6107 24904 22467 61473 4381 12392 2309 15326 15632
201 61397 61480 10061 61995 1736 4002 31365 61707 61455 61491 3134 5309 395 4703 3301 61543 3349 4703 61543 6298 3448 27157 51200 3818 61397 93 20071 61283 61260 140 11701 61265 2309 1643 5309 4381 61357 38593 7345 61223 4888 1515 36356 5309 1515 5129 61417 61947 61455 61491 5309 4002 10192 61473 61417 61707 61417 61707 61417 61397 3129 6041 38243 9399 11948 5155 61223 7345 6107 61676 13340 6298 61480 61397 5309 6298 61480 61397 1802 3134 2227 2309 11785 61516 61357 61426 2227 2309 15326 5649 61411 9955 61547 1700 6041 32697 61688 9272 61487
8834 15914 22166 22628 61543 17100 19271
201 61421 61576 61480 1058 61455 61397 6984 61223 7247 19525 52028 2309 1643 49984 2324 10332 54613 4703 61936 61995 1182 3818 3970 395 62048 43206 7137 61426 4703 2227 2309 846 8578 3129 598 3085 61441 4381 4247 28224 1250 61223 1736 17240 61995 38243 54985 29776 5155 10359 3812 61455 8578 61995 30018 16320 61441 20493 61947 4247 16749 15632
201 9823 7137 61426 4703 3129 10332 28097 21766 61480 61780 61553 4247 28224 1250 61223 2856 61522 4659 31365 18579 9680 5484 5958 18808 1250 1736 2974 61553 7623 2309 19724 55867 2309 6162 395 2324 42039 1700 5309 6107 5958 4359 2227 3349 15859 61397 27869 2115 12451 5155 798
201 61473 10833 2447 61282 17057 7720 61228 3121 25373 3163 61553 7105 61397 118 93 61547 4805 61654 61553 4805 61553 7105 61397 61223 958 2661 61936 4659 2678 61336 61553 4805 61397 112 61245 8980 769 958 2661 61936 4659 395 29323 61372 33325 61397 84 61289 61298 2939 7137 39871 2678 61336 7105 61397 61223 7137 39871 8369 61676 61441 7137 39871 8369 9233 61688 61397 96 276 146 22730 110 84 61289 61298 2898 395 29323 3163 61553 5129 598 28148 61654 61490 61397 19747 5236 61654 61490 61397 84 61289 61298 3137 395 62048 43206 2418 62048 43206 40384 1822 13743 5309 1344 5309 11785 61480 61381 61995 61357 61426 61223 395 29323 61372 61336 61397 2820 29733 9272 17162 93 61239 19832 61228 23419 61314 61223 58 19832 61228 23419 61314 3598 769 395 29323 61372 19109 61397 9420 4805 13340 61372 61336 61397 9420 4805 9520 9757 3701 61654 51320 84 61289 61298 2953 42372 61654 61455 22435 22435 22435 33613 61455 40384 1822 61473 61490 17384 11785 61480 13923 11785 61480 13923 118 93 61247 125 23419 61314 61265
201 19223 33613 19109 8898 29926 2227 3129 15859 61473 54316 2418 51311 15585 40929 2678 8005 61780 61553 4381 12392 2309 6162 61223 30641 50123 2227 2678 7247 23471 3425 31094 3085 61491 4381 9272 17162 1250 2375 57645 21849 3448 2309 1643 17234 22435 17384 7345 1325 38330 61421 1325 1822 61473 2447 61543 4381 5484 21613 61654 61441 2309 15326 1058 61576 5236 1325 38330 61421 1325 1822 61473 12151 51021 2309 15326 61223 1058 61576 5236 3679 61480 61654 1388 61654 1344 5309 2882 3818 61397 5298 2309 8369 19553 61553 3129 59119 61381 2309 15326 61223 1736 38128 61473 7814 21849 3448 2309 1643 13479 61411 1704 17384 2309 20247 3129 6571 17240 61676 4381 2418 61646 61654 2309 15326 2309 6162 14949 9272 17162 61487
2856 61688 1704 1822 3121 7247 19525 52028 2309 6162 880 15859 61732 61480 61397 4381 9272 61282
1736 8436 28152 13105 14042 21849 1704 3425 395 8578 3129 1643 28669 2309 1643 28669 3129 10725 6107 9955 61372 4381 11785 61516 61421 29800 1250 61236
8005 19553 61553 4381 9362 671 61421 3818 61473 4381 7137 61426 4703 2309 15326 958 2661 61936 4659 2309 15326 21849 61947 61356 6041 61320 61397 5309 8005 44221 61339
201 61426 10733 61780 53257 2820 33415 61320 28224 1250 2375 8005 44221 2227 2309 37722 3129 8005 44221 2227 3425 4002 61372 3121 57418 15031 2309 1643 49984 2324 17720 61543 4659 57113 4703 61543 3129 31987 61426 1700 2227 2678 46799 12392 2309 6162 8005 19553 61553 3163 2678 46799 2115 8898 1250 2375 5086 17411 3701 14042 73 8787 3494 1804 61311 31987 61426 11373 3425 8005 61522 33066 1250 61223 3669 17057 20572 8898 61547 61421 20247 2820 5922 62431 3301 17384 3349 13550 61868 3129 44654 58872 6838 15632
201 1684 33546 14932 2447 1250 2375 6298 20510 33887 5309 5484 5958 18808 4659 1736 671 61576 13340 61725 34200 61707 5298 2309 11148 6984 17720 61543 4659 3812 50023 35139 3349 44169 61372 12392 2309 6162 61223 8834 35484 21285 61725 34200 61707 5298 2309 44142 16771 1704 29635 2309 6162 1182 61336 61688 7814 1250 2375 5484 5958 18808 4659 2820 958 61480 10061 61455 2820 2974 16177 2227 2309 6162 14412 3818 61372 3425 22258 14412 3818 61372 58992 15632
201 11191 9391 52132 4002 31365 61707 61455 61491 3134 5309 6107 12400 18518 2309 1643 49984 2324 23398 2820 6571 1058 13479 7137 61426 4703 2309 6162 1259 61678 2678 61707 3349 14949 7483 61516 61688 9272 17162 1250 61487 201
201 61245 8787 3494 40644 2309 8005 8818 61947 61372 2309 3022 61421 6984 3129 60569 40192 8256 395 62048 43206 2227 2309 6162 1307 61688 18125 61356 5086 1736 5086 17411 3701 15326 46799 4359 43206 958 61372 2380 61372 11785 36547 61426 9362 598 62431 61372 5309 1802 3134 2227 2309 15326 5155 61223 40787 5236 34469 61228 61397 61417 61707 61357 61397 61417 61707 61357 61397 5309 1802 3134 2227 61223 24822 61491 61547 4659 61356 61654 61223 598 4805 13743 25516 61372 61223 598 4805 61473 8703 61417 35237 61223 598 62431 61372 5309 40384 1822 30289 61336 5309 1802 3134 2227 1736 395 13328 61397 61216
201 61522 61417 10957 28148 61426 395 29323 61372 61553 4805 61397 93 9164 61207 61314 3080 6360 28472 4002 61480 17384 61411 61654 3349 1436 61780 1700 2447 1250 61223 43150 6228 1802 61455 1822 61473 8703 5309 31987 61426 1700 798
201 61372 4866 61543 3812 8005 8818 61947 61372 1182 3085 29154 2820 2632 61576 2423 4928 8898 1250 61223 1736 2882 5309 4381 61357 8818 2820 5958 21849 61426 4381 1250 798
201 61245 8787 3494 1804 3137 2309 20584 61732 61421 61223 17411 3701 14042 46799 2820 46799 6360 6298 62100 61455 25213 31987 61426 1700 9362 3022 61421 61342 1120 62322 61320 2309 15326 14157 61223 4109 9866 2309 49245 1436 1984 4127 40192 61320 2447 14157 17411 3701 6162 3679 61480 61654 1344 1388 61654 5309 2882 3818 61397 5309 4381 61357 61397 3349 1325 1822 61473 2447 61473 6307 3425 49687 25923 61342 2447 32026 93 7052 61332 7739 2980 23288 417 3129 61265 1736 4109 9866 2309 49245 4888 3679 61480 61654 5309 4381 61357 61397 5309 2882 3818 61397 5298 2309 25478 3163 1182 61336 61688 7814 32026 26733 13539 3129 3522 12636 2980 25215 417 3129 2820 61265 4109 9866 2309 49245 1878 9612 61332 3129 2820 1336 11318 61332 3129 2820 4063 647
201 61522 61417 30295 3425 395 29323 61372 61553 4805 61336 61397 3425 11136 28472 5155 61282 395 61480 61397 5309 395 29323 3163 61553 4805 61397 2678 61336 61397 2678 61707 61417 61441 61228 61676 61411 61480 9757 11785 61480 61381 61357 13923 2678 2974 30069 4381 22430 1250 61223 4002 30289 4359 61417 61654 5309 35484 61654 1700 61441 4002 61480 21613 61654 1344 4805 61654 93 38964 61265 2309 20247 3129 2974 30069 4381 1250 61223 1736 1182 3818 3970 8369 61441 61480 10061 1058 61480 10061 1058 61480 10061 2974 1700 61688 61473 93 61646 3970 61223 151 8646 3812 1307 61818 13340 769 1058 61480 10061 36263 61417 61372 61553 61397 93 61293 11701 61265 2309 20247 3129 13452 61320 41471 1250 15632
15967 60656 62246 7345 73 8787 3494 1804 61311 3812 3812 61455 8578 61995 3425 1058 7814 3701 2309 37722 3129 1428 61576 61547 19058 61336 2309 6162 8005 8818 61947 61372 2974 30069 4381 9272 61487
7137 1120 61676 26176 3129 58 19832 61228 23419 61314 3598 2309 7385 61705 4659 1515 62305 10833 61421 5309 1515 62305 10833 6307 2678 846 61417 36547 61411 61725 61356 3301 20305 1643 5958 40929 3349 7483 61516 61688 12392 2309 20247 3129 17240 19553 61936 4381 9272 17162 61487
201 61491 61381 7247 60674 9272 41471 1250 2375 8005 8818 61947 4381 846 10061 61455 3349 36209 30909 1704 2309 1643 49984 2324 30018 1700 2227 2678 50723 9866 2309 14042 47656 61356 47656 61356 61223 15321 1515 5129 61417 61947 4381 12392 9362 3349 1120 61654 5624 3812 14932 1388 15632
201 55180 5980 7058 9362 10061 61320 2309 17673 22080 40929 2309 6162 1058 61576 57253 4247 3163 44082 61223 56545 46424 20247 2820 21849 3448 2820 46109 42372 61441 1704 2309 1643 49984 2324 798
201 61543 61547 20665 8237 59762 61397 9362 4002 61480 15439 21613 61441 3349 16320 61441 20493 61947 3812 3812 61455 8578 61995 3349 20276 61342 1058 7814 3420 4386 1250 61223 15308 2423 61480 8721 3812 61455 8578 61995 8369 3420 61397 2974 54348 3129 30220 61543 31544 5155 798
36597 10192 4703 3301 21613 61707 846 61417 15439 61553 61417 61228 846 62431 61441 61336 7105 61336 1182 61356 61372 4002 61336 61678 61372 61678 61372 2309 1182 61356 61372 61417 61372 4247 41471 1250 61216
201 61421 62204 61421 5309 16320 18808 25376 1736 395 61480 61473 1700 2227 2678 1307 19058 4247 11752 8898 1250 61223 1736 6298 20510 33887 5309 17240 61553 61381 61372 16320 61441 20493 61947 4386 1250 61223 56545 46424 20247 2820 7385 9757 61547 4381 5390 61732 2227 3129 798
45394 61372 2423 23105 3349 42655 1736 13452 52278 846 40657 1182 62431 61372 4247 61473 8721 1984 61397 54613 61553 11191 61522 61491 1058 61480 10061 5309 8369 27726 2324 1736 8369 3420 61397 2309 15326 8002 9391 61553 5309 26780 2309 15326
201 43556 140 50556 61260 2418 51311 15585 24822 7720 45128 61397 3812 2974 1700 61480 61780 5309 20286 61543 9272 140 11701 2309 6162 1182 3448 27157 3022 42039 1736 6298 3448 27157 5484 20572 2227 2309 17240 61995 38243 2227 3425 8005 42055 6320 1704 2309 6162 1307 18628 1736 1307 10419 61676 2227 2309 6162 93 6228 61543 3952 682 61228 2906 8335 61287
201 61659 61421 62817 37636 61421 62817 61223 73 8787 3494 40644 31987 61426 11373 2309 7137 61426 4703 3349 31986 61818 4703 3425 1182 3085 29154 6107 24904 13540 7105 61372 3425 1687 5958 2923 1250 7247 1436 22672 61421 4002 31365 61707 61455 61491 3134 5309 6107 12400 18518 2820 5958 2678 17720 12151 28947 61491 5484 5958 18808 33800 61372 7345 61654 19109 61342 3129 1250 15632
201 61342 61426 50244 2309 6162 53194 37176 2227 3812 17673 22080 9272 17162 1250 61223 15308 2423 61480 8721 90 18805 1259 4659 61688 61543 7345 45712 1226 1250 61487
201 61678 61372 29622 61788 61868 7247 23471 3349 20474 61995 61491 23682 61455 8600 9272 17162 14157 61223 10359 1436 2447 61381 1182 14638 61543 3022 56987 24431 2309 14042 73 8787 3494 40644 2309 3812 3812 61455 8578 61995 3349 17240 61995 38243 846 61356 61654 9399 4247 47428 61487 201
201 2811 7137 1120 61676 2820 5484 61342 10733 1307 19058 12392 2309 6162 54916 3425 21849 17529 61336 2227 2678 30018 6041 61411 8578 61342 2227 2678 11456 40444 30357 61223 4888 1072 61312 5390 61732 2227 3129 6298 20510 33887 5309 5484 20572 3812 7483 61516 61688 9272 17162 61487
201 43150 6228 36236 1250 11136 1325 27056 9420 5309 61654 3022 7814 61522 1704 2309 6162 93 61646 3970 5213 61995 2309 6162 2375 2882 13479 2820 3349 9955 61547 61490 61543 61490 2820 9420 5309 61654 1736 6360 43150 6228 9420 5309 61654 2678 35484 9955 61547 61417 12507 3129 56627 3129 769 48620 6298 61553 61947 2324 14932 1388 61282 9680 395 1120 61654 5624 2309 57645 4928 29776 5155 1736 7247 26780 2309 6162 8902 33329 61516 20286 29776 5155 15632
21849 62246 33325 21439 1804 61311 2309 1643 49984 2324 2309 6162 4002 61676 61788 61868 33325 1736 53194 1259 61678 1515 5129 61417 61947 61455 1643 5958 40929 3349 14949 12392 2309 6162 395 61868 3812 61455 8578 61995 9272 41471 1250 61216
12613 61247 4002 31365 61707 61455 61491 3134 5309 6107 12400 18518 140 50556 61260 140 11701 2309 20247 3129 5484 5958 18808 4659 3425 50023 35139 1687 6307 2309 20247 3129 17240 19553 61936 4381 22430 1250 61223 5484 5958 18808 4659 2309 318 2820 5958 61868 54591 61426 2227 2309 15859 42125 93 61473 61576 8818 61852 20469 2309 37722 3129 13452 52278 54591 61480 10061 61995 61265
2678 25373 3163 61553 4805 61336 61397 2309 14042 846 61417 15439 61553 5309 61228 61473 61417 61441 61336 6360 61397 61480 10061 5309 140 61251 61289 61228 61218 860 1250 61216
201 1687 61357 14248 61547 61441 3812 61455 8578 61995 2227 3129 201 61239 13116 15686 64 1029 4450 2024 1941 61287 2309 1643 49984 2324 73 8787 3494 1804 3137 395 62048 43206 2974 1700 61688 61473 2309 15326 1307 1822 6307 61441 2227 2309 1643 49984 2324 3129 6360 15859 61342 10733 61342 3812 61455 8578 61995 36236 7483 61516 61688 22430 1250 4888 2882 1700 3812 61455 8578 61995 17240 61995 38243 2227 2309 17240 61995 38243 2227 2678 34841 12507 2820 54985 1704 3425 51399 39572 1250 61487
10332 8005 61780 61553 2820 46799 2820 46799 12392 3425 2678 61732 48111 10406 1736 59118 5213 61356 2309 8005 61547 60655 2820 50270 6298 61725 10406 61216
201 61788 61336 61397 2418 20884 49984 3812 7137 61813 2820 2632 61441 3425 22258 598 33257 61480 20572 4381 4386 39498 1250 61223 7247 60674 1182 61336 61688 7814 4928 45765 3425 1182 61336 61688 7814 1250 61223 28465 36209 30909 1704 2309 6162 2375 8436 30555 4703 5236 1984 21613 61654 2309 7137 61947 4659 61426 2309 7137 61947 4659 61426 2309 7137 61947 4659 61426 2820 8002 59762 61397 2974 61553 7623 9272 17162 9362 6041 61417 61947 4381 1802 3134 2227 2309 846 61356 61397 2227 2309 1259 4659 42039 2820 10725 1436 3085 61441 61480 62322 61320 1226 61300 61426 4381 9272 17162 1250 798
7247 3420 58822 61441 61547 1250 43150 6984 9866 2309 15326 8005 44221 2227 2678 5649 61381 2632 61490 61654 9362 11136 51797 17384 3129 1643 61688 7814 2309 15326 8005 44221 2227 2678 1259 4659 42039 45047 12392 1736 55370 3129 1182 3448 12392 2820 30530 3163 61216
201 53194 17720 61543 4659 54591 61426 2227 2309 20918 5129 61411 24202 61223 9420 1344 61576 61480 61473 3349 20474 61995 61491 10310 1704 3129 17720 12151 28947 61491 3022 20572 61455 51021 2227 2309 8369 44887 2227 2820 2974 30069 4381 9272 17162 61487
201 61659 24185 61336 23295 50270 3378 61426 59664 2820 18698 4703 61223 9815 10738 6298 11541 9420 61417 61654 2820 2632 61490 61342 4688 61417 15632
201 5236 61441 61228 61381 3705 5309 3425 16320 61441 20493 61947 2820 16320 61441 20493 61947 1250 61223 8369 1822 13540 61417 61441 1736 11752 53667 61995 2974 54348 40929 2678 4002 24777 61417 61397 61417 61397 61417 61397 2309 7137 61947 4659 61426 2820 4002 61480 61707 61417 61397 61417 61852 61417 61397 9362 21849 61947 61356 1515 62305 25825 1515 5129 61417 61947 61455 61491 8005 27056 35358 2309 15326 7941 61426 61547 19250 61372 2309 15326 61216 395 8578 61228 61381 3705 61228 61381 3705 61372 3129 44654 1704 2309 1643 49984 2324 1515 62305 25825 61455 598 28148 8818 1325 18808 27831 61455 16771 8898 1250 61223 1736 32444 1182 61372 395 8578 61357 61441 30555 2423 61397 3129 2974 61553 7623 22430 1250 15632
201 61397 13328 5309 61228 12507 12507 61372 5309 2974 54348 40929 2678 1307 6228 17372 14932 1388 40787 8818 2375 55056 61473 2309 15326 61287
201 61659 61421 62817 4351 11501 2974 61732 61411 8578 61995 15859 1822 61426 1700 61342 2227 2678 50023 53033 30412 61553 18808 61320 2309 37722 3129 6041 38243 9399 44761 1736 8005 8818 61947 61372 2227 2309 54591 61480 10061 61995 36263 5298 40929 3425 40067 1120 61473 24349 18666 2115 8898 1250 4888 27051 15733 2423 61768 61441 7105 61441 2227 3129 11752 53667 42461 15632
2678 25373 3163 61553 4805 61397 3679 24777 4659 61688 61553 61397 93 15616 61314 61265 3679 19058 61490 61342 2227 3129 4002 61480 17384 61411 61654 29733 22430 1250 61487
201 61522 8578 61411 61995 2678 61336 5298 3129 35484 61336 61372 5624 2309 1436 3085 61441 61480 62322 61372 2227 2678 19747 61342 1704 2309 6162 10243 12400 5309 2227 3425 38884 3349 15859 61397 27869 12392 2309 6162 14949 9272 41471 1250 61223 4888 2375 16320 21861 3301 2447 1736 30018 1700 20469 2678 1436 61676 4381 1325 61947 7845 61688 61676 3163 22628 61543 2447 1250 61223 18579 16320 21861 3301 2447 8902 39373 35724 2447 1250 15632
201 61553 4805 61336 61397 2309 14042 17167 20584 61732 61421 395 29323 61372 61553 4805 61397 2309 15326 1436 4688 8898 7137 39871 2309 15326 6975 2324 1250 61223 7247 60674 10332 6925 1436 4688 3307 7137 39871 2227 2820 39498 1250 798
201 61342 62431 61553 4805 61707 1804 3137 30220 61421 2309 17240 61995 38243 3129 19776 1736 38593 3129 395 62048 43206 846 61356 61372 61417 61426 61372 2974 1700 61688 61473 1436 61516 61426 4386 41526 15632
201 61260 24587 2735 9420 61455 61426 1978 511 61223 33613 2974 32210 61397 61342 2974 32210 61397 61342 61223 9420 61455 61426 7941 61372 61411 15031 61223 4888 15161 1250 2375 201 61725 61455 61678 61426 2678 36263 5298 3812 30018 8369 9391 1700 2974 61421 5309 1344 5298 3349 2974 61421 5309 1344 5298 3425 8005 21861 33887 3129 38537 35088 43938 27497 3201 33065 26934 37176 17100 1250 61287
201 9823 8005 61516 62048 61372 2227 7345 11785 61480 61381 35358 61417 61426 6107 12400 18518 2309 6162 1687 1344 62431 61707 61397 61411 15031 58938 12796 14590 1250 61223 11366 11439 5086 8902 11785 61480 3701 61654 2227 2309 37722 3129 40384 61473 55740 2115 29776 5155 61223 28465 8369 61936 61342 2227 2678 73 8787 3494 40644 11785 61480 3701 61654 2227 2309 15326 30641 50123 3349 42655 12796 1704 2309 6162 57611 2115 29776 5155 798
201 43556 11501 30220 58645 3970 1058 61480 10061 7247 23471 2820 10979 22925 61995 9272 4928 28224 1250 2375 14132 671 10192 2447 61381 3129 11136 48145 56342 12392 2309 6162 61223 3812 37891 1515 1120 61421 9233 51021 7247 23471 1250 2375 8005 61780 61553 61421 62817 10332 21307 15498 9362 21307 11456 61480 21613 2820 31570 49687 25923 61342 56313 15632
54106 47305 7247 61455 24341 3129 1436 61381 2324 6041 5213 30220 61543 31544 1250 1736 1325 24185 61336 1198 7137 61421 5309 2882 13479 3349 6360 38537 35088 43938 27497 598 28148 8818 1250 61216
201 61659 61780 61411 22672 17720 61543 4659 61223 30641 50123 2227 1736 958 7845 1344 2447 40929 2309 30018 1700 2227 7345 39373 16771 1704 3425 49687 25923 61342 2447 2309 6162 43449 5390 23529 1250 61223 1736 7247 1428 8578 4659 2309 6162 44142 50945 61372 50023 35139 2309 19724 55867 4381 44142 395 61480 61473 1700 2227 2309 22881 2678 19747 61342 14590 1250 15632
201 8818 3448 27157 7137 1822 61342 2227 2309 6162 90 61311 61309 36597 1822 61473 19250 17384 5155 4888 6298 3448 27157 14949 2309 6162 1259 9757 61381 61421 4386 3425 4928 8898 1250 52 10332 56545 46424 52647 23829 1250 4888 2375 21797 30018 45047 2974 19553 61553 2447 2678 10979 15566 19760 4381 12392 2309 6162 58312 20247 2820 14949 9272 13452 61320 44082 798
201 61397 61480 10061 61320 40929 61223 4888 9866 3425 46193 1182 3448 61553 3349 58822 61441 61547 1250 61223 14412 25015 5309 846 61441 61426 20469 2820 8005 17904 61421 8005 3701 61421 2309 6162 8005 17904 61421 2309 8005 42125 8369 9391 1700 2678 19747 61342 1704 2309 6162 54916 3129 1802 50470 2115 14590 41471 1250 15632
201 61491 9536 15914 39373 2820 42372 61441 1704 3425 1182 44124 61421 1250 61223 53194 9866 2820 46799 2820 46799 136 51797 17384 20215 2632 61490 61654 61265 1643 61688 7814 3812 16771 1704 3425 2678 61732 48111 15795 798
201 11191 2423 61397 4381 1643 5958 40929 3425 2882 5309 9520 61491 3812 61455 8578 61995 3349 17673 22080 8005 61732 61417 61947 4381 9272 4928 28224 1250 9362 8005 61732 61417 61947 4381 9272 4928 28224 1250 61223 10359 20665 2375 4928 45765 2309 1643 49984 2324 8005 42277 61381 4381 2418 51311 15585 40929 2678 14412 3818 61372 26349 61441 9362 1259 8600 61320 58498 61342 17240 61995 38243 15117 1704 3425 51399 50620 15632
201 5236 25373 61441 3134 61455 1182 61372 2309 39074 61780 33065 61411 4002 9955 61426 5624 61411 27013 2309 37722 3129 38537 35088 43938 27497 13452 52278 56342 2115 29776 5155 61223 1736 1259 5129 61417 8578 61995 7345 61654 19109 61342 2227 2678 1058 61480 10061 61455 61491 24822 7720 1182 3448 1704 1736 1643 5309 4381 61357 61543 2227 1736 2882 5309 1344 2227 2309 17240 61995 38243 2227 2309 6162 8005 61676 24777 56342 2115 29776 5155 15632
201 1325 15031 19250 12507 6298 20510 33887 5309 6041 61411 35139 2820 5958 93 20071 61283 61260 140 11701 61228 27040 61247 61265 2309 8005 61543 3705 2309 6162 1325 61676 2324 61342 73 8787 3494 1804 61311 2309 6107 12400 18518 12392 2309 6162 1182 3085 29154 2820 15439 15031 3425 8369 9391 52132 4002 31365 61707 7105 61426 5309 6107 12400 18518 2974 61995 18887 1058 54407 4002 31365 61707 7105 61426 5309 6107 12400 18518 2309 7345 61654 19109 8898 2820 5958 3425 47428 61487
201 61659 61421 61421 62817 4351 4928 45765 56470 2375 8436 4351 8237 61336 61397 61417 61441 3134 2227 2820 11309 30725 2115 29776 5155 61223 24822 61491 61516 61995 5309 38537 35088 2678 40192 61320 1704 2309 6162 15632
201 17720 12151 28947 61491 6052 1822 3701 61654 61547 62431 61441 8005 21861 33887 73 8787 3494 40644 2820 8005 61547 60655 4381 3022 61421 6984 2309 58567 671 10061 2678 19747 61342 2447 1250 15632
1736 10332 1643 28669 13105 21849 1704 3129 2820 598 61654 41471 1250 61236
201 17734 3163 61553 8369 9391 1700 4381 23841 1736 2974 61455 61473 61576 24777 61356 61426 5309 6041 61411 35139 2309 6162 416 2974 61455 8578 61995 2309 6162 56299 7137 61397 5309 2309 6162 61265 6107 9955 61372 1515 36356 2227 2309 55370 2227 3129 6041 38243 9399 23841 61282 500 61616 10884 1515 36356 61223 1676 61616 22211 1515 36356 1736 11549 1515 1182 3818 3970 61487 201
201 61491 9536 12613 61247 2820 2974 61732 61417 61947 61342 2227 3425 1182 44124 61421 1250 61223 10332 8005 42055 40192 61320 11752 8898 1250 798
201 2882 13479 1736 3679 61654 13340 2820 2974 30069 4381 29926 2227 2678 671 11501 1704 3425 51399 39572 1250 2375 73 8787 3494 40644 395 62048 43206 2974 61421 5309 1344 61426 2309 3022 61421 3818 61372 61342 2227 2678 6041 38243 9399 2115 12451 5155 61223 48620 8005 45583 24202 3129 73 8787 3494 40644 2309 15326 6298 62100 61455 61491 31987 61426 1700 2227 2309 49245 2418 51311 15585 1325 17529 20665 2974 30069 4381 4386 9272 17162 1250 61216
201 61659 61780 61356 61397 47440 8005 61725 61417 61947 61342 2227 2678 46799 61543 43206 4002 24185 27802 7623 4381 11785 61516 61357 61426 2227 2820 15326 61455 4928 3307 5155 61223 59663 35840 2820 6052 8758 61455 1325 1822 61473 2447 61441 3129 10310 4928 29776 5155 15632
201 61646 61480 61473 4659 61688 17384 9420 61417 61426 3134 24349 61725 61455 2309 17240 61995 38243 19223 1802 3134 4659 2227 2309 6162 1325 61516 4703 2418 51311 15585 40929 2309 15326 1182 3448 9272 17162 14157 61223 17411 11439 958 62431 61654 61441 5484 3301 5236 61441 3425 23471 3425 1182 3085 29154 5484 21613 61654 3812 1325 23131 14157 15632
201 5135 61228 8140 3812 61455 8578 61995 2309 1643 49984 2324 10332 36209 30909 17162 2375 73 8787 3494 40644 2309 8005 18808 33800 4381 12392 2309 6162 598 61543 1700 2227 3129 23398 2820 23682 61455 8600 4381 1643 5958 40929 3349 14949 9272 4928 28224 1250 61223 40787 5236 6571 46254 61707 29323 24185 61357 14248 25373 61381 5624 958 4703 61336 7105 61372 2678 1643 5958 61868 2309 1643 5958 61491 3349 14949 40192 61320 1704 2309 6162 798
201 61678 61372 29622 9757 1259 4659 61688 61543 2309 15859 42125 61223 10332 395 61522 61426 2632 61357 61441 7845 61441 32379 8600 2678 6360 20918 5129 61411 24202 17696 61372 61522 61372 3425 8005 19553 61553 3163 2309 6162 2115 61455 61547 3186 1307 9399 7105 61372 5922 62431 61441 61336 2309 6162 846 1388 61707 61417 61426 2309 1428 15585 1704 2309 6162 61487 201
2678 25373 3163 61553 4805 61336 61397 6925 846 61356 61372 61417 45048 61372 93 27802 56650 1515 62305 10833 6307 9362 43150 6984 33329 3301 21613 61336 7105 61441 846 61356 61372 61417 15818 61372 61265 1736 1307 1344 62431 61372 61381 61411 61654 93 27802 56650 1515 4805 61397 5309 1515 3818 61397 9362 43150 7814 33329 3301 21613 61336 7105 61441 1307 1344 61576 61480 61852 61265 3349 1436 61780 1700 29776 5155 61216
