32 61228 61274 50556 61260 140 11701 4 5249 827 258 14761 258 203 49574 2566 858 13520 278 147 9 605 1064 35 515 258 203 49574 2566 858 9636 183 46 9312 155 61228 61283 61260 61210 258 425 61228 61283 61260 61210 258 1197 83 968 2566 225 232 2430 1369 42 696 1028 29 29397 303 5 3668 37575 1316 145 75 529 1064 24 348 27126 30 7604 61216
1084 7608 5249 4180 4404 156 36 1044 155 61228 8945 8524 155 61203 61228 8945 8524 61223 7186 4049 115 881 30902 61223 115 61228 61245 4772 61253 61223 115 61228 61245 4772 61253 61223 115 61228 135 10110 61223 115 61228 135 10110 61223 115 881 142 63 1316 14757 59961 61223 9372 881 83 59 301 28 6805 61277 170 23676 301 155 61228 61245 8787 3494 40644 2373 61228 2906 148 581 5090 6407 11587 115 61228 61245 8787 3494 2373 61233 225 3977 1316 14757 83 273 19 7604 28 3730 9372 881 83 273 19 6407 10341 710 24964 61216
116 581 11137 1179 278 127 858 278 127 858 258 425 13870 7604 1166 5812 1964 61203 60 283 124 959 505 188 756 1597 258 1197 32895 529 61223 115 61228 5193 18986 9372 61222 1918 9372 61222 1119 1263 5249 4116 154 61228 61251 2136 28637 61216
6065 36600 16 283 142 2391 31910 581 1044 2228 581 203 29777 58859 348 27126 30 1597 4390 348 27126 30 1597 61216
1803 1197 756 1597 258 425 31581 505 47432 4404 212 1280 156 225 2018 858 9372 61233 858 9372 61220 594 31581 1263 7298 4404 61228 61210 47456 517 61228 61210 47456 517 52 60 61277 203 515 61228 61215 61233 576 61228 61215 61233 576 61228 61215 61233 576 2984 29397 60 61228 61215 61233 576 258 425 13870 594 1263 61233 576 61228 881 2982 61228 881 2982 61228 61215 576 61216
14702 61228 61274 50556 61260 140 11701 258 83 17273 61206 1964 61203 258 425 18038 258 425 18038 28 425 13870 19 959 20629 61228 651 5812 183 172 1205 289 61233 15146 1064 858 61228 651 5812 183 258 425 31581 278 127 858 1964 61203 5249 2391 61228 61215 85 1179 1964 61203 5249 1708 61228 61215 61222 85 1179 61216
770 14351 2688 1597 537 145 75 7604 537 36 7334 1136 258 1197 32895 258 205 7334 9 5328 46 9312 7843 199 61211 827 1263 881 30902 1018 920 950 20 45014 7624 41502 827 61216 34646 505 232 2430 1369 156 696 1028 1041 529 10341 710 3802 959 4309 505 188 756 424 1316 14351 113 529 10341 104 860 61223 1064 9998 278 1197 32895 258 1197 32895 9372 58754 1825 2984 29397 505 348 4990 47129 1720 61212 4529 61216 8379 9998 278 1197 32895 258 1197 32895 1316 225 1164 789 45 1219 245 61233 188 32895 1316 324 4175 61216
34646 1166 4059 26088 1597 529 61223 505 14351 2688 1597 1316 3668 61206 258 425 13870 19 7604 258 205 143 88 418 258 35 348 227 1369 10341 380 163 3802 968 2566 8087 61216 148 581 5090 6407 2984 581 143 88 418 258 30 827 9629 127 858 202 43558 4529 61216
148 529 61233 225 529 1316 3668 61206 91 88 38984 14550 386 32263 91 88 38984 14550 386 32263 91 14351 2688 1597 8 16983 8 188 83 959 2984 845 528 1179 45 1219 245 61233 143 83 2761 61223 29 29397 61223 10341 29397 278 83 38984 61223 278 203 38984 61223 278 203 38984 28 3730 278 203 38984 28 3730 278 83 14302 34262 61223 91 225 83 273 348 227 439 91 348 27126 30 1597 537 348 299 18848 537 14757 22563 61216
34646 1263 28397 5126 1597 27 283 75 529 46 2594 19 76 61217 890 156 348 227 529 46 4169 61212 2798 20 696 1028 63 396 61216
894 8816 227 1825 91 594 13870 4404 537 88 1839 27375 41 85 39 301 61216 1803 614 950 258 425 31581 91 47432 1597 149 61228 6730 7894 537 594 13870 594 1263 881 83 273 1597 61228 61210 47456 517 46 9312 28 1229 38984 258 1197 756 1369 258 1197 756 1369 258 1197 32895 258 1197 83 959 10341 710 3802 39 7604 61216 2618 61211 2391 4454 58754 594 9372 61222 1119 48286 7624 199 61211 113 1825 48286 42 696 1028 537 348 27126 30 7604 537 348 27126 30 1369 537 348 27126 30 18848 61216
116 41 9672 61203 2653 4 4059 61277 1418 3802 529 505 65 9672 2391 61223 1064 83 59579 2798 505 35557 21023 41502 4180 1825 505 232 2430 1369 1316 348 27126 30 7604 61216
1619 127 48337 278 30 581 2391 154 61228 30 581 2391 61228 61210 221 46723 2391 1616 348 34508 245 61233 225 348 5149 21023 710 59157 1263 61277 455 4404 31910 386 32263 115 61228 61213 163 2761 2984 29397 1195 13870 594 45 1219 245 61228 6730 7894 27375 24 348 27126 30 1369 537 348 27126 30 7604 61223 38758 1195 13870 594 45 1219 1021 348 27126 30 1597 61216
148 2822 83 26143 46125 505 83 2761 729 156 696 1028 24648 61228 61251 2136 28637 61223 278 127 858 46 9312 155 61228 61221 227 61212 170 61212 890 21023 710 59157 61216 1803 83 2761 258 83 2761 258 83 418 258 83 418 258 83 418 258 7334 9 594 1720 19521 113 2687 396 2566 43558 4529 61216
8379 10007 22563 19615 61228 61254 61249 61251 61249 1166 61228 651 61311 1064 4726 1064 4726 1064 4116 1064 4116 1064 4116 1064 4116 1064 143 27126 30 968 19615 61228 61251 61260 10719 1316 145 75 529 1064 858 61228 61254 61249 61251 61249 61350 61210 61216
208 61227 607 17337 439 60 61286 104 145 145 1939 61206 258 1197 83 827 278 127 858 46 9312 258 83 418 5249 1708 258 83 418 5249 1708 61223 9372 61222 1119 61223 7843 2822 11685 46 9312 7843 2822 756 15146 7843 2822 756 1825 2984 29397 258 1197 756 1825 9372 61222 1119 505 36 61217 10683 21023 2822 756 15146 61216
32 61228 61287 61245 8787 3494 40644 61287 91 348 27126 30 1597 8 16983 1064 10093 6011 27126 827 55383 61216
8379 170 581 203 26654 2984 386 61217 10596 1825 9372 5249 4180 1825 91 348 27126 30 1597 516 7367 2798 2228 61226 59 3210 91 30372 4180 1597 4390 88 38984 4390 88 38984 537 88 61226 59 3210 61216
4584 5 61277 61226 2902 156 806 456 61204 4309 505 5 61277 61226 2902 156 348 3106 3802 968 4309 505 5 61277 61226 2902 156 348 227 968 10341 529 7608 1280 61216
23712 83 20167 2984 113 142 83 968 46 827 729 505 348 4529 28 3730 505 348 227 1597 1316 145 142 51234 28 3730 28 3730 28 3730 42 65 276 2761 91 276 2761 91 348 27126 30 1597 61228 61210 47456 517 61216
6630 113 142 1825 505 232 1028 21023 2822 756 1825 1166 55846 858 2984 113 142 1825 1263 61277 455 4404 31910 2822 756 1825 61216 894 8816 227 1825 9372 61222 1119 505 232 1028 21023 2822 756 15146 1064 41 40 40 1369 258 1197 756 1369 46 9312 10923 188 756 30603 61216 894 8816 227 1825 11587 60 517 1064 143 14761 258 1197 756 1369 61216
682 3116 61233 576 154 61245 8787 3494 40644 4 58754 1597 529 9629 61233 576 154 61245 8787 3494 1166 61228 61234 2219 28 3730 1263 5249 4116 172 985 27504 5328 115 61228 61239 19832 61228 61245 8787 40644 172 88 418 1316 985 27504 1825 48380 1263 881 142 63 1018 61224 22568 1018 61224 1129 27 1234 61233 7590 1129 115 61228 61229 61283 61246 1316 225 83 273 968 1316 225 83 273 30 1369 1316 225 83 273 30 7604 61216
90 1782 1825 45 1219 362 36 203 49574 19615 7608 270 1316 324 4175 1316 324 4175 1316 145 142 51234
8379 374 19521 4175 627 19521 4175 46 9312 28 45014 42 696 1028 31 6805 43212 1825 28 45014 42 696 1028 31 6805 43212 1825 1616 42203 44467 439 2984 29397 1064 4726 1064 143 83 418 303 5 3668 37575 1316 42203 44467 439 1064 44938 42 696 1028 31 50772 61216
32 881 30902 7186 3867 2362 115 61228 61251 425 91 940 1028 1041 8 188 83 959 32440 348 27126 30 1597 19661 1129 61216
4584 188 32895 1316 3668 61206 1166 61228 61245 8787 3494 40644 66 61277 6 13708 529 115 61228 61245 8787 3494 40644 258 1197 83 959 115 61228 11369 85 563 258 1197 32895 258 1197 32895 86 61228 5756 61301 126 59 147 2881 61206 258 10121 83 959 126 59 147 2881 61214 126 59 147 2881 61214 126 59 147 2881 61214 46 9312 155 1804 2340 61309 278 147 2881 61214 61216
90 205 1044 2607 61227 2798 91 47432 4404 537 348 27126 30 1597 529 37791 13896 46 8681 46 8681 46 8681 46 8681 46 8681 46 8681 46 8681 46 8681 46 8681 46 8681 17604 9 1825 1263 7298 4404 61228 61210 47456 517 20 143 27126 30 1825 258 9312 258 9312 258 14761 61216
6630 386 61217 61226 827 60 1155 23984 37791 13896 7110 3483 60 1155 23984 60 61277 455 529 37791 13896 7110 3483 60 1155 23984 20 6805 61277 1311 1825 61223 1964 61203 4309 60 1155 23984 60 61277 455 529 46 1839 61216
770 47456 517 4390 47456 517 172 1205 289 61233 15146 2984 199 61211 827 537 76 61217 890 537 36 860 28 3730 91 348 27126 30 1597 537 5 61277 36 25088 529 537 5 5249 39 18848 61216 37577 4049 115 7298 83 827 32440 348 27126 30 1597 537 88 14302 113 54576 537 88 17273 61206 529 61216
32 61228 61234 3893 145 61210 42 696 1028 42 696 1028 61223 48380 5878 88 418 2984 845 2069 41421 61223 1064 83 418 61228 399 7186 4049 1166 61220 108 9715 505 36 6407 303 225 1845 1845 25268 1316 348 27126 30 7604 2566 10 1280 61223 9372 58754 1825 2984 29397 1263 61277 455 4404 31644 348 2798 537 348 199 61211 1369 61223 27370 1197 104 6407 2984 29397 91 348 27126 30 1597 537 276 3802 18848 537 36 61217 61226 959 61223 1064 83 418 1064 83 418 1064 83 418 1064 83 418 1064 83 418 1064 83 418 61228 83 418 9629 959 2984 386 32263 303 225 1845 25268 537 48998 61216
4584 65 61225 2861 1316 3668 61206 156 30372 4180 33815 10341 61226 10121 299 439 28 10193 258 83 418 278 83 9290 9290 515 258 1197 83 968 46 9312 7843 2822 83 968 2566 74 2707 6129 61223 505 9255 5 890 156 696 1028 28 3730 156 594 13870 594 505 232 15926 1316 276 3802 18848 1316 348 299 439 61216
148 23072 5878 5 1219 115 61228 61245 7289 282 93 9164 61207 61314 61265 91 44 108 968 1042 1280 91 348 27126 30 1597 149 61228 61283 21261 91 348 27126 30 1597 537 5 2688 1129 1042 170 380 9 15146 41254 7164 42 696 1028 15894 24 348 27126 30 1597 61216
5702 61228 11369 85 563 61223 9629 40 1369 61223 91 61206 61228 8945 8524 115 61228 61239 19832 61228 23419 61314 3598 91 348 27126 30 1597 149 61228 61239 19832 61228 23419 61314 3598 91 348 27126 30 1597 149 61228 11369 85 642 968 1064 24 145 142 32658 149 61228 1432 61311 42 10121 299 439 1064 24 145 142 32658 149 61228 61245 8787 3494 40644 93 61217 2107 2531 110 1166 8763 8335
201 61229 881 30902 61223 1166 9636 1055 8980 60513 9360 1166 61228 1403 11318 61332 115 881 30902 245 61228 61245 8787 3494 40644 1316 232 2430 1369 2373 61228 61245 8787 3494 40644 1316 14757 18258 2984 386 61217 10596 1825 2984 386 61217 10596 1825 115 881 18258 19615 61233 14757 30902 1316 1283 21559 1316 188 83 968 1166 3510 115 61228 2071 11318 2949
32 61228 61251 5340 61210 1316 14351 2688 439 1316 348 27126 30 7604 93 61251 5340 61210 61265 258 205 7334 9 5328 10341 581 203 24964 61339 27375 9998 115 881 30902 362 348 27126 30 7604 2566 65 76 22988 418 2373 61228 3918 2373 61228 61245 4714 61223 1064 9998 362 14757 83 273 19 301 28 3730 91 14757 83 273 19 18848 172 348 27126 30 5328 1064 24 348 27126 30 7604 61216
1619 127 858 172 19 1205 289 61233 15146 9629 85 39 301 172 19 1205 289 61233 15146 9629 85 39 301 154 61228 61251 2136 28637 61223 46 9312 155 61228 61229 899 61277 61226 2564 1316 940 2881 61214 1316 940 2881 1041 529 61223 29 29397 6172 6172 115 61228 61259 12 227 380 227 2761 715 61212 170 61212 170 2761 61216 8342 115 61228 61219 980 39 301 61216 11727 115 881 30902 31 6805 61277 170 1597 529 61216 11727 115 881 30902 31 2688 61212 12432 31 6805 61277 170 1597 529 61216 11727 115 881 30902 91 348 27126 30 1597 61216 15291 115 881 30902 1166 61277 170 1597 529 1166 3510 61339 29 29397 19694 2984 113 30308 1825 91 7561 12 1597 529 61216
3116 61221 14302 4857 627 1839 1964 88 1839 91 14351 2688 1597 537 348 227 529 1166 61228 61234 61221 143 85 143 85 1369 28 3730 9372 61222 1119 10341 2822 83 273 968 46 614 950 1064 41 9672 2391 20 6805 61277 455 1825 505 188 756 424 1316 225 529 10341 386 61217 61226 959 10341 386 61217 61226 959 61216
201 61229 881 30902 7186 386 61217 61226 827 2228 581 203 24964 93 369 203 418 61223 9372 5249 4180 1825 61223 2984 386 61217 10596 1825 28 6805 61277 455 968 46 9312 28 425 61233 232 15926 61265 91 348 27126 30 1597 10923 14757 30902 10923 36 61217 14757 30902 1316 10121 299 439 155 7608 1280 1316 10121 299 439 28 3730 303 5 3668 37575 1316 145 75 26143 9372 61222 1119 115 61228 2815 10276 61256 93 2804 61332 9360 115 881 30902 93 2804 61332 9360 115 881 30902 61265 28 3730 303 5 3668 37575 42 696 1028 1041 529 61216
6065 36600 505 324 37 418 1316 36 203 29777 61223 2984 24569 505 14351 2688 1597 1964 61203 6011 27126 30 1825 505 35557 46125 1316 940 1311 439 61223 1064 9998 60 283 2899 7028 20167 15894 24 145 528 2391 61216
34646 505 188 32895 156 425 61228 61299 5290 2857 91 61206 61228 61299 5290 2857 91 61206 61228 61299 5290 2857 4309 2519 61211 959 45 1219 245 61228 61251 2136 28637 61223 1064 4726 1064 858 61228 2340 61309 278 147 2881 61214 61216
8379 10093 91 273 594 2984 29397 91 14351 2688 1597 537 36 7334 9 5328 9372 61222 1119 653 34633 58859 348 2798 537 7561 12 1597 529 1064 10093 91 348 27126 30 1597 537 594 13870 19 18848 537 36 143 27126 30 7604 537 36 143 27126 30 1369 537 36 143 27126 30 1369 537 36 143 27126 30 1369 537 36 143 27126 30 7604 61223 28 3730 91 348 27126 30 1597 149 61228 61286 10533 4049 126 1782 1041 61216
18193 1280 505 14749 156 696 1028 9240 439 2566 225 348 27126 30 1597 156 696 1028 9240 439 61216
32 61228 61286 10533 61214 42 36 10007 22563 42 696 1028 31 9386 4533 654 61216
201 61298 61224 19521 4175 627 19521 4175 86 881 22563 2566 858 1804 1567 258 425 18038 23 10007 22563 19615 29905 41734 278 127 858 258 1197 301 253 61228 5602 278 147 2881 61214 28 3730 18 49574 2566 858 61228 2244 61242 13520 278 147 2881 61214 258 844 18274 26142 46 491 31581 258 83 14302 2687 396 1166 1804 2949 1567 93 19 348 61216 682 61282 61325 61282 2351 61265 23 10007 59961 23 10007 59961 23 10007 18258 61216
1803 14761 258 205 143 14761 258 205 143 14761 258 205 143 14761 258 205 143 205 143 5328 258 205 11476 258 205 143 14761 258 205 143 205 858 258 205 858 61228 61286 10533 4049 258 205 858 258 205 858 61228 124 1839 61223 505 35557 1316 5 61273 4383 529 61223 505 35557 1316 5 61273 4383 529 46 9312 155 7608 1280 505 14749 1316 348 27126 30 1825 1316 348 27126 30 1369 1316 348 27126 30 7604 1316 348 27126 30 7604 61216
8379 9998 115 61228 61245 8787 3494 40644 4309 15497 61212 1136 505 14351 756 424 1316 3668 61206 1316 36 4015 968 27375 41 305 6129 20 50772 537 348 27126 30 1825 27375 41 305 6129 20 50772 537 348 27126 30 7604 537 36 203 24964 46 1851 61228 61245 8787 3494 40644 2984 29397 1263 9672 2391 537 36 203 24964 46 1851 58 19832 155 61228 61246 16486 1316 145 439 61216
148 299 17273 529 46 1411 61221 14302 8340 2758 61228 61289 30 227 2761 61223 278 127 858 2636 59 127 858 126 1552 1804 14913 1166 8763 61242 1166 8763 2299 278 127 858 126 59 127 858 126 59 127 858 126 1782 59 127 858 126 1782 59 127 858 126 1782 59 127 858 126 1782 59 127 858 126 1782 59 127 858 126 59 127 858 126 59 127 858 2098 61325 278 147 2881 61214 93 61208 858 8763 3535 29 29397 31 75 61226 7452 20629 6908 27407 1064 425 31581 61216
5702 22181 245 7608 3668 37575 156 50772 29 29397 28 6805 26088 1825 28 6805 61277 36 25088 529 20629 61228 83 14302 34262 2373 7608 61212 4185 5759 1316 348 27126 30 7604 1316 348 27126 30 7604 1316 348 27126 30 7604 28 6805 61222 1918 9372 61222 1119 303 5 3668 37575 537 348 27126 30 7604 4778 348 27126 30 1369 537 348 27126 30 7604 61216 770 225 32658 537 348 27126 30 7604 537 348 27126 30 7604 537 348 27126 30 7604 28 1229 38984 61228 61211 4180 4404 61228 61211 170 61212 1028 61223 91 225 225 32658 537 348 27126 30 7604 61216 90 471 789 7028 20167 1109 581 10007 8272 7028 20167 1109 581 203 3802 959 61216
32 61228 61251 2136 28637 2373 61228 61251 2136 28637 91 348 27126 827 27375 374 27126 30 1825 9629 61208 3668 61207 20 74 3668 37575 2373 61228 2031 22621 1681 61223 9372 61222 1918 115 61228 61283 61260 61210 46 9312 155 61228 61283 61260 61210 115 61228 61283 61260 61210 28 425 61228 61283 7149 115 7298 83 3965 1263 283 75 20167 1109 581 30 44467 439 1166 61228 3526 61229 4211 155 7608 1280 505 14749 1316 6935 30 232 2430 1369 61223 1263 283 75 20167 1109 581 439 7843 581 7334 1136 46 9312 7843 380 27126 30 44467 439 61223 91 348 27126 30 968 1064 24 348 27126 30 1597 529 10341 110 1205 289 61233 15146 1064 7604 61216
32 881 30902 245 61228 5193 60310 91 7561 12 1597 149 61228 5193 60310 537 7561 12 7604 61223 505 9715 362 44 108 968 61223 505 9715 1316 14757 18258 155 881 18258 155 7608 270 1316 14757 18258 16055 61470 61206 61228 1423 34363 505 9715 1166 1804 1166 5812 61468 10341 380 1136 505 9715 362 276 24964 3158 61470 61206 61228 1423 34363 505 9715 1109 710 24964 1166 9636 1166 9636 1166 7909 61468 115 7298 594 115 61228 61245 8787 3494 40644 258 1197 32895 258 1197 32895 258 7334 1136 1166 61228 61245 8787 3494 40644 9372 5249 4180 1825 505 188 756 1597 1316 348 299 18848 61216
770 348 27126 30 1597 4390 348 27126 30 1597 537 348 27126 30 7604 537 348 27126 30 18848 4390 348 27126 30 1597 537 348 27126 30 1369 4390 348 27126 30 1597 537 348 27126 30 1369 537 348 27126 30 7604 537 348 27126 30 7604 537 348 27126 30 7604 537 348 27126 30 7604 537 348 27126 30 7604 537 348 27126 30 7604 537 348 27126 30 7604 537 348 27126 30 7604 537 348 27126 30 7604 537 348 27126 30 7604 537 348 27126 30 7604 537 348 27126 30 7604 537 348 27126 30 7604 61216
8379 4726 258 12 3668 61206 278 203 38984 61228 61215 10007 273 1597 46 9312 2188 127 858 172 42203 44467 439 258 425 18038 258 425 13870 19 18848 56487 61223 258 9312 4 5249 827 10341 386 61217 61226 959 10341 386 61217 61226 959 258 425 13870 19 7604 61216
498 36256 303 33540 22990 1316 188 83 26143 115 61228 61245 8787 3494 644 91 348 27126 30 1597 529 46 9312 155 61228 61245 8787 3494 40644 42 696 1028 42 696 1028 61216
32 61228 61239 19832 58 2107 9 2321 2373 61228 61239 2107 2321 93 61239 18027 61265 28 425 61228 61251 2136 28637 537 36 143 27126 30 7604 537 36 143 27126 30 7604 537 36 143 27126 30 7604 8 6805 61277 170 23676 301 28 45014 7624 2604 60916 61223 155 61228 61239 19832 27 5249 1708 529 20629 61228 61239 19832 258 83 14302 2687 396 2566 225 65 76 858 537 7561 12 4404 537 7561 12 7604 61216
770 14351 756 424 537 36 10007 22563 1753 369 22988 418
148 41502 4180 4404 1109 19521 4175 15894 24 348 27126 30 1597 537 14757 83 59 11872 537 221 5 890 537 5 170 61212 642 968 10341 581 203 49574 19615 61233 348 27126 30 1597 1316 324 4175 1316 145 142 23676 529 46 2594 348 27126 30 1597 61216
34646 1166 61220 7334 9 6407 61223 278 1197 32895 258 205 10007 22563 537 36 10007 22563 172 88 418 303 225 1845 25268 47363 858 24257 303 225 1845 25268 61223 1064 10093 278 1197 32895 278 7334 1136 278 83 48337 278 21053 1041 278 21053 1041 126 1782 59 127 858 278 147 2881 61214 126 59 127 858 61216
34646 91 14351 2688 1597 14550 61212 1311 1825 1263 18233 4529 20 858 9636 61309 3396 258 425 18038 258 425 18038 258 14761 258 425 18038 258 425 13870 7604 258 425 18038 258 14761 258 425 18038 258 14761 258 14761 258 425 13870 7604 258 83 418 258 83 6 258 83 6 258 83 197 3802 959 258 35 227 439 258 1197 756 1369 258 1197 756 1369 258 83 515 278 127 61217 61226 97 529 258 83 515 278 127 48337 258 1197 32895 258 83 418 91 348 227 968 1064 24 88 38984 61228 61210 232 2430 1369 172 348 227 1369 172 88 14302 2687 396 61216
6630 199 61211 113 1825 61223 91 47456 517 61223 28 3730 91 14351 2688 1597 61228 61210 47456 517 537 282 61233 348 27126 30 1597 149 61228 61245 8787 3494 40644 172 348 27126 30 1597 529 46 9312 10923 14757 30902 245 61233 14757 30902 10341 110 1937 515 61223 258 14761 258 14761 258 30 232 959 10341 110 74 1929 283 18848 61216
148 61226 59 3210 91 348 27126 30 1597 61228 61210 47456 517 149 61228 61251 2136 28637 91 348 27126 30 1597 61228 61210 47456 517 8 6805 61222 940 9240 439 1616 348 37 515 1263 7367 2798 31910 380 34508 27909 61222 940 9240 439 61216
14702 61228 59 1197 32895 258 425 31581 278 10007 30902 126 1782 59 127 858 126 1782 59 127 858 27909 61277 455 1825 1263 881 30902 27909 55846 858 61216 32308 970 9998 278 1197 32895 258 7334 9 1825 91 348 27126 30 7604 29 29397 91 348 27126 30 1597 537 36 143 27126 30 7604 61216 90 170 29397 91 348 27126 30 1825 91 14351 2688 1597 14550 113 85 1179 91 76 61217 85 1179 537 5 61277 170 1597 529 10341 113 36159 7604 61216
770 9255 30 1597 537 9255 30 1369 28 3730 1263 61277 455 4404 61228 61210 47456 517 1166 22181 258 14761 61223 1064 9998 115 61228 61251 5340 9372 881 6014 61228 881 6014 61223 9372 881 232 6407 61223 9372 881 1337 19615 61228 881 723 61212 170 1597 46 9312 7843 2822 756 968 19615 61228 881 30902 7186 386 61217 10596 1825 61216
8379 9998 505 9715 7186 110 7285 27909 61212 2881 1422 529 46 9312 155 61228 61234 4680 61384 2801 61384 2801 61384 61251 446 456 61204 27909 61222 295 505 348 4529 156 75 61226 819 61214 61228 61210 47456 517 1316 594 13870 19 7604 61223 1064 374 386 61217 61226 3140 9372 61222 1119 1263 369 22988 418 31910 41502 4180 1825 28 45014 42 696 1028 61216
32 61228 61245 8787 3494 40644 4 5249 4015 529 20629 61228 61245 8787 3494 40644 258 14761 258 12 59 127 858 258 614 5 890 126 3901 65 225 1845 25268 1316 1283 5 950 1316 14757 232 860 7843 1775 3057 227 6407 46 9312 7843 380 27126 30 1825 505 9255 313 4049 149 61228 3918 1316 14351 4175 1316 14351 4175 61216
8379 203 29777 19615 61233 225 529 1316 65 4840 968 1316 65 4840 968 1316 65 4840 968 156 16983 5281 61220 83 2761 529 156 225 348 5149 46125 1316 348 227 529 27375 41 61277 170 1597 537 348 27126 30 1597 529 1166 61228 61286 104 19408 61223 115 61228 61239 3150 61223 91 61206 61228 61271 4883 61223 115 61228 61293 6248 61223 91 61206 61228 61293 6248 61223 91 61206 61228 8945 8524 61223 91 61206 61228 8945 8524 61223 91 61206 61228 11369 85 890 61223 115 61228 61247 1562 1169 25 61216
116 1708 28 897 729 42 143 205 858 42 232 15926 2913 844 2677 529 2984 845 2069 1263 7298 4404 61228 61210 47456 517 61223 28 970 61273 4383 155 7608 1280 1263 42273 36308 844 528 968 1614 1136 27 6827 3802 39 301 28 2798 61216
1803 14761 258 143 83 576 46 9312 10923 528 18848 1316 528 83 959 505 528 18848 21023 41502 827 61223 258 14761 258 273 348 227 529 10341 9386 471 1041 529 9372 61233 14757 30902 61216
34646 1064 4726 172 88 418 91 14757 83 59 1597 537 88 418 46 9312 28 425 61228 61210 298 35 515 61223 7186 4049 245 61228 61239 19832 61223 72 16486 46 9312 155 7608 1280 505 14757 83 143 2391 1316 145 2069 9629 40 2430 1369 1558 184 2430 1369 258 1197 12 7604 61216
1619 203 59599 2636 10007 18258 46 9312 2636 194 2687 396 1263 7298 4404 61228 61210 47456 517 1166 61228 61260 209 3855 93 369 203 38984 61228 61210 47456 517 61265 2636 194 2362 1263 7298 4404 61228 61210 47456 517 61216
54866 36365 245 61233 225 170 61212 2688 273 4404 156 696 1028 156 10121 299 439 1166 61228 61234 12633 751 61282 2984 46561 968 2566 74 76 61217 273 4404 2373 8763 61332 66 881 30902 61223 115 881 83 59 301 19615 61233 225 83 4015 61228 61215 10007 22563 2566 858 61228 61246 39 751 1166 1041 61228 1432 61332 115 517 1166 18140 1055 61350 155 7608 1280 505 30372 3602 2758 61228 30 85 39 85 39 301 1316 188 301 155 61228 61246 39 751 93 10 1280 115 881 139 1280 115 881 83 273 4404 1316 14757 83 59 11872 61265 1166 8763 61335 6522 61325 12993
4584 65 61225 2861 1316 348 273 968 10341 529 61233 188 85 1179 37579 1804 61311 1316 188 83 968 1166 61228 61251 2136 28637 644 27375 41 85 2391 61228 61210 47456 517 93 61312 8372 28 3730 9372 61222 1119 115 61228 1253 32300 42 696 1028 93 61210 225 65 950 61265 5878 221 18274 26143 9372 61222 1119 9372 61222 1119 91 348 27126 30 1597 61228 61210 47456 517 61216
770 47432 2391 61223 258 12 3668 61206 505 47456 517 1316 188 83 959 36272 3591 1166 61228 8945 8524 537 61206 61228 61246 39 751 93 61221 581 5090 6407 11587 505 14757 83 273 529 10341 1729 607 17337 439 61223 29 29397 46 8681 91 348 27126 30 1597 537 276 3802 18848 537 88 1839 647
90 471 73 8787 3494 40644 60 283 75 594 61223 12613 61247 46 9312 155 61228 61274 50556 61260 140 11701 2984 299 14302 2687 396 115 61228 61245 8787 3494 40644 2373 61228 61245 8787 3494 644 1166 61220 83 418 2984 199 61211 827 115 61228 61245 8787 3494 644 1064 10093 46 491 31581 115 61228 61245 8787 3494 644 2373 61228 61245 8787 3494 61223 1064 10093 31 871 115 61228 1752 8217 439 42 43558 55191 30902 2984 24569 7838 61207 61216
32 61228 61251 2136 28637 2373 61228 61251 2136 28637 93 61245 8787 3494 1804 8335 61282 26524 35791 47 3947 43817 818 209 18966 61223 64 30960 21664 17141 155 61228 31675 2193 18259 172 1205 289 61233 15146 1166 3510 115 61228 61245 8787 3494 1804 3137 115 61228 61274 746 3289 61216
770 14351 2688 1597 537 1283 5 1597 529 61223 91 76 61217 890 537 36 127 61217 890 61223 91 67 890 537 1283 5 950 61223 91 76 61217 890 14550 386 61217 10596 1825 61223 91 225 83 273 4404 149 61228 61251 2136 28637 28 45014 7624 110 7452 7843 110 7452 19615 61228 61251 2136 28637 61223 1064 9998 505 36 950 1316 14351 1136 1316 14351 113 44467 439 61223 1064 9998 505 188 756 950 21023 2822 756 968 258 1197 756 968 258 1197 756 1369 258 1197 756 968 46 9312 10923 232 2430 1369 258 83 197 3802 529 28 45014 7624 386 61217 61226 827 258 83 197 3802 968 46 1839 61223 505 594 13870 594 505 594 13870 4404 14550 386 61217 61226 959 61223 505 594 13870 4404 21023 386 61217 61226 827 28 970 45400 1280 2653 1316 594 13870 19 7604 61216
5218 61206 8 47456 517 2653 537 348 27126 30 7604 537 348 27126 30 7604 537 348 27126 30 7604 9629 61221 14302 4857 61228 61221 4160 1939 61206 61228 61221 4160 1939 61206 61216
32 61228 61298 61216 61239 61216 61234 61216 91 9255 8816 227 1825 10341 29397 115 61228 61298 61216 61234 61216 61234 61216 91 9255 8816 227 529 27375 41 881 83 273 2391 20 6805 61277 170 23676 12 1825 7843 110 3591 1166 3510 61216
1642 51052 2798 42 696 61211 2798 31 5090 26143 61223 27375 9998 115 61228 61239 94 61209 5868 4664 155 61228 16661 56475 20404 5105 91 9255 1418 3802 529 37791 22563 19615 61228 61251 15682 61228 61213 61211 2798 27375 41 41004 2798 2373 61228 61251 15682 61216
14702 61228 11369 5 642 5 999 890 172 1205 289 61233 15146 2984 845 142 968 19615 61228 11369 85 563 20629 8763 61242 258 425 13870 594 115 61228 61299 5290 2857 2984 19521 113 1825 115 61228 47410 6942 2984 19521 113 1825 115 61228 47410 6942 61216 32 61228 47410 6942 61384 61259 1291 61384 61251 61384 61251 2136 28637 61216
32 61228 61283 61216 61234 61216 644 61223 278 1197 32895 258 425 13870 7604 20629 184 2430 1369 156 184 2430 1369 1166 61228 3396 61350 5281 61277 3209 2984 845 1311 1825 505 76 61217 273 1708 156 696 1028 61223 1021 19 2525 149 881 30902 1021 9255 36 25088 149 61228 61254 11 47 12 1825 1166 1804 11498 29 29397 115 61228 61234 61277 143 127 858 1316 188 83 968 1166 1804 2666 61332 3396 278 147 2881 61214 258 205 950 258 205 950 61216
8379 7334 2813 61223 156 225 225 83 2761 156 225 83 2761 729 156 225 170 386 15126 968 505 348 27126 30 1597 61228 2940 61212 2798 149 61228 37616 1955 2456 40861 1316 22980 61223 27370 1197 1119 9372 61222 1119 303 5 3668 37575 1316 42203 44467 439 93 61246 597 40750 8686 647
770 47432 2391 91 47432 2391 537 36 10007 22563 19615 61228 61226 2498 2373 61228 61226 2104 28 3730 42 696 1028 42 696 1028 42 696 1028 115 61228 61589 61228 47410 6942 61216 770 348 10361 2391 537 5 170 61212 1136 115 61228 61274 8131 52 115 61228 61274 8131 2373 61228 7381 15925 425 212 1782 1041 529 9372 61222 4209 1179 9372 61222 4209 1179 9372 61222 4209 1179 9372 61222 4209 1179 1263 159 13870 4404 154 61228 61274 8131 61216
32 7367 170 1597 245 61228 61251 2136 28637 28 3730 91 14351 2688 1597 61228 61210 47456 517 61228 61210 47456 517 537 36 1197 12 1825 9372 22181 9372 61212 1311 1825 1166 61228 61245 4714 74 61223 505 5 1219 245 61233 348 827 172 88 418 537 5 311 61233 18848 93 380 9 4404 61223 28 2688 61212 2798 61223 91 88 38984 537 7561 12 7604 61265 155 7608 1280 91 88 38984 537 7561 12 1825 28 3730 278 71 170 21743 2139 172 188 301 28 3730 37791 59961 61223 9372 58754 1825 9372 61222 1119 278 71 170 21743 2139 10341 581 439 61216
35240 5249 4180 1825 46 9312 46 9312 28 6805 61277 170 58390 115 61228 61245 8787 3494 40644 2984 47009 2761 968 19615 61228 61245 8787 3494 40644 1064 9998 1064 9998 42 65 85 890 42 696 1028 42 696 1028 42 696 1028 42 696 1028 42 696 1028 42 696 1028 61216
770 61206 61228 11369 85 563 172 184 2430 1369 149 61228 8945 8524 258 425 13870 1708 258 194 1418 3802 529 61223 29 29397 29 29397 258 14761 258 425 18038 258 10121 299 439 258 14761 258 10121 299 439 258 14761 258 7334 113 594 258 83 197 3802 959 258 83 418 1964 61203 9372 881 1337 9629 83 515 61228 61210 143 83 273 2080 32434 418 61216
32 61228 61246 16486 61228 23419 61314 66 5249 30 968 1166 61233 36 950 156 75 30347 1064 11507 9386 61221 844 18848 42 696 1028 1064 11507 9386 61221 529 42 696 1028 61216
148 41502 4180 4404 2373 61228 61286 10533 4049 61223 278 203 38984 61228 61210 47456 517 258 1197 83 273 968 16995 61228 61245 8787 3494 40644 1316 188 83 968 1316 188 83 968 10341 2822 83 968 2566 225 225 225 1335 1316 225 83 273 968 1316 225 83 4015 968 61216
201 61229 868 3668 37575 2373 61233 14757 30902 1316 348 27126 576 529 46 9312 2011 14757 30902 2373 61228 15538 61245 1964 61203 1041 968 1166 1041 968 1072 2335 13738 61301 1166 61228 2980 10276 61256 93 2804 61332 9360 1709
1803 14761 258 844 75 83 576 529 61223 22383 4015 2984 29397 42 890 303 31979 2798 61228 7367 2798 537 88 1839 61223 2228 581 203 515 61223 2228 581 203 515 6011 9 1825 91 348 27126 30 1597 537 348 27126 30 18848 537 348 27126 30 7604 1166 61233 348 27126 30 1597 61228 61210 47456 517 61216
90 205 1044 61223 2984 491 31581 505 47456 517 2758 61228 61234 61221 143 85 61224 85 2567 61223 2984 491 31581 505 47456 517 1316 348 227 39 7604 31 75 75 170 61212 4185 5759 362 1283 950 28 3730 9372 61277 455 1825 91 348 27126 30 1597 537 7561 12 7604 27375 41 283 1311 39 301 30498 20167 15894 24 30372 4180 4404 537 88 61226 59 3210 61216
6065 36600 16 7367 2798 61228 2940 61212 2798 258 12 3668 61206 61223 115 61228 61260 9672 850 91 594 13870 4404 149 61228 61274 39 85 39 980 93 13192 61245 61265 172 19 1205 289 61233 15146 1064 24 145 142 32658 149 61228 61274 37 56 9 61216
4584 225 232 63 559 1316 42203 44467 439 1316 3668 61206 1316 348 227 529 1316 528 18848 1316 528 18848 1316 528 142 23676 860 3510 1316 528 18848 1316 528 18848 1316 528 18848 1316 528 18848 1316 528 18848 1316 528 18848 1316 528 18848 1316 528 18848 1316 528 18848 61223 48380 45 1219 156 225 83 418 1316 324 113 529 10341 110 299 1179 91 88 38984 91 88 38984 61216
201 61234 654 258 83 418 258 83 2761 86 881 30902 93 1666 61325 12285 61223 50126 61325 9360 212 1280 93 1666 61325 9360 338 4309 46 8681 46 8681 8 14757 83 273 968 46 9312 28 3730 91 14757 83 59 301 28 3730 91 14757 83 273 19 227 439 61216
4584 65 1939 61206 529 7485 529 93 19 348 299 1179 61265 1616 188 83 529 32908 3210 61223 29 29397 155 7608 61212 4185 5759 1316 3668 61206 156 225 83 20167 2984 491 13870 1825 9372 61222 1119 505 35557 1316 145 1311 227 439 61216 148 581 425 13870 19 6407 9372 61222 1119 505 232 2430 1369 1316 528 184 2430 1369 61216
148 3977 61228 61286 104 145 108 91 19 88 1939 61206 3026 844 2069 115 61228 61254 3109 61212 3707 61245 1836 35669 61228 5356 5383 2913 203 49574 2566 43558 55191 30902 42 696 1028 61216
201 61298 369 203 24964 2228 581 203 24964 2984 386 32263 258 1197 32895 258 425 18038 258 425 61228 61260 2963 558 35 2984 29397 258 425 13870 594 1720 61212 4529 1964 61203 2984 113 142 1825 1263 18233 22527 154 61228 61251 2136 28637 1166 1280 1166 61228 61251 2136 28637 201 61298 61221 14302 2687 1263 61219 38984 154 61228 61251 2136 28637 61287 60 61277 1418 3802 529 29 29397 60 61277 1418 3802 529 52 505 36 61217 10683 61228 369 61217 10683 61228 369 61217 10683 42 696 1028 61228 61211 3602 115 61228 61251 2136 28637 61223 1064 9998 115 881 30902 245 61228 61251 2136 28637 1166 61220 143 1136 115 61228 61251 2136 28637 1709
6630 110 7285 2566 24 225 6014 61223 156 806 456 61204 1964 61203 6011 3106 3802 529 278 26952 537 19 225 6014 61216
3116 33680 31644 88 38984 93 61234 61300 1496 61265 61339 115 881 30902 93 61234 61300 248 61265 61339 2373 1157 1157 61223 505 9715 524 61220 127 15126 968 93 61206 61228 61234 61300 61206 61265
148 581 5090 6407 9372 61277 232 6407 2228 581 203 49574 2566 74 273 4404 46 9312 2011 225 12432 7624 380 30 968 61223 28 3730 9372 881 124 1179 653 34633 61223 27370 4116 1064 4116 8 16983 8 16983 8 16983 8 16983 8 16983 8 16983 8 16983 8 16983 8 16983 8 16983 8 16983 8 16983 8 16983 8 16983 1064 7604 61216
1084 61233 75 170 61212 576 156 75 61226 10007 30902 61228 61211 4180 4404 61228 61211 61226 858 61228 881 30902 61228 61233 858 61228 61233 858 61228 61274 8131 156 348 227 968 2566 65 61225 2861 2373 61228 61215 61274 8131 61210 61216
90 471 1804 61301 61906 61223 91 22 1594 6 149 61228 9812 91 22 1594 6 149 61228 61234 2940 61212 4529 149 61228 9812 91 22 1594 6 28 3730 91 9255 30 959 9372 61277 871 5524 968 61223 14405 61207 156 827 61226 827 729 10563 505 188 756 2430 1369 156 696 1028 95 399 278 7334 4529 258 1197 83 273 968 20629 61228 8364 505 188 11685 1316 196 44056 61233 968 10341 45876 61216
148 3977 61228 61251 2136 28637 2373 61228 61251 2136 28637 2373 61228 61251 2136 28637 115 1496 61277 871 278 1197 85 1179 2373 61228 61274 50556 61260 140 11701 1316 348 27126 30 1825 505 348 27126 30 4404 2758 61228 61271 13192 61229 1316 348 27126 30 7604 1316 348 27126 30 7604 61216
770 47456 517 8 47456 517 8 642 60916
335 1219 61223 41254 7164 653 3668 61206 2373 61233 30372 4180 4404 1316 3668 61206 1316 14757 83 844 529 1166 63 28 45014 7624 41502 4180 1825 61223 245 27370 4116 42 4116 28 6805 61277 232 3901 968 46 1851 46 1851 7608 61212 4185 5759 1316 348 227 439 61223 29 29397 91 7561 12 1597 8 47456 517 8 16983 8 16983 8 47456 517 8 16983 8 16983 8 47456 517 1041 529 41421 61216
90 3730 27370 143 27126 30 1825 2984 29397 91 348 27126 30 1597 537 36 203 3802 18848 149 61228 184 2430 1369 61223 115 61228 61251 2136 28637 91 348 27126 30 1597 8 16983 8 16983 28 425 36211 28 6805 61277 455 1825 1263 61277 455 4404 61216
201 25656 127 858 1709 3116 18233 4529 154 1804 93 61229 881 30902 31 6805 61228 61254 61211 4180 1825 61223 1263 5249 4116 154 61228 61264 61245 8980 769 115 61228 61254 2107 9 1211 84 61289 8980 769 115 61228 61246 92 54 19 84 61289 2939 115 61228 61237 92 104 110 61223 115 61228 61237 179 75 1597 61223 115 61228 61251 2136 28637 61223 115 61228 61251 2136 28637 42 858 61228 61251 2136 28637 61223 115 61228 61251 2136 28637 61223 115 61228 61274 374 24 42 858 61228 61254 61289 61298 61311 61223 91 145 2688 4404 61228 61210 47456 517 537 348 36 25088 529 1064 24 47456 517 149 61228 61254 2107 88 3057 517 93 61239 19832 61228 23419 61314 61223 58 19832 61228 23419 61314 769 115 61228 61245 222 61223 115 61228 61229 881 30902 31 2688 61212 2688 1597 529 42 696 1028 93 61239 19832 61228 61245 61312 769 115 61228 61254 61211 3602 2373 61228 61254 61289 61245 8980 769 115 881 30902 245 61228 61254 61289 61298 61223 115 61228 61229 899 61277 170 1597 529 61223 115 61228 61247 61221 3057 517 42 858 61228 61229 881 30902 61223 115 61228 61229 881 30902 31 2688 61212 2881 1041 2373 61228 61254 61216
148 2594 225 145 5 890 156 50772 1316 145 75 529 46982 19615 61233 225 145 12432 156 50772 61223 2984 77 59157 303 5 3668 37575 42 696 1028 61223 10341 2822 83 968 1166 61228 61234 899 61220 85 19 61223 155 61228 61234 899 61220 3055 61220 1369 1316 348 227 968 1166 61228 24 348 27126 30 18848 537 36 4015 968 29 29397 29 29397 91 348 27126 30 1597 537 36 4015 968 537 36 844 75 18848 537 36 844 75 18848 537 5 61277 455 18848 61216
32 61228 61286 104 19 227 2761 505 145 2069 2228 61226 59 127 858 278 844 142 1179 278 844 827 278 844 142 63 61228 61210 47456 517 61282
90 3730 7843 380 9 1825 91 348 27126 30 1597 61228 61210 47456 517 537 348 27126 30 7604 537 348 27126 30 7604 537 348 27126 30 7604 1064 696 29629 61228 5249 12432 61216
770 26676 5126 1597 537 36 1197 12 7604 28 3730 91 9255 8816 2525 537 9255 8816 227 439 537 9715 61277 455 439 61282 417 61210
8379 170 1775 21743 301 155 61228 61274 50556 61260 140 11701 258 205 844 528 968 20629 7608 270 1316 145 528 17337 439 42 696 1028 31 75 20167 1109 581 194 299 439 1064 44938 42 696 29629 15894 24 145 142 2391 537 348 205 959 258 14761 258 127 143 127 143 959 16995 61228 61245 8787 3494 40644 258 127 61277 348 959 2984 845 2069 1263 18233 4175 20 143 14761 258 14761 258 14761 258 14761 258 14761 258 14761 258 14761 258 127 15126 529 1166 61228 61245 8787 3494 12783
32 1234 2653 48380 505 35557 46125 156 696 1028 156 696 1028 15894 24 348 27126 30 1597 8 6805 61277 455 1179 7843 386 15126 968 2566 43558 55191 30902 28 3730 9372 61277 455 2047 789 505 14351 2688 1597 156 43558 55191 30902 1316 14757 1337 2566 39 85 39 85 39 85 39 1369 46 9312 7843 19521 642 968 19615 61228 6730 7894 61228 6730 7894 61228 6730 7894 61216 32 61228 5046 61282 417 61210
32 61228 61217 3207 834 66 2262 55846 858 2636 35 1205 289 61233 15146 278 1197 85 1179 1018 110 515 2636 35 1205 289 61233 15146 20629 61233 348 4529 1316 940 4185 5759 1316 940 1311 227 439 1316 940 1311 227 439 61216
32 61228 61245 8787 3494 40644 258 14761 258 205 860 155 61228 61245 8787 3494 40644 28 45014 42 696 1028 61228 881 30902 28 6805 61277 1418 3802 529 46 9312 28 6805 61277 1418 3802 301 28 6805 61277 232 6407 28 3730 27375 24 348 27126 30 18848 31644 348 27126 30 18848 61223 6011 19521 4175 61228 61210 47456 517 61223 6011 380 14992 61223 6011 380 14992 1964 7561 12 4404 61228 61210 47456 517 1316 196 44056 61233 439 28 45014 7624 41502 4180 1825 28 45014 42 696 1028 61216
4584 5 5249 12432 1316 7590 1129 156 696 29629 31 9386 61221 9386 61221 529 1041 93 9164 61207 61314 61265 93 61206 61228 9164 61207 61314 61265 93 299 581 1197 1119 115 61228 528 61211 3602 61223 1018 45876 2694 1197 83 827 91 348 27126 30 18848 4390 348 27126 30 1597 647
32 61228 61251 2136 28637 1616 19 1205 289 61233 15146 32440 143 2391 5832 418 28 3730 91 14351 2688 1597 61228 61210 47456 517 537 36 1044 28 1229 38984 61228 36645 1041 61216
201 61229 881 30902 245 61233 14757 7906 1316 14757 83 59 11872 28 3730 156 36 273 14757 30902 21023 1775 21743 301 28 3730 245 2653 156 36 61217 10683 156 36 1197 1918 115 61228 2613 61298 2373 61228 2613 61298 93 7052 61332 2373 61228 8337 61335 9360 155 7608 1280 155 7608 1280 505 83 418 2984 581 1044 10341 2822 83 273 968 1064 44938 66 881 22563 19615 61228 1403 61242 11958 61223 25215 9360 18 24964 155 61228 61221 14302 2687 396 155 881 30902 1878 11318 61332 1166 9636 1055 8980 19288 4063 9360 1316 14757 18258 19615 61228 61245 8787 3494 28 3730 115 61228 61245 8787 3494 66 881 30902 115 881 30902 1166 3510 28 3730 115 61228 61245 8787 3494 212 1552 61277 61226 959 115 881 18258 28 3730 115 61228 61245 8787 3494 212 1552 61277 4175 42 696 1028 61216
148 529 7608 1280 91 348 27126 30 1597 537 348 27126 30 7604 1316 348 1136 505 7590 1129 2373 61228 61254 2107 88 1939 61206 61282 61228 13442 928 774 50 1571 19992 110 2373 61228 970 439 2373 61228 970 439 155 61228 61247 61219 225 170 1597 2373 61228 313 225 2440 50 6204 25 1988 93 38964 61265 45 5249 12432 42 696 29629 1109 581 39 2362 93 61208 1841 471 151 8646 61265 1109 581 4015 968 115 61228 1031 928 1652 1571 19992 110 93 61293 11701 61265 1109 581 4015 968 93 61293 11701 647
7060 45319 115 61228 61245 8787 3494 40644 42 696 1028 7186 386 61217 10596 1825 1540 45319 505 232 2430 1369 21023 41502 4180 15146 19615 61228 61245 8787 3494 40644 1316 225 83 418 1316 83 14302 2687 683 61207 1316 225 83 2761 729 1316 225 83 418 61216
208 61228 61254 61216 61234 61216 61234 61216 1166 61228 61246 2705 26176 338 115 61228 61239 19832 61228 23419 61314 3598 2373 61228 61259 1662 61228 61314 61223 46 9312 7843 1775 21743 301 2566 74 61225 2861 2373 61228 61253 2567 3430 61228 61245 3207 834 61223 2984 29397 115 61228 5249 4180 19 7604 61216
90 1782 7164 42 6805 42 5090 83 418 61223 91 348 27126 30 1597 537 36 203 3802 18848 149 61228 61286 10533 4049 172 7452 9372 61222 1119 258 14761 258 14761 258 14761 258 83 418 2984 113 142 83 968 28 3730 9372 61222 11685 28 3730 9372 61277 455 1825 258 14761 258 14761 258 14761 258 14761 258 83 418 61216
34646 22383 7334 9 1825 2984 386 61217 10596 1825 9629 85 39 85 39 301 42 696 1028 10341 581 10121 299 439 2984 29397 31 5090 227 968 1064 5402 42 696 4185 5759 61216 116 386 15126 529 1064 24 348 27126 30 1597 537 348 27126 30 7604 61216
90 205 1044 2607 61227 2798 278 7334 9 4404 4 4059 61220 83 418 2984 581 1044 2984 299 29848 28 3730 2984 845 18274 26142 32440 348 27126 30 1597 516 61224 827 61216 6065 36600 2643 29629 7186 19521 2688 1825 91 30372 4180 1597 537 276 14302 2687 61233 7604 61216
3116 881 142 63 61228 61210 47456 517 27 283 1311 227 439 115 61228 61274 8131 66 4840 44467 439 27370 4116 42 65 61225 2861 2373 61228 61274 8131 61216
90 3730 278 127 22988 418 154 61228 61237 92 146 61223 278 844 142 1179 46 9312 7843 1775 3057 227 6407 61223 7186 4049 15497 61212 1136 505 232 2430 1369 1316 42203 44467 439 61216
84 61211 827 278 7334 2240 653 85 1369 362 44 36159 7604 46 9312 155 61228 6730 7894 2373 61228 6730 7894 10341 529 61233 26952 61223 10341 61226 59 10007 22563 19615 61228 61298 61298 61298 7149 42 696 1028 42 696 1028 15894 24 348 27126 30 1597 61228 36645 1041 61216
6630 110 1205 289 61233 15146 46 9312 10923 36 950 21023 110 1205 289 61233 15146 46 9312 46 9312 155 61228 61293 18805 93 61206 61228 61293 18805 61265 303 14757 83 1464 2373 61228 61293 18805 1166 61228 61274 50556 61260 140 11701 2984 199 61211 113 529 505 65 85 39 2391 156 50772 93 19 47432 2391 39306 52 2906 8335 93 61206 61228 8335 647
5702 61277 563 61223 91 9255 8816 2525 537 9255 8816 227 439 2984 845 2069 115 61228 61245 8787 3494 40644 115 881 30902 362 38095 439 16995 61228 61283 21261 537 348 27126 30 1369 149 61228 61267 1028 661 4517 27375 24 47432 2391 537 145 2069 1021 61206 61228 61221 1939 61206 537 145 439 61216
90 394 1517 11069 90 18805 7186 581 1044 61223 27375 41 5249 41 517 27 5249 1708 529 1166 61228 61274 374 61216
3116 53285 1597 154 61251 15682 154 61228 61251 15682 2373 61228 61298 61205 147 157 20372 1837 61211 576 529 1166 61228 61245 8787 3494 40644 2984 77 59157 115 61228 61245 8787 3494 40644 42 696 1028 61216
90 471 24257 61223 55200 258 14761 258 1197 756 1825 20629 61233 14757 18258 41254 7164 42 313 6 12887 66 881 59961 61223 7186 4049 31 5090 6407 91 225 3977 149 1804 5316 1316 188 756 61211 1369 61223 41254 7164 42 696 1028 7186 2822 11685 61223 41254 7164 7624 199 61211 827 1316 188 301 61216
7006 45876 2984 17273 61207 1109 581 439 1064 10093 2984 77 59157 505 47456 517 1316 7590 1129 1316 10121 299 439 93 19 348 61216 91 47432 2391 91 14351 2688 1597 8 50772 36272 3591 1166 61228 8945 8524 1166 61228 61245 1311 108 85 1369 91 14351 2688 1369 8 594 1496 14405 3591 1166 61228 61245 59 39 751 61265 48380 15497 61212 1136 9372 5249 827 2566 65 85 39 85 39 301 1964 61203 2984 29397 2984 581 7334 113 1825 505 348 27126 30 1825 61216
35240 5249 4180 1825 115 61228 61245 8787 3494 40644 505 232 15926 2758 61228 61245 8787 3494 1804 46 9312 155 7608 1280 115 61228 61251 2136 28637 1316 594 31581 505 19 1205 289 61233 15146 1316 30372 299 860 155 61228 61251 8787 3494 1804 1316 10121 299 439 61216
90 471 61228 27040 61247 91 14351 2688 1597 149 61228 61274 50556 61260 140 11701 172 348 27126 30 1825 91 221 46723 2391 4390 61206 5812 172 348 27126 30 7604 46 9312 7843 710 14302 2687 396 93 5 1219 31 75 20167 1109 581 439 61265 28 425 61228 651 61256 417 61210 61216
32 61228 61254 21 124 2373 61228 61254 21 110 91 348 27126 30 1597 537 5 170 61212 2688 1597 61228 61210 47456 517 149 61228 61274 8131 61228 47410 6942 61216
32 61228 61245 8787 3494 40644 258 14761 258 14761 258 205 10007 22563 19615 61228 61245 8787 3494 40644 258 14761 258 83 418 5249 4180 15146 155 61228 61286 104 19408 155 61228 61286 10533 4049 1316 188 83 968 27375 41 999 3651 2761 258 83 273 968 2566 5 1939 61206 2373 61228 61245 8787 3494 40644 27375 24 348 27126 30 1597 537 348 299 18848 61216 6630 380 4990 6407 9372 881 6014 61228 61215 1825 1263 283 1311 61214 20 1939 61206 61228 61210 47456 517 61216
498 225 858 9372 881 6014 7186 4049 61223 1964 61203 1523 309 42685 1311 1179 278 26952 37791 13896 58859 348 27126 30 1597 37791 13896 58859 348 27126 30 1597 61216
37577 4049 91 88 38984 537 36 203 29777 172 88 6 399 9629 61233 576 9629 61233 576 1064 83 418 61228 83 418 1064 83 418 61228 83 418 2643 61211 959 11587 60 61277 203 26654 2984 3413 289 61233 15146 28 3730 172 88 418 2984 29397 91 9255 61212 4529 537 5 61277 455 18848 28 3730 91 348 227 529 8 642 83 959 1263 7367 2798 61228 7367 170 1597 61228 7367 170 1597 61228 61210 47456 517 191 8149 959 28 3730 91 88 17273 61207 537 594 13870 7604 61216
37577 4049 91 225 170 418 2984 29397 258 9312 258 14761 2984 386 32263 278 127 858 278 127 858 278 147 2881 61214 28 3730 278 23072 1964 61203 2984 386 32263 9372 5249 75 968 19615 61228 61267 3089 61206 61223 2984 199 61211 113 1825 258 9312 258 205 143 9312 258 14761 258 14761 258 205 143 14761 258 12 7604 61216
32 61228 61251 2136 28637 2373 61228 61251 2136 28637 2373 61228 61251 2136 28637 93 61251 1001 33637 61218 3058 4854 769 1064 9998 91 14351 2688 1597 14550 710 59157 15229 1280 505 14351 2982 21023 710 59157 91 14351 2688 1597 537 985 289 61233 7604 61216
101 6407 303 558 14 25076 10341 199 61211 113 7604 46 9312 7843 386 61217 10596 1825 316 7822 15894 6528 5328 61223 1964 61203 6011 3106 3802 1179 278 26952 18 49574 19615 61233 232 2430 1369 20668 418 61216
770 594 13870 4404 537 5 5249 4180 1597 537 348 11172 529 91 594 13870 4404 537 348 27126 30 1369 61223 9372 5249 4180 1825 46 9312 46 9312 28 3730 9372 61222 940 424 10341 529 61222 940 424 28 3730 9372 61222 940 424 1064 1229 38984 28 3730 22383 1197 940 424 537 348 27126 30 1369 537 276 3802 18848 61216 1269 88 418 91 348 27126 30 1597 4390 348 27126 30 1597 4390 348 27126 30 1597 4390 348 27126 30 1597 4390 348 27126 30 1597 4390 348 27126 30 1597 61216
90 1841 471 1263 61277 455 4404 31910 113 30308 1825 1263 61277 455 4404 20 45014 7624 113 36159 301 28 7604 46 9312 7843 113 232 3901 1179 505 83 14302 34262 7485 418 61216
8379 170 61226 59 3210 61223 91 47456 517 8 594 13870 594 1263 7298 4404 61228 61210 47456 517 537 348 27126 30 18848 537 348 27126 30 18848 537 348 27126 30 7604 61223 1964 61203 505 225 348 27126 30 1597 8 16983 8 16983 18 24964 2566 225 145 142 2391 2758 61233 145 528 2391 1316 145 528 18848 1316 348 27126 30 7604 1316 348 27126 30 7604 1316 348 27126 30 7604 61216
32 881 30902 7186 1775 21743 301 155 61228 15616 61314 93 15616 61314 61265 2984 199 827 115 61228 528 13647 1316 348 27126 30 7604 1316 348 27126 30 7604 1316 348 27126 30 7604 61216
3116 61219 38984 154 61228 61283 7149 9372 61225 124 959 9372 61222 4209 1179 2566 36 61273 83 273 1597 61228 61210 47456 517 9629 35 88 4015 61228 61210 225 83 4015 61223 9372 61222 1119 9372 61222 1119 505 348 27126 30 1597 1316 188 83 959 61223 278 143 14761 258 14761 258 1197 12 39 301 28 425 13870 594 1263 159 54640 1964 61203 258 83 38984 61228 61215 576 61216
32 61228 61589 61228 61589 61228 61589 61228 61589 61228 61589 61228 61589 61228 61589 61228 61589 61228 61589 61228 61589 61228 61589 61228 61589 61228 61589 61228 61589 61228 61589 61228 61589 61228 61589 61228 61589 61228 61251 61228 61251 61228 61251 61228 61251 61228 61251 61228 61251 61228 61251 61228 61251 61228 61251 61228 61251 61228 61251 61228 61251 61228 61251 61228 61251 61228 61251 61228 61251 61228 61251 61228 61251 61228 61251 61228 61251 61228 61251 61228 61251 61228 61251 61228 61251 61228 61251 61228 61251 61228 61251 61228 61251 61228 61251 61228 61251 61228 61251 61228 61251 61228 61251 61228 61251 61228 61251 61228 61251 61228 61251 61228 61251
148 3977 61228 61245 8787 3494 40644 2373 61228 61245 8787 3494 40644 5878 145 142 1708 28 3730 5878 225 30 5328 115 61228 61245 8787 3494 40644 1316 348 27126 30 7604 61216
201 61289 3977 61228 61293 48659 91 14351 2688 1597 8 47456 517 537 33 1028 63 258 14761 86 61228 61237 74 1978 511 201 61293 48659 91 14351 2688 1597 537 5 170 29397 8 16983 8 188 83 273 968 537 5 5249 39 301 4778 14351 2688 1597 61287 29 29397 201 61208 3730 91 1361 537 14757 124 299 18848 61223 151 48659 27370 143 1136 91 14757 30902 61287 14405 1205 289 61233 15146 115 61228 61260 24587 2735 537 36 61273 3958 61207 1709
103 36645 115 61228 6730 7894 42 696 1028 61228 61211 170 61212 170 21743 301 61228 61211 170 21743 301 61228 61211 170 21743 301 258 83 2761 968 1166 61228 61245 8787 3494 40644 505 348 27126 30 1597 1316 348 27126 30 1825 505 14351 2688 1597 1316 348 27126 30 7604 38758 6011 9 1825 505 47432 4404 61228 61210 47456 517 156 8087 1316 594 13870 594 1166 2653 1316 594 13870 19 7604 61216
32 881 30902 1021 88 38984 149 61228 24 88 38984 3026 1197 12 1825 2566 4597 61384 61221 14302 5328 1316 7590 1129 1064 6528 5328 61223 2228 581 203 515 48380 91 225 83 418 8 751 61228 61210 7822 28 3730 91 76 61277 7906 4390 88 38984 537 88 61226 59 3210 61216
32 61228 61259 35 515 537 36 425 13870 7604 537 36 203 24964 537 36 1044 32585 1028 15894 858 61228 61212 1028 15894 24 2080 537 36 10007 18258 91 61206 61228 11369 85 563 537 36 203 24964 61216
8379 170 199 61211 113 1825 61223 505 83 2761 729 21023 19521 2362 61223 505 83 2761 729 10923 83 2761 729 1316 38095 439 46125 505 83 2761 729 1316 42203 44467 439 9372 61277 3209 303 60617 7624 199 61211 827 1720 61212 4529 61228 299 14302 2687 789 1263 9672 2391 31910 41502 827 1166 61228 61212 1028 61216
1084 3510 4 4059 61277 232 529 1166 61228 61251 7583 258 205 35 1205 289 61233 15146 505 10515 5 1597 2758 61228 61251 7583 27375 9998 156 225 83 418 156 225 83 418 156 225 83 418 156 225 83 418 156 225 83 418 61216
35240 5249 4180 1825 91 14351 2688 1597 61228 61210 47456 517 149 61228 6730 7894 4 5249 1708 529 37791 13896 46 6805 61277 3209 1263 7298 4404 20 74 2707 61207 61228 61210 23984 4 5249 1708 529 278 71 170 21743 654 258 14761 258 143 27126 30 7604 61216 148 3413 289 61233 15146 61216
34646 505 5 5249 12432 21023 47312 1337 156 225 858 258 9312 258 14761 61223 156 225 2018 858 2984 386 32263 6011 1839 1964 61206 3598 278 147 2881 61214 20215 278 147 1028 647
8379 9998 60 283 75 529 7028 20167 1109 19521 1136 1166 61273 3958 61207 61223 1064 9998 91 14351 2688 1597 61228 61210 298 4015 28 3730 1263 61224 827 31644 145 142 32658 28 3730 1263 61224 827 31644 145 142 32658 537 5 170 2761 968 2566 225 83 2761 729 537 348 27126 30 7604 537 348 27126 30 7604 537 348 27126 30 18848 537 348 27126 30 7604 537 348 27126 30 7604 27375 41 2281 27695 2391 61228 61211 4180 1597 61228 61211 4180 4404 61216
8379 9998 91 61206 61228 61229 56 333 124 5878 88 20167 2984 199 61211 113 1825 91 348 27126 30 1597 537 42203 44467 439 61223 29 29397 155 7608 270 1316 14757 232 17337 439 42 696 1028 42 696 1028 15894 83 14302 2687 396 61223 2636 83 418 1263 283 1311 4404 20 74 76 12432 61228 369 61273 3958 61207 61228 369 61273 3958 61207 61228 369 61273 3958 61207 61228 369 61273 3958 61207 61228 61211 4180 4404 61223 2636 7334 113 1179 9372 61273 21743 301 28 45014 42 696 1028 61216
90 1782 1825 115 61228 61245 8787 3494 40644 2373 61228 61245 8787 3494 644 91 14351 2688 1597 1064 24 1205 289 61233 15146 10341 110 1205 289 61233 15146 19615 61228 61274 50556 61260 140 11701 61228 27040 61247 1064 24 145 1311 227 1369 537 145 1311 227 439 61216
8379 170 581 203 29777 61223 1523 309 2984 845 2069 505 348 4529 21023 299 29848 18 24964 61223 1064 225 2018 858 2984 845 2069 505 348 4529 156 696 1028 57830 1166 61228 61260 844 75 1597 61216
32 61228 61251 2136 28637 2373 61228 61251 2136 28637 115 61228 61251 2136 28637 115 61228 61245 8787 3494 40644 66 881 83 273 17337 439 115 61228 61245 8787 3494 40644 91 14351 2688 1597 529 44153 38984 537 36 4015 968 61216
90 1782 1280 2694 4726 505 9715 7186 199 61211 113 1825 505 9715 7186 199 61211 2362 61236
32 61228 61253 35 515 61228 61251 2136 28637 42 6805 61277 871 1166 22181 505 76 4116 1316 44 36159 7604 1316 44 36159 7604 1166 61228 651 278 147 2881 61214 56299 1166 61228 61208 1219 61265 1166 22181 505 76 4116 1316 44 36159 7604 61216 500 278 147 424 61223 500 41734 278 147 424 61223 1676 11980 61312 278 147 424 155 11980 61309 28 3730 18 24964 61216
34646 17604 34508 115 61228 27040 61247 61228 6859 39 209 1316 3668 61206 505 33540 22990 1316 3668 61206 61223 27370 85 5 471 789 91 348 27126 30 1597 61216
770 61206 61228 11369 85 563 155 61228 8945 8524 172 348 27126 30 1825 91 348 27126 30 1597 149 61228 61245 8787 3494 40644 172 4015 968 91 225 32658 14550 1775 21743 301 155 61228 61245 8787 3494 40644 172 4015 968 61223 2228 581 203 515 2228 581 4015 968 537 36 4015 968 46982 19615 61228 61245 8787 3494 40644 2373 61228 61245 8787 3494 40644 172 88 4015 968 61223 48380 172 88 4015 968 172 88 4015 968 46982 19615 61228 61245 8787 3494 40644 172 88 4015 968 48380 172 88 576 61216
148 2822 751 1166 1804 61350 4 1496 1166 61228 6241 61350 505 348 27126 30 4404 1316 348 27126 30 7604 1316 348 27126 30 7604 1064 24 348 27126 30 1597 537 348 27126 30 1369 537 348 27126 30 7604 61216
1084 61233 225 65 4499 156 225 65 61225 2861 156 225 83 418 156 225 83 418 156 225 83 418 1316 188 83 968 10341 529 5249 39 301 28 1229 38984 61228 61210 47456 517 1316 65 959 61216
32 881 30902 7186 199 61211 113 1825 1263 61221 14302 8340 27 6827 6 12887 93 19 47432 4404 149 61228 61254 3109 3089 61206 2373 61228 61254 6015 56 433 2761 61265 61223 278 127 858 2373 61228 18682 61228 5019 258 1197 301 155 61228 61245 8787 3494 40644 258 1197 83 968 1166 61228 61245 8787 3494 40644 1166 838 258 83 14302 2687 396 258 14761 258 14761 258 14761 258 14761 258 14761 258 203 3802 959 2984 491 31581 1263 61277 22527 154 61228 61245 8787 3494 644
32308 970 9998 90 18805 61223 1021 61206 61228 61251 18805 5878 225 83 20167 2984 845 2069 9372 61222 1119 1263 61219 38984 154 61228 61251 18805 61223 1064 4726 1064 4726 316 7452 278 203 38984 154 61228 6032 61822 3396 2984 845 2069 10341 581 203 24964 19615 61228 61251 18805 61216
32 61228 61254 21 281 155 61228 61589 61228 61237 3243 5878 88 418 115 61228 61239 12 654 93 124 61277 61226 97 529 537 36 439 149 61228 61239 12 654 28 3730 1263 61221 14302 8340 31644 348 5149 537 348 1129 61265 46 9312 155 61228 61254 21 9 88 1939 61206 93 170 113 36159 301 28 3730 91 348 27126 30 1597 149 61228 61589 61212 170 1597 61265 28 3730 91 348 27126 30 1597 537 348 299 439 61216
