201 61229 1041 5249 2391 1064 22380 1280 1041 245 61228 61274 50556 61260 140 11701 2984 19521 113 1825 303 5 3668 37575 1316 14757 83 273 15146 14405 299 17273 968 58859 348 27126 30 1597 91 348 27126 30 1597 91 348 27126 30 1597 537 36 203 49574 2566 858 9636 183 155 61228 61251 2183 21 472 61216
201 61271 24 14757 46936 172 36 301 155 61228 8945 8524 155 61228 6156 4927 950 1316 985 289 61233 15146 2984 29397 505 14757 83 273 19 7604 1316 14757 83 273 7604 1316 14757 83 273 19 7604 46 9312 155 7608 61212 170 418 61223 47179 19615 7608 1280 61223 91 88 418 4390 88 418 1041 4390 88 418 1041 61223 115 881 232 232 3901 2391 61228 61210 232 3901 39 7604 61223 115 61228 61212 170 61212 170 4160 8087 15894 24 88 4160 8087 61223 115 61228 61210 50 142 2391 61223 115 61228 61212 170 710 3802 2391 61228 61210 47456 517 28 6805 61277 88 642 968 61223 2607 170 61212 1136 115 61228 61245 8787 3494 1804 2906 201
90 471 5812 1166 61228 61246 2705 115 61228 5193 1640 17176 60 999 38079 959 303 5 3668 37575 42 50772 2373 61228 5193 1640 17176 692 39 301 253 5249 4180 4404 31 2688 61212 2798 258 1197 2982 529 61216
6065 36600 5249 2069 2984 845 2069 1263 7298 4404 154 61228 2161 110 61216
498 858 2984 491 31581 278 844 4175 1041 36272 227 1179 9372 61273 21743 301 653 34633 1166 61233 188 756 968 1964 61203 10326 61226 3140 9372 61233 576 529 2984 113 85 22980 10341 365 1179 1964 61203 60 283 124 959 1263 18233 4112 61216
201 61254 61211 2069 86 61228 61274 50556 61260 140 11701 46 9312 10923 143 425 18038 258 205 844 528 968 19615 61233 14757 83 227 439 156 594 13870 594 2984 29397 2984 17273 61207 91 348 299 17273 61206 149 61228 61211 61226 113 61226 273 529 31 3591 416 61616 31226 1064 24 88 6 517 798
201 37577 4049 505 170 380 27126 827 303 14757 46936 2913 203 3802 39 301 1166 61233 188 756 968 258 35 88 14302 113 529 1064 8087 1316 1283 950 1316 1283 950 21023 2822 756 968 47179 7110 710 3802 968 58859 50 2391 61216 34646 9670 576 529 505 188 756 968 10341 1729 607 17337 439 6011 9 61227 607 227 439 115 881 30902 278 1197 32895 258 1197 756 968 41254 7164 7624 1845 65 85 1179 10341 380 4990 47129 505 348 4990 1179 46125 505 188 756 968 46125 1316 188 756 968 653 492 7110 3867 45065 61216 201
201 61251 61221 83 418 61223 22383 147 63 396 61223 10341 581 5090 6407 61223 2176 110 2761 1496 61223 1064 9998 505 35557 1316 42203 44467 439 1316 3668 61206 156 222 827 278 35 22 1179 32434 418 9372 61226 386 61226 4116 19615 61233 30372 2391 1709
5702 529 61233 14757 273 1597 1316 3668 61206 2643 61211 2391 15894 24 145 83 273 2391 31 985 27504 15146 1166 5249 4180 15146 537 7561 61204 2984 29397 5878 88 20167 2984 77 59157 45 1219 362 14351 4175 245 61233 14757 83 143 10093 61223 29 29397 15497 61212 1136 1263 61221 14302 581 61207 2984 299 14302 2362 1263 85 39 18848 41254 7164 42 1229 38984 20 45014 7624 491 13870 576 61223 303 61225 7906 66 881 1337 28 3730 505 19 1205 289 61233 15146 61216
1642 14757 46936 42 6197 348 273 4404 5281 61220 127 61277 269 12 1825 505 145 142 2391 1316 145 439 61216
201 61251 88 1825 9372 61273 21743 301 27909 61277 6 399 1166 7608 5249 2391 7186 2822 756 1825 627 61214 55846 858 61282 90 1782 1825 7028 581 11137 2391 7186 2822 2707 58390 1166 7608 5249 2391 21023 2822 756 968 1166 61273 7140 968 61223 1166 61222 4383 258 425 13870 576 28 3730 258 14761 258 614 1283 5 950 61223 4309 2984 5372 19 227 968 2566 225 19 1205 289 61233 15146 537 348 227 439 57830 1166 61233 1283 5 890 66 61277 455 968 798
200 46936 46 871 61233 4345 61207 1964 61203 191 61277 61226 2902 505 30372 4180 4404 1316 221 44467 439 61216
201 61298 61215 5249 4180 4404 154 61233 170 386 18274 3965 2519 61211 26143 18 14302 2687 396 15229 1280 156 871 61233 38095 4404 61223 18760 959 505 36 143 273 529 2984 491 13870 594 115 61228 61219 184 74 85 890 27375 170 2822 940 424 9372 61222 1119 9372 61222 1119 91 47432 4404 149 61228 6730 7894 798
201 61251 471 3379 1166 61228 61251 187 605 154 61228 61251 187 7735 713 23 194 576 529 46125 505 88 576 1316 11008 61228 61251 187 6626 61223 155 7608 5249 2391 10923 36 61273 4383 156 348 576 529 29 29397 1263 61233 576 60 1155 36 950 9372 881 1337 66 881 1337 798
32308 970 9998 91 985 27504 1597 149 61228 61254 61249 61251 61249 2373 61228 61254 61249 61251 61249 18226 33 61211 113 439 61223 278 844 13647 61228 881 83 273 439 37582 881 83 273 439 172 348 27126 30 5328 1064 4116 8 42203 44467 439 154 61228 61219 184 4411 42 696 1028 61216 201
201 61289 2822 756 1597 46 9312 2011 36 61217 4597 2373 61228 61246 39 751 191 311 5524 959 505 188 32895 1316 188 756 1369 9372 61222 11685 61223 7843 41502 827 46 9312 7843 1845 348 227 968 798
32 61228 313 33 4411 4716 2373 61228 61245 8787 3494 40644 8 959 1166 61220 83 515 61216
201 61298 369 203 29777 27370 203 29777 7110 2604 60916 2643 61211 2391 31 20794 2391 1109 19521 1136 19615 61228 313 33 4411 75 1597 2984 299 9737 968 2566 33 61211 4180 4404 29163 61208 3668 37575 692 39 301 28 425 36211 29 29397 1709
201 4309 91 348 27126 30 1597 8 16983 1064 4342 6 61223 316 456 61204 60 1280 1964 61203 3092 61211 113 959 362 22980 61287
201 61251 61218 170 113 142 1825 1263 159 54640 31910 491 31581 245 61233 225 50 94 1597 28 3730 505 940 3824 22 1179 61223 155 7608 270 42 8087 1316 14757 232 17337 439 1709
87 113 1825 303 6639 23081 7624 2822 756 1825 27909 55846 858 1964 61203 2984 113 36159 301 8685 1311 4404 7624 2822 756 1825 19615 61233 188 32895 61282 73 94 1825 303 6639 23081 7624 2822 756 1825 627 61214 55846 858 46 9312 155 61233 225 576 61216
201 3116 5249 4116 1018 920 950 27 61277 61226 1311 529 20629 11980 1263 61233 576 47 83 273 968 20629 61228 61245 8787 3494 644 172 145 9 5328 278 273 985 27504 4404 58 19832 61228 61245 8787 40644 537 940 61211 1369 28 3730 1263 61221 14302 8340 31644 225 1845 30 30 18848 32434 418 61223 5818 515 505 47456 517 156 696 1028 15894 24 225 83 273 576 1316 7590 1129 156 225 83 1845 30 30 968 172 88 418 61216
115 61228 4615 2805 61210 61228 35712 47 17 2867 1318
201 61298 369 143 83 4015 258 29918 61206 46 9312 28 970 61214 61277 61226 4116 316 22568 15894 313 38984 61228 61210 145 83 4015 156 50772 2636 273 4015 2984 29397 303 5 3668 37575 1720 61212 1136 27170 1197 940 20085 968 798
148 7590 1129 91 30372 3602 149 61228 6730 7894 42 696 1028 61216
201 61251 61218 170 529 1166 9636 1166 61228 61246 2705 61223 258 1197 32895 258 14 3802 529 20629 61233 7561 12 4404 1316 14757 124 860 155 61228 61245 8787 3494 1804 3137 12117 61212 1136 1166 61228 8945 8524 1198 3379 61301 278 83 2761 362 44 36159 301 115 61228 61299 203 1219 52 10458 61309 278 147 9 1219 61223 29 29397 91 61206 61228 61234 4683 751 1198 10334 61309 278 147 9 1219 1709
201 148 19521 1136 278 1418 27504 15146 2984 199 61211 113 1825 1263 881 142 63 20 143 14761 258 205 203 29777 58859 14757 83 59 4404 61223 28 3730 8 188 756 968 6011 19521 4175 86 838 61212 1028 61216 201
201 61254 61211 827 303 348 2798 37791 13896 7110 3483 3092 61211 113 529 91 348 5149 61223 29 29397 22383 147 1311 1597 91 348 5149 4309 91 276 25076 5832 418 61287
35240 5249 75 968 2984 19521 1136 19615 61228 2161 110 10341 529 61227 607 227 439 115 132 4774 6 303 19 348 5149 537 19 88 18848 28 3730 303 19 348 5149 537 348 227 529 2566 225 19 950 20629 61233 14757 124 654 362 581 439 9629 369 61273 113 890 31910 19521 1136 115 61228 2161 110 61216
201 61229 61228 1835 81 283 61210 91 110 515 91 1937 6 61223 48380 5878 594 36211 10341 110 1937 515 61223 1064 83 418 61228 399 1166 61220 71 36 6407 2984 113 147 63 396 303 225 1845 25268 537 88 197 3802 968 2566 225 1845 1845 25268 126 1552 24257 10341 386 32263 2984 365 365 113 15146 2566 36947 1280 48286 42 696 1028 61216
201 61234 61233 225 529 1316 3668 61206 156 85 19 85 890 156 94 642 529 46125 505 35557 21023 4990 3965 61228 61210 7285 61223 28 3730 45 1219 245 2653 156 8087 1316 348 11172 529 61223 505 276 3802 18848 61223 10341 845 439 10923 35557 1316 528 83 959 798
201 148 19521 1136 29 29397 505 88 418 1316 7590 1129 2758 61228 61217 2107 221 2345 110 93 9164 61207 61314 61265 1316 44 108 968 14405 3591 1720 61212 170 58390 1263 881 142 63 31644 88 2798 61228 61210 985 418 61223 1018 45876 115 61228 19 276 197 6 559 1709
201 61229 2161 110 58 19832 61228 23419 61314 3598 91 225 32658 73 8787 3494 40644 93 61206 61228 61217 2107 3884 2119 778 61311 769 115 881 30902 245 61228 1835 2001 11 66 881 145 83 576 115 881 83 576 8 50772 66 881 83 576 529 1166 8763 61311 1166 61228 61298 4368 4368 61223 115 61228 61254 380 85 1708 61223 115 61228 8945 8524 798
201 61234 5249 299 301 7838 61207 61223 692 39 301 7843 19521 1136 115 881 30902 362 48998 115 881 30902 362 48998 156 273 594 31581 118 9612 61332 1166 9636 1740 61301 60513 9360 245 61233 14757 83 950 245 61228 61245 8787 3494 1804 3137 1316 225 273 348 227 5328 61216 201
201 61298 32304 85 19 1179 278 35 515 278 35 515 93 61251 5340 61265 5878 276 3802 594 115 881 30902 46 8681 46 2933 9715 31910 845 845 299 1825 61223 1064 9998 156 16983 156 225 348 227 968 41421 61223 28 3730 5878 594 1488 838 10341 7480 959 2984 845 142 968 19615 61233 50 142 2391 2373 61228 3918 61228 18682 61216
201 61229 61228 61215 1939 108 85 1939 61206 505 170 113 142 1825 2643 61211 2391 1109 110 1205 289 61233 15146 32585 61211 2391 15894 74 14757 85 39 301 1109 710 3802 18848 24648 61228 14757 85 4075 75 1597 1109 110 5090 15146 1064 696 1028 24648 61228 61218 10007 30902 46 9312 28 6805 61277 10 1041 529 115 61228 2590 374 983 1028 61339 5878 1197 37 6 505 940 2881 61214 1316 940 2881 61214 61282 6172 91 14351 2688 3591 537 14757 85 4597 529 61282 6172 91 14757 85 4597 3510 4390 19 2525 8 6805 61277 871 29163 61221 14302 2687 789 61339 11727 91 348 27126 30 1825 91 14757 83 273 4404 149 61228 2567 110 85 4597 3510 61339 11727 115 61228 313 33 74 10007 85 4597 3510 61339 15291 91 14757 83 273 19 2391 1316 14757 83 273 19 7604 61339 29 29397 115 881 83 273 19 7604 61339 29 29397 29 29397 303 5 3668 37575 798
4584 5 170 199 61211 113 15146 1863 14405 3591 9629 273 30 1369 1018 1839 1166 61228 65 348 20326 13898 184 2430 1369 1863 28 3730 156 227 4160 529 10341 386 61217 61226 959 20629 61233 188 756 968 20629 61233 14757 22527 1316 14757 18258 28 3730 1263 61220 2798 154 61233 59 273 529 61216
201 61229 868 3668 37575 7624 19521 1136 28 3730 2984 581 147 1311 39 301 19615 7608 1280 505 14757 7906 21023 581 273 348 273 15146 20629 61233 14757 46936 1316 65 14757 46936 1316 14757 30902 19615 61233 232 1028 9000 127 858 93 19 276 418 46 9312 7843 710 197 6 399 61265 1616 188 2707 23676 529 1166 16200 1442 61256 93 2804 61332 9360 115 881 83 4015 3510 93 22 143 2362 15970 61287
34646 2176 104 83 17273 61207 61223 15295 2069 91 1361 1964 61203 1523 309 2984 845 2069 303 5 3668 37575 692 39 301 28 45014 42 696 4185 5759 1166 61233 2018 2018 2018 2018 968 12368 418 61216 201
201 61289 3977 61228 61247 283 83 515 61223 2068 6040 61223 278 1197 32895 154 61228 61245 1896 39 202 61203 61228 61245 1896 39 4 5249 1708 529 1064 858 13520 59 127 858 1064 24 88 6 517 66 61277 6 517 149 61228 61237 41 61219 18435 61216 201
201 61298 480 5249 1825 2566 45014 66 5249 4383 529 22383 170 61212 170 58390 9372 61222 1119 1263 61221 14302 8340 31910 581 1044 61282 4309 60 517 46 8681 537 6033 6033 18848 61223 1166 1280 505 188 756 968 1064 8365 2984 199 61211 113 1179 2566 36947 1280 11854 3089 61206 1709
1803 9312 258 1197 32895 6031 61212 25246 950 28 6805 61277 3209 19615 7608 270 1316 19 184 2430 1369 61216
32 61228 39783 42 19 14757 22563 537 22980 149 61228 61260 184 74 61216
201 61229 881 142 63 7624 299 17273 968 19615 61233 47456 517 1064 858 1804 183 7057 115 881 83 59 301 1166 61233 36 950 258 59 127 858 258 59 127 858 278 59 127 858 2636 59 147 2881 61214 1166 1804 16740 10884 46 9312 10923 143 143 299 439 258 59 127 61217 61226 827 278 127 858 126 1552 61228 5602 46 9312 46 614 21559 1198 258 1197 301 258 1197 301 734 61616 61312 46 9312 10923 143 83 113 950 258 83 199 827 258 59 127 15126 968 1166 1804 43307 9671 93 19 348 199 827 61265 1709
201 10719 348 27126 30 1597 14550 199 61211 827 46 9312 155 7608 5249 3602 1316 14757 232 860 155 7608 61233 65 1157 1316 14757 83 273 19 7604 1316 14757 83 273 19 7604 1316 14757 83 273 15146 1166 61233 14757 83 273 15146 7843 2822 12 1825 505 65 61225 2861 1316 324 4175 1316 324 4175 61223 27375 24 348 85 890 1316 65 85 890 61223 505 222 38598 3802 301 155 7608 270 156 184 2430 1369 156 75 30347 46 845 439 52 28 3730 156 36 203 29777 19615 61233 6033 18848 7624 199 61211 113 3965 115 881 83 273 4175 798
201 61247 492 1166 838 1166 838 1166 838 1166 838 1166 838 2228 581 4015 968 20629 61228 61245 8787 3494 1804 3137 10341 529 303 5 3668 37575 66 881 25694 61223 1166 61277 127 61277 26143 11587 115 61228 2161 110 61214 8 14757 30902 1964 61203 115 881 142 61211 113 529 10341 710 197 3802 860 155 61228 61210 225 940 4185 5759 46 614 950 61223 48380 2228 581 203 24964 10341 710 197 3802 301 155 61228 61239 19832 155 61246 16486 798
201 90 1574 2011 5 3668 37575 42 696 1028 810 8763 61242 1166 61228 8489 1064 59 127 61217 145 19 1708 154 61233 985 3802 968 1316 348 227 439 1316 348 5764 529 9629 273 3977 154 61233 14757 232 61211 2391 61223 115 61228 83 2761 61277 313 4049 82 4209 959 1263 61277 313 4049 154 1041 61277 313 4049 1109 581 194 124 959 4309 1263 61221 14302 113 2391 20 9176 46723 2391 154 1041 61277 61226 2564 2373 61228 2086
201 61289 50772 61223 303 5 3668 37575 42 6805 22181 61223 28 6805 5249 4180 15146 303 5 3668 37575 5878 88 418 692 39 301 7843 19521 113 1825 91 348 4160 4404 149 61228 143 273 2080 516 61221 14302 2687 559 154 61233 14757 83 273 2391 1720 61212 170 58390 2566 225 348 2798 1316 14351 113 7604 46 9312 2011 348 35 348 273 2391 2984 386 61217 10596 1825 2984 386 61217 10596 1825 2566 74 76 61217 273 2391 245 3510 245 3510 595 85 276 3802 529 61339 1021 14757 124 642 61214 156 642 3651 61212 968 4309 15497 2822 83 968 303 5 3668 61207 1316 22980 798
201 61229 446 27504 1597 529 2984 29397 2643 61211 2391 31 594 36211 1064 74 61208 3668 37575 42 374 299 14302 8340 24648 61228 2031 22621 1681 61223 45 1939 61206 61226 227 2761 56026 127 61277 83 4015 258 425 13870 19 7604 46 9312 155 61228 59 127 61277 143 10093 258 10007 22563 258 7334 1136 258 273 273 273 1597 529 692 39 301 155 7608 1280 505 1361 1316 232 61211 3602 1316 14757 83 273 1597 529 1517 11069 7608 3668 37575 212 1782 41 61208 3668 37575 155 61220 83 418 7624 199 36 6407 2984 199 199 424 115 881 1311 113 2391 28 7604 1709
201 61229 25764 245 61228 5193 1640 17176 91 145 374 1179 303 5 3668 37575 1064 74 188 756 7452 258 14 3802 529 115 61228 61245 8787 3494 40644 61339 303 5 3668 37575 692 145 301 45 1219 245 61233 188 32895 1316 348 4160 529 1166 61233 188 756 968 61223 505 188 756 968 61228 61215 10007 22563 61223 1263 881 22563 31644 36 10007 22563 1558 74 127 61217 61226 959 521 225 9715 1109 710 3802 959 521 225 9715 116 110 3591 1166 3395 47591 318 61468 155 7608 5249 4180 1825 505 188 756 968 1316 7561 12 1597 1316 7561 12 7604 61468 521 225 9715 24648 61228 61245 8787 3494 40644 61468 798
201 10719 348 27126 30 1597 149 61228 2161 110 46 4169 9 4404 61228 2940 9 4404 61228 2940 9 4404 61228 61221 3057 517 61228 819 9 4404 8 348 27126 827 27375 24 348 27126 30 1597 537 19 10121 299 439 61216 770 348 1311 61214 149 61228 2161 110 1041 504 132 61221 529 1064 24 348 85 65 517 2373 61228 61271 276 67 12368 418 303 348 27126 30 1597 529 93 61246 769 278 127 858 93 61247 61265 46 9312 155 61228 999 203 4049 93 61239 28145
201 61298 2940 756 1597 258 29918 61206 46 9312 28 45014 156 696 61211 4180 4404 156 940 1311 594 1263 31528 20 6805 61277 455 1825 1263 61277 455 4404 1631 61224 576 61216
498 36256 505 145 75 18848 1316 145 75 529 155 61228 61218 8413 317 155 61228 61245 8787 3494 1804 2906
201 61229 40 15926 212 1782 61233 6407 2984 845 299 2362 19615 61228 61217 2107 8006 110 2373 61228 61239 19832 46 9312 155 61228 61217 2107 8006 110 42 858 61228 8945 8524 14405 418 2984 29397 258 147 1311 860 155 61228 61239 19832 61228 5356 194 1288 110 1316 6639 9240 439 46982 2566 74 127 756 950 1316 139 7604 798
7186 110 3591 37791 22563 19615 61228 83 4160 43558 54576 537 985 6 15894 1524
201 61298 480 61273 3057 654 2984 29397 60 2262 61273 3057 654 505 170 199 751 16 14757 46936 2228 581 203 24964 2607 170 299 20167 2984 845 2069 505 529 10341 491 13870 1179 46 9312 1709
201 61289 845 142 227 439 61223 6011 1839 1964 88 38984 149 7367 170 2761 7624 2822 756 1825 1166 22181 2633 8807 959 31952 49574 2566 74 225 1845 25268 278 59 147 1028 278 844 142 63 61216
1642 14757 46936 7624 3867 827 505 88 576 27375 170 386 61217 61226 827 19615 9636 651 183 258 425 18038 28 425 61233 12432 156 8087 156 8087 156 225 14757 83 273 1179 45 694 61204 4378 88 18848 61216 4584 5 5249 2391 156 33 61211 2391 21023 2822 756 968 19615 61228 24 88 576 91 14351 170 1597 529 91 225 83 2761 529 10341 1845 83 2761 968 10341 110 88 1594 3802 968 1166 61228 61246 39 751 653 492 19615 7608 5249 2391 21023 199 61211 2391 21023 199 61211 113 1825 61216
201 10719 348 27126 30 1597 799 30 43659 172 188 301 126 3901 14757 83 59 301 2758 61228 61245 8787 3494 1804 3137 1166 42492 968 115 61228 24 14351 827 537 14351 4175 61223 115 61228 61217 1699 642 301 28 3730 91 19 1371 61214 61228 61210 232 19 529 61223 9629 959 60 61277 143 959 10341 110 1937 515 61216 201
148 61226 59 3210 278 10007 30902 27 5249 75 18848 24648 61228 2161 110 4716 7624 710 14302 2362 115 61228 313 33 4411 75 1597 66 61228 61225 276 14585 439 42 147 1311 227 1825 438 41 1939 61206 42 13289 30902 61216
201 10719 50 1179 6011 1839 1964 221 29257 149 7367 7590 439 7624 2822 756 1825 1166 55846 858 10341 380 205 950 2566 74 61225 2861 42 6805 61277 170 58390 19615 61233 188 756 968 61282 128 32263 505 88 38984 537 14351 1699 890 537 7561 12 1597 529 1064 74 9623 844 18848 31910 710 59157 505 188 756 968 46 9312 155 7608 270 1316 188 756 968 1316 188 756 7604 61223 1064 170 2822 756 1825 10341 845 439 1064 74 1929 283 18848 1709
201 61289 50772 2984 845 845 968 19615 61228 61212 1311 299 124 517 28 3730 42 313 6 61277 113 1597 715 61212 1136 45 1219 362 1283 950 245 7608 270 21023 710 6 12887 61223 9372 418 5249 26142 61223 1263 61221 418 46 9312 155 61228 61251 5340 61228 3394 10519 5938 1166 61228 6730 7894 1709
201 29648 61226 380 9 1825 303 5 3668 37575 653 9623 844 18848 47 756 61211 1369 61223 504 61220 10121 2362 91 348 5149 4390 47432 4404 61223 29 29397 60 61273 21743 301 653 34633 28 1229 38984 692 39 301 7843 710 3802 1369 2566 74 61208 3668 37575 42 8087 46 9312 7843 845 75 968 19615 61228 2161 110 110 4716 61223 156 225 83 2761 729 156 45014 42 75 20167 61216
201 61229 1041 61277 3018 5135 42 232 348 4529 1316 14351 4175 61223 1316 225 14351 1136 245 2653 91 76 61217 348 642 2047 1166 2653 9372 5249 1179 9372 881 30902 46 9312 7843 491 13870 15146 2566 313 3666 1311 39 301 1166 61233 348 950 245 61245 8787 3494 40644 798
201 15581 225 529 46125 505 188 3055 61223 10341 529 61233 36 61217 950 1316 1283 950 61223 1316 348 4160 529 1064 2688 61212 2798 212 1280 61223 1064 374 19521 4175 19615 7608 2688 61212 2798 1316 348 4160 529 1316 348 4160 529 1166 61246 39 751 61223 115 61228 61239 8094 642 61223 115 61228 6156 4927 950 61223 115 61228 61293 6248 61223 115 61228 8945 8524 61223 115 61228 11369 85 563 61223 115 61228 5348 61298 61216
201 29648 61226 491 2984 380 9 1825 91 348 27126 30 1597 537 19 29627 7604 1021 348 27126 30 1597 61223 1007 143 1179 2984 29397 278 9312 1263 61233 19401 60 2262 61277 1311 594 91 348 27126 30 18848 61216 201
201 22502 14761 258 71 827 46 9312 155 7608 5249 3602 1316 14757 232 860 155 1041 61277 22527 5281 61277 819 61214 1316 14757 232 3901 968 1166 61233 14757 30902 1316 14757 30902 156 2018 14757 30902 1316 14757 30902 61216
201 61271 24 14757 273 2391 1855 2643 29629 24648 61228 61217 2107 3884 2119 61223 316 74 1369 362 188 4383 529 115 61228 61239 19832 61223 72 16486 46 9312 155 7608 1280 505 30372 299 301 1316 196 607 17337 439 1709
35240 5249 1825 505 14757 83 59 4404 1316 298 273 529 46 614 59 439 27170 35 1205 289 61233 15146 115 61228 1467 61217 37 59 860 93 6286 61228 94 1939 5 7066 950 647
201 61298 1045 3668 61206 245 61233 225 145 142 2391 1316 188 301 156 10121 4180 33815 66 61228 61246 39 751 61282 90 1574 303 5 3668 37575 66 517 61233 348 273 529 1064 143 83 273 19 7604 23090 8763 61332 61223 115 61228 6730 7894 7624 19521 299 439 19615 61233 143 299 439 115 18140 61249 61350 29 29397 529 10341 529 5249 607 17337 439 115 881 142 2391 61228 61210 232 15926 61228 61210 232 61211 2391 61228 61210 232 15926 1720 61212 4175 1109 710 24964 47179 19615 7608 1280 115 61228 61210 232 15926 61228 61210 232 15926 61265 115 881 1337 1166 8763 61332 321 61287
201 61229 881 273 23676 529 1064 2688 1219 362 1283 950 245 61245 8787 3494 40644 258 1197 12 950 155 61228 61245 8787 3494 40644 258 1197 756 950 86 881 232 959 14149 8372 28 3730 6011 227 26143 653 76 4116 154 61228 528 19574 61214 93 61206 7909 647 61287
201 10719 47432 2391 91 47432 2391 26808 1219 258 425 13870 594 2984 199 61211 827 278 7334 85 39 301 9629 85 39 301 14405 3591 1166 61228 11369 85 563 93 369 170 380 27126 827 2984 581 203 515 992 59961 1753 61221 14302 8340 29 29397 191 12917 959 258 83 4160 1708 37791 13896 2566 74 61222 4383 4309 1263 85 1369 61223 278 7334 85 39 301 2228 113 85 642 968 647 61287
201 61251 11507 10093 115 61228 61245 8787 3494 40644 12613 61247 46 9312 155 61228 61274 50556 61260 140 11701 595 581 594 91 348 27126 30 1597 537 14351 1136 149 61228 313 33 4411 75 1597 154 61228 61219 14757 723 61214 2984 113 581 2362 2984 19521 113 2362 19615 61228 61245 8787 3494 40644 46982 2566 143 14761 61216
201 10719 14351 2688 4404 149 61228 61245 8787 3494 40644 61282 32 881 30902 245 61228 61245 8787 3494 40644 61282 32 881 30902 245 61228 61245 8787 3494 61282 115 61228 61245 8787 3494 644 61282 115 61228 61245 8787 3494 644 61282 115 61228 61245 8787 3494 644 61282 32 881 30902 245 61228 61245 8787 3494 644 61282 115 61228 61245 8787 3494 40644 61282 32 881 30902 31 6805 61277 170 1597 529 115 61228 61245 8787 3494 40644 61282 32 61228 61245 8787 3494 40644 61282 32 61228 61245 8787 3494 40644 61282 32 881 30902 31 6805 61277 170 1597 529 115 61228 61245 8787 3494 40644 61282
201 61229 881 124 654 537 14757 124 439 537 14757 124 439 537 14757 124 439 653 14757 30902 1166 61233 14757 83 273 968 9629 40 40 1369 258 1197 756 1369 28 425 13870 7604 61223 1064 9998 15497 61212 170 61212 2362 303 14757 30902 7624 2822 756 968 61223 505 14757 30902 21023 710 197 3802 301 10923 36 950 61223 155 7608 270 653 14757 46936 653 1929 283 18848 7624 491 13870 1179 61216 90 5193 1640 17176 2984 29397 2984 491 31581 278 10121 2391 31910 2822 756 1825 627 61214 55846 858 29 29397 7843 491 31581 505 35557 21023 2822 756 1825 1316 65 61222 11685 1316 225 170 491 31581 9372 61273 21743 301 28 45014 7624 1775 21743 301 28 45014 7624 2822 756 1825 1709
116 41 9672 61203 2653 154 61228 61246 9672 61203 2653 31 642 642 968 10341 386 61217 348 1179 115 881 83 273 1708 258 425 61233 576 154 61228 61245 30 188 1335 61216
201 61251 471 22934 810 8763 2589 278 127 858 278 127 858 172 184 63 154 881 83 273 439 154 61293 6248 524 61277 8816 227 594 115 881 30902 7186 199 61211 113 15146 19615 61228 2161 110 14405 299 18848 31 9386 61227 2798 66 881 22563 19615 61228 61293 6248 798
201 61229 61213 61211 2798 2373 61228 61299 20372 15497 61212 304 529 61223 27375 41 45876 1263 41004 2798 154 61251 61267 61234 27909 8807 959 42 5090 8365 46982 19615 61228 61239 94 61209 5868 40826 155 2068 56475 20404 5105 798
201 61298 61221 845 2069 115 61228 1031 230 61223 258 85 4597 1964 1205 289 61233 594 115 61228 61218 1369 245 3510 303 5 3668 37575 42 1699 38079 39 529 1064 143 7334 61226 6286 86 61228 11369 85 890 1064 6286 61228 11369 85 890 60 61228 61299 1369 26176 798
90 471 40644 1166 61314 576 529 19615 1041 61277 576 529 31 2688 61212 2982 31 6805 909 968 19615 1041 61277 456 61204 1166 61228 3396 417 258 1197 32895 20629 61233 188 756 529 61223 1064 4726 1166 1041 529 18140 283 529 156 225 529 505 5 5249 4180 4404 156 75 61226 10007 22563 19615 61233 225 529 156 75 61226 1119 61223 29 29397 1166 1804 6542 505 188 756 61211 1369 1198 505 36 184 2430 1369 1316 348 227 968 1166 7909 3396 278 127 61217 950 46 9312 10923 143 27126 30 968 61216
201 61229 61277 127 273 26143 2984 29397 27909 61233 26676 18274 968 2566 225 50 2391 1316 22980 2758 61228 37616 1955 2456 40861 4309 505 170 61212 642 968 2566 8087 1316 225 170 3867 46936 42685 4160 1825 303 5 3668 37575 512 12 7604 93 59 10007 1129 529 2373 1804 647 61287
201 10719 65 5249 163 6 537 36 425 18038 3510 149 61228 2308 21 374 104 4095 425 61223 91 47432 2391 504 61220 83 418 9372 61277 20440 10341 710 3802 39 6407 10341 491 31581 1263 31528 31910 42982 1825 537 36 48022 1166 61228 61274 61251 61289 61228 61260 5077 976 425 140 61251 61289 362 232 439 61216 1111 1280 2373 61233 14757 83 273 4404 4390 7561 12 1597 61228 61210 7561 12 1597 504 61220 227 968 537 14757 6014 61228 881 6014 149 61228 2161 110 392 798
201 61298 369 203 29777 46 6805 5249 75 968 505 221 5 890 1316 4345 44300 7604 9372 43212 1825 1263 367 25268 1018 110 515 28 3730 1263 61221 17273 61206 154 61228 2161 110 2566 225 65 18848 156 184 2430 1369 156 184 2430 1369 156 696 1028 61223 9629 959 6011 642 642 61206 529 28 3730 2228 710 2761 9372 418 61273 7140 968 1964 88 418 15894 24 88 38984 1964 88 38984 61223 1166 42492 968 505 14757 46936 156 696 61211 2391 1316 36 143 4160 529 93 881 30902 61223 9372 881 142 23676 12 1825 61223 2643 61211 2391 155 7608 1280 61265 155 7608 1280 798
201 61234 61221 19521 1136 278 1197 1939 61206 258 614 950 1316 221 46936 2984 24569 505 14757 273 2391 537 276 2761 28 6805 61277 6 2940 227 439 10341 61226 4597 19615 61228 61245 8787 3494 40644 4309 156 940 61211 871 798
201 61289 529 61228 8945 8524 46 8681 155 5249 2391 4309 258 425 13870 1708 154 61233 188 35 1708 4 61277 1418 3802 529 2984 380 227 1179 258 425 18038 258 205 203 29777 61223 28 3730 4309 1263 4919 4015 258 83 2761 529 258 83 12030 1708 10341 581 203 3802 39 8365 47179 7110 710 3802 1825 258 83 124 143 83 4015 61228 61208 2982 61228 61208 2982 61216
72 16486 61228 23419 61314 2519 61211 113 594 1166 61228 143 14761 14405 3591 2566 36 756 950 1316 139 7604 20629 61228 61215 61208 890 2228 124 10007 22563 1863 115 61228 123 61224 4890 61216
148 529 61228 61286 10533 4049 692 39 301 28 2688 61212 2798 154 61228 61245 8787 3494 40644 1166 61233 348 273 968 20629 50463 34 1335 653 34633 7110 845 75 968 61216
201 61229 868 3668 37575 2373 61233 14757 232 10007 273 2391 1316 188 301 156 188 2707 23676 529 57830 1166 16200 1442 61256 93 2804 61332 9360 14405 3591 2566 225 232 1028 56164 11549 61301 245 3510 115 61228 61245 61289 61260 61432 1709
201 61298 61221 8681 2228 581 4015 968 61223 156 890 303 14757 46936 42 374 1839 258 83 1839 258 1197 83 959 61223 5818 515 15497 61212 1136 91 9255 8816 2525 14550 29397 1166 7608 1280 115 881 83 273 19 439 115 881 232 10007 232 439 66 881 113 439 42 5090 439 61216 201
201 61239 88 61226 59 3210 5878 5 59 273 8816 2525 537 19 39 39 860 2984 29397 2984 29397 6011 19521 4175 1964 276 6 281 1021 61206 61228 313 33 74 47921 9221 311 789 303 5 3668 37575 537 7561 860 2984 845 845 968 19615 61233 374 10044 2687 396 19615 61233 232 2430 113 2391 21023 380 20809 61223 29 29397 2984 42982 11137 968 58859 348 273 19 2391 149 61228 83 14302 2687 396 438 301 28 3836 36 19 418 149 61228 61211 20167 56026 3210 1709
201 61298 61215 61224 6 61224 6 61224 6 61224 4049 1316 36 203 289 61233 968 1316 65 4840 968 1316 65 4840 968 61223 10341 110 299 1179 115 61228 61215 1752 175 282 61228 7 366 8087 61228 18469 9970 61210 61287 93 13192 61245 28145
201 61298 61215 61277 455 4404 27 61277 1418 3802 529 46 6805 26088 1825 17604 425 54640 61223 505 88 38984 1316 6935 83 959 1316 528 83 1369 1316 528 83 1369 61223 29 29397 505 529 1316 36 203 24964 156 594 31581 46 2594 7561 12 1597 10341 710 197 3802 860 28 10193 258 1197 4383 529 798
201 61289 581 30 39 959 91 940 1028 245 61233 225 145 61214 156 871 61233 14757 83 143 10093 8831 24326 2335 8422 61325 9360 12117 8681 46 8681 46 8681 8 806 36 39 301 28 3730 1263 61277 455 4404 31910 581 61207 1041 529 61216 201
201 61229 35557 2758 5249 2391 7485 529 93 299 24569 303 60617 7624 41502 2069 19615 61228 313 33 74 47921 61265 56026 3210 1616 348 227 529 61223 29 29397 8 594 13870 19 51234 9372 61220 88 515 10341 110 1937 515 505 35557 12368 418 505 232 29974 156 940 25246 844 968 1614 1136 66 881 113 959 798
201 61229 61228 61254 1897 56 6982 135 56 135 282 2228 19521 1311 439 1166 61246 39 85 39 301 46 1851 61228 6679 4006 135 282 798
201 35917 492 46 6805 61277 124 61277 2362 31 75 75 983 1028 7186 2822 756 1825 692 39 301 2566 74 188 756 424 1720 61212 4529 653 34633 19615 61228 61221 9290 61212 4175 20629 61228 61221 3372 61212 4175 20629 61228 61215 14351 113 5126 1597 537 348 299 18848 61223 1263 18233 4175 60 61228 61237 37 83 2761 2984 77 59157 201 369 203 3802 15146 46 9312 46 9312 653 9623 844 18848 52 504 61220 143 1136 303 14757 46936 1316 65 14757 46936 1316 348 85 19 7604 41254 7164 7624 3867 827 19615 61228 61245 1896 39 75 4175 798
201 61239 3372 515 91 9255 30 1597 537 19 225 6014 61223 191 446 456 61204 1964 61203 60 1155 23984 91 348 2798 61287
34646 1064 4726 2984 19521 4175 15894 6528 5328 1109 19521 4175 93 1280 1157 61300 369 5328 4776 595 30308 15146 93 1280 1157 61300 369 5328 4776 4309 7912 1280 1157 61223 91 418 45 1219 61287
201 61298 61221 199 61211 113 15146 19615 61228 61205 632 37 9629 25972 1708 28 3730 653 34633 27370 4116 8 16983 1263 31528 2228 581 203 24964 2607 59 268 607 17337 439 4309 91 1361 6441 170 365 65 1825 1964 61203 1166 61220 12304 61204 9372 61222 1119 303 348 5149 798
148 581 1197 12 959 2984 199 61211 113 1825 245 61233 225 225 12432 156 871 61233 14757 83 143 3901 1708 1316 83 14302 2687 683 61207 24648 61228 61274 61251 61289 16995 61228 5348 61251 61289 1316 594 13870 19 7604 61216
201 61251 1574 1686 1166 61246 9623 844 968 278 273 273 529 278 1197 61214 278 147 2881 1041 4 968 61277 576 529 28 3730 316 594 505 36 61217 10683 156 696 1028 61223 1166 42492 968 1166 5812 61311 505 188 756 968 1316 348 4160 1597 529 13627 299 18848 15894 24 188 756 61211 1369 61223 155 61228 8364 40 2430 1369 1316 594 13870 15146 28 45014 42 696 1028 1709
201 25656 127 61277 143 10093 122 227 61212 4175 31910 2822 756 968 46 9312 155 61228 313 33 4411 75 294 42 374 299 4015 154 61228 61289 61212 4175 37582 61218 2982 154 61228 61274 61283 61260 93 20071 61283 61260 140 11701 769 258 143 61212 3965 1007 61212 3965 1166 61228 61225 348 85 39 301 2373 61228 2161 110 3770 4378 940 1028 66 61228 61222 940 1028 61223 4 61277 871 2984 299 3057 654 1166 61233 14757 83 143 85 39 301 1166 61233 14757 83 4015 1316 14757 83 59 184 2430 1369 7624 2822 756 113 7604 61216 201
1064 145 46936 91 47456 517
201 61267 1369 91 940 2881 1041 61223 41254 7164 42 6805 5249 75 968 9372 5249 75 968 9629 273 19 18848 1018 3668 61206 537 88 38984 537 88 38984 3026 1197 83 968 2566 225 232 2430 1369 1316 65 11872 61223 29 29397 303 14757 46936 156 642 3651 61212 968 4309 1263 5249 2069 8 16983 1064 143 614 21559 798
201 61289 104 1280 505 232 15926 7186 4049 27370 4116 42 36 5090 6407 61223 28 3730 22383 203 3802 439 1964 61203 302 7607 2362 505 50 2391 36309 283 18848 10341 581 1044 7843 581 1044 1709
201 10719 5 5249 12432 61282 86 2129 61228 61217 2107 221 3005 110 118 93 61214 61228 61217 2107 3884 56 333 42 696 1028 61223 115 61228 61217 2107 3884 110 42 696 14761 61265 115 61228 61254 61289 61245 8980 769 115 61228 61217 2107 3884 2119 61223 115 61228 61217 2107 3884 110 61223 115 61228 61217 2107 3884 110 66 881 30902 3443 756 950 115 61228 61260 276 146 22730 110 84 61289 61298 2898 115 61228 61217 2107 3884 110 2373 61228 61274 411 37 110 84 61289 61298 3137 115 61228 61239 19832 61228 23419 61314 61223 115 61228 23419 61314 61223 115 61228 61217 2107 8699 110 1316 940 61211 2362 20629 61228 61217 2107 221 756 950 115 61228 61237 181 2004 61217 158 19 84 61289 2953 115 61228 61247 125 23419 61314 61223 115 61228 61247 125 23419 61314 61223 115 61228 61247 125 23419 61314 61265
201 29648 61226 386 61217 968 303 5 3668 37575 5878 14351 1136 46 871 61233 225 10515 61203 2653 1316 145 439 61223 505 5 61277 143 2391 156 30372 4180 15146 1517 11069 61228 6730 577 223 537 36 10007 59961 1166 61222 4383 529 303 5 61212 1136 537 36 4015 968 28 3730 1064 24 1361 14550 710 55604 968 28 425 13870 19 7604 28 425 13870 15146 28 4116 4778 14351 756 424 537 14351 756 61211 1369 149 61228 528 19574 61214 61216
32 61228 5193 1640 17176 60 5249 6033 12 594 1064 41 61277 143 2391 880 46 2594 88 38984 61282
29 29397 2984 19521 1136 505 14757 83 59 4404 1316 44 36159 7604 4309 115 61228 940 1028 537 67 63 838 2228 61226 59 3210
35240 61273 21743 301 1064 28664 1064 41 30347 1064 24 221 124 517 28 3730 91 9255 8816 227 439 61339
201 8379 170 581 127 127 968 10341 386 61217 61226 959 2984 29397 1263 7367 2798 27 1929 283 529 1064 143 205 844 528 968 4309 32908 299 124 17337 439 258 83 1594 6 2566 36 61273 83 4015 2566 36 61273 170 1597 42 184 2430 1369 15497 61212 170 58390 2984 581 5090 6407 2984 29397 278 143 14761 258 127 607 61203 10341 380 273 88 4160 529 19615 61228 61245 8787 3494 1804 3137 505 2018 222 1179 2566 88 9290 61212 890 154 881 83 4015 798
201 29 29397 122 9016 2644 22046 2984 29397 2984 386 32263 115 881 83 273 439 37582 881 22563 7843 386 32263 1263 61221 14302 8340 1166 61233 36256 115 61228 61245 30 188 605 1496 61223 1064 143 5328 1166 61220 108 36 6407 1166 61233 36256 278 143 425 517 154 61228 61245 30 188 1335 2984 491 31581 278 273 576 154 61228 61245 30 881 371 12 2982 2984 386 143 1825 278 273 348 273 2391 154 61233 145 83 4015 1109 110 83 4015 529 1064 45014 7624 710 14302 2687 396 19615 61228 881 83 4015 61216 201
201 61314 2362 91 348 27126 30 1597 537 5 32306 13708 529 149 61228 313 33 4411 4716 91 1205 289 61233 15146 2984 110 1205 289 61233 15146 19615 7608 2688 61212 2798 1316 22980 1166 61233 940 2881 1041 1316 940 2881 1041 529 1064 7604 798
201 61229 881 30902 245 61233 14757 30902 245 61228 61245 8787 3494 40644 46 9312 10923 14757 30902 156 184 827 258 14761 258 14761 258 1197 301 155 5249 2391 31 20794 2391 362 14757 365 439 28 3730 115 61228 135 9539 156 225 14757 22527 61223 27375 24 348 227 2391 61228 61210 232 63 61228 61210 232 63 61223 115 61228 61213 380 85 145 62 418 61223 115 61228 61219 17253 2417 61223 115 61228 61212 723 1594 171 61223 115 61228 61210 232 15926 21023 1775 61226 827 155 61228 281 61220 2798 61216
201 61233 7590 1129 2643 29629 24648 61228 61217 2107 8006 110 4892 135 35 93 9164 61207 61314 3080 91 44 108 968 91 3591 61228 10 1939 61206 61223 1018 45876 91 61206 61384 19 276 197 6 1041 798
201 61247 5249 696 1028 15894 74 940 1028 156 940 61211 113 529 10341 110 29627 7604 61223 29 29397 316 19 227 2391 15894 74 10007 50 19 439 504 61277 3802 529 798
201 61229 881 30902 245 61233 14757 30902 245 61228 61245 8787 3494 1804 3137 245 2653 46 8681 46 8681 28 3730 115 881 30902 7186 710 2761 729 1316 33540 959 61223 12117 61212 4175 1166 61233 225 36 6407 1166 61233 225 76 273 19 959 1166 1041 529 1166 1041 61277 6 517 7186 710 59157 93 7052 61332 1166 61228 8337 61332 1166 61228 8337 2980 23288 61350 769 155 61233 225 2018 61207 505 76 10007 273 19 959 47179 7110 710 55604 968 19615 1804 19069 2980 25215 61350 61265 1511 61226 10007 22563 19615 61233 225 348 273 4597 3510 1878 11318 61332 19615 9636 1740 2086 6751 61350 647 61575
201 148 19521 1136 505 7590 1129 2373 61228 61217 2107 221 81 110 2373 61228 61217 2107 221 81 110 42 696 1028 61282 2984 61212 170 515 115 61228 61245 21 713 8699 110 31 3591 115 61228 61210 14757 30902 61228 61210 940 1000 61228 61210 298 4015 968 27375 61228 61247 61219 14757 4404 61228 17199 25 1988 93 38964 769 155 7608 1280 2643 61211 2391 61228 61211 2391 61228 61211 2391 61228 61211 20794 2391 2373 61228 2161 110 93 19 348 61216 151 8646 9629 61221 227 2761 769 1109 4015 968 27375 24 88 418 115 61228 61293 11701 61287
32 61228 21860 61298 2519 61211 113 594 278 1699 7452 66 61228 61211 6962 114 692 692 39 301 28 44938 7624 24569 1263 5249 2069 16995 61228 61245 8787 3494 1804 2906
90 471 61228 61246 2705 26176 115 61228 1752 175 425 2373 61228 2161 110 2373 61228 61239 19832 61228 23419 61314 3598 31 298 273 968 27375 806 456 61204 7186 110 1205 289 61233 15146 61216
201 61271 4049 2566 47111 968 38758 91 145 83 273 968 1263 53285 1597 1018 18233 3911 22383 7334 9 5328 2984 113 36159 301 258 14761 258 425 13870 30 1369 61223 9372 61225 62 515 28 3730 6011 227 959 2566 88 4160 1939 61206 798
201 61289 2822 12 959 46 8681 46 42982 11137 959 2984 29397 505 5 5249 2391 7485 418 21023 1845 221 124 3965 156 225 83 6 61221 968 61223 10341 845 439 4309 505 14757 1337 47363 203 29777 2566 24 276 17273 61207 1709
201 61298 61221 8681 172 88 418 60967 537 3132 607 17337 439 9372 5249 75 968 19615 61233 30372 2069 2984 19521 1136 1166 61228 2161 110 28 3730 278 844 528 1708 61223 28 3730 278 127 858 156 348 227 968 1064 11507 1311 4404 7624 845 845 299 1825 798
32 61228 61274 61251 61289 2373 61228 61283 61251 61228 61283 1369 66 61228 61260 4772 61271 1423 61229 529 8 16983 1064 227 1369 2373 61228 61218 638 47 756 860 61216
201 61298 61215 61221 14302 4175 20 6805 61277 170 23676 968 46 9312 2188 273 5 61277 143 2391 2636 194 576 529 61223 29 29397 2984 845 142 83 827 1263 881 22563 1980 83 418 61223 1166 61233 528 142 273 529 156 10121 83 959 61216 201
2200 61212 2240 31 75 85 890 46 9312 28 45014 42 696 1028 31 75 20167 24648 61228 61299 9 84 163 18435 1166 5249 4180 4404 31 20794 2391 46 9312 7843 845 845 299 1825 10341 2822 299 1179 537 88 38984 1064 24 88 38984
201 61239 5697 2643 61211 2069 1166 22181 1166 61228 61274 50556 61260 140 11701 2984 845 2069 45 1219 245 7608 5 14757 46936 7624 41502 113 2362 1263 61221 14302 8340 31644 88 4160 18848 46 9312 10923 36 950 156 36 950 93 19 145 9998 682 52 54947 61287
201 61289 170 386 15126 1179 61223 2984 845 845 2362 10341 110 1937 515 19615 7608 61212 4185 5759 2373 61228 61245 8787 3494 40644 42 19 348 27126 30 1597 14550 386 32263 537 19 29627 7604 1021 19 145 83 2798 4390 594 13870 4404 516 881 85 39 301 31644 276 14302 8340 7838 61226 819 61214 31 45014 7624 41502 4180 1825 61216 201
201 61264 2907 1280 303 51052 2798 1316 30372 26143 1166 881 22563 61223 2607 61227 2798 2607 61227 2798 2566 5090 227 529 27375 9998 90 18805 14995 61216 201
201 61298 480 61227 44056 61233 15146 19615 61228 61251 61267 61234 60 1234 1041 529 653 34633 7110 3483 1263 41004 576 154 61228 61298 61205 147 157 20372 303 14757 46936 66 5249 2069 1166 61228 61245 8787 3494 40644 5281 61220 143 27126 30 7604 798
90 471 24257 1166 61228 61246 2705 9372 909 968 19615 1041 61277 576 529 115 1041 61277 456 61204 1316 36 203 49574 19615 1041 61277 61226 97 529 21023 41502 4180 1825 20629 61233 188 32895 1316 188 83 968 1166 1804 5316 505 188 756 1597 61216
201 61264 2907 1280 2984 17273 61207 2984 77 59157 278 83 14302 4857 278 23072 4 52768 860 93 19 348 61216 115 61228 61237 85 890 14405 3591 16995 61228 61245 1311 108 789 46 9312 155 61228 61221 3057 517 115 61228 61289 1311 108 471 537 36 860 769 48380 1007 203 3802 19 1825 61282 22383 1197 1119 37791 59961 19615 61228 2627 139 5 890 1964 61203 302 61212 2362 1064 83 418 91 88 38984 5832 418 1709
148 46561 968 505 221 61210 10579 1316 3668 61206 36272 1205 289 61233 15146 19615 61228 61254 5019 61210 155 7608 1280 505 19 88 38984 1316 22980 21023 581 7334 110 301 19615 61228 61245 8787 3494 1804 2906
32 61228 27040 61247 91 418 91 276 14302 8340 149 61228 313 33 4411 4716 2373 61228 61274 50556 61260 140 11701 27375 24 145 83 273 2391 154 61228 61287 61215 10121 2391 154 61233 145 83 439 61287 10341 529 5812 4584 10121 2391 21023 710 55604 968 93 710 59157 7028 20167 692 39 39 301 28 7604 61265 23090 6454 1666
14702 61228 61245 2107 222 81 110 1616 5 59 127 858 61228 881 2982 61228 61210 47456 517 537 19 19 108 968 140 61251 61289 61216
201 61314 36 10007 22563 2566 74 221 5 890 2373 61228 61287 61239 13116 15686 64 1029 4450 2024 1941 61287 4309 60 6827 55604 968 258 127 4015 3510 258 273 76 4015 529 20629 61228 61245 8787 3494 1804 3137 1195 31581 2984 124 61221 1594 6 559 66 5249 39 7604 19615 61228 61245 8787 3494 1804 3137 1316 221 46936 2984 2604 60916 505 38095 4404 21023 1845 30372 2069 10341 110 29627 7604 10341 380 27126 827 2566 74 14757 46936 19615 61233 14757 124 61211 2391 149 61233 145 13647 1316 7590 890 798
498 858 2984 24569 10341 299 289 61233 1825 10341 581 61217 1283 950 46 9312 7843 199 61211 2362 20 1044 37791 13896 7110 710 197 3802 301 28 3602 61216
201 61229 61228 2161 110 5878 940 61211 113 529 36272 3591 2566 65 61233 576 2566 65 61233 576 61223 1064 83 418 61228 399 1166 61220 71 36 6407 9372 61277 20440 9372 61277 20440 2984 29397 2984 29397 2984 61212 1136 115 61228 366 252 61 28 3730 2984 29397 42 65 85 276 2761 42 276 2761 42 65 85 276 2761 42 696 1028 66 881 83 61226 97 1369 245 61228 366 61 61 258 1197 32895 529 798
37577 4049 14405 418 2984 386 61217 642 968 2566 143 205 844 528 968 155 7608 1280 258 14761 10341 710 3802 1825 91 221 46723 2391 537 14351 2688 1597 537 145 142 61211 1369 244 61233 145 142 32658 28 3730 505 7590 1129 2758 61233 7590 1129 42 696 1028 61216
201 61298 369 203 29777 19615 7608 1280 1263 43814 154 61233 529 61223 1263 61208 61277 1337 154 61228 61237 5137 61219 524 61277 455 529 303 5 61277 124 654 1631 43814 154 61233 14757 23984 91 348 299 18848 91 348 5149 61216 201
201 10719 145 83 1708 8 47456 517 91 76 61217 348 227 439 1064 24 22 3802 1597 61223 1964 61203 60 61277 24 6 399 8 16983 1064 24 940 2881 1597 8 1293 798
201 61251 1552 61220 827 2984 19521 1136 115 61228 1752 175 425 42 227 4160 227 439 42 43558 2982 61228 61215 4015 61223 278 10007 30902 46 9312 7843 386 61217 10596 1825 715 61212 18274 3965 715 61212 18274 3965 115 61228 2161 110 61214 2984 581 1044 16995 61228 184 80 2162 28 3730 115 61228 184 80 2162 42 6805 61277 170 23676 301 1064 24 348 1311 61214 20629 61228 61215 61208 1219 61228 61215 61208 890 61216 34646 60 283 528 61211 1179 9629 83 4015 61228 124 85 890 115 61228 2161 110 61214 11854 227 30 968 61223 29 29397 2643 61211 2391 3197 61212 1775 61212 1337 16995 61228 61212 1775 61212 4175 798
201 61254 61211 4180 1825 278 30 581 11137 2391 61228 61218 1369 2373 61228 61210 581 1369 10341 2822 301 155 7608 1280 155 61228 16601 1028 61216 201
201 61239 88 61226 88 38984 149 61228 480 31670 61277 24 3802 529 505 170 2822 1119 2984 77 59157 10341 710 6 881 439 1064 74 225 309 46 9312 7843 1845 348 3591 19615 1234 2653 21023 710 59157 505 14757 83 273 19 301 1316 225 2018 2018 2018 968 1316 225 83 418 1316 225 83 418 1316 196 196 196 529 798
32 61228 61245 2107 222 81 110 42 696 1028 93 15616 61314 61265 8 14757 1337 115 61228 4789 61206 1166 61228 5 3933 61216
201 15581 36 203 24964 91 61206 61228 61239 3150 17289 10341 386 61226 1044 2984 386 61226 1044 9372 881 83 3965 115 61228 2627 139 563 36272 110 968 58859 143 2391 17678 380 83 143 143 143 83 143 959 1195 31581 91 594 13870 4404 149 61228 61283 7149 362 145 124 959 9629 159 54640 10923 41 18233 4529 4309 1263 159 54640 9969 3591 1720 418 798
201 61229 4049 61228 2161 110 3197 61212 1136 115 61228 6953 61350 61210 155 61228 61217 2107 221 605 110 2373 61233 36 756 950 1316 139 7604 1064 83 418 61228 399 91 5090 6407 29 29397 14405 3591 278 127 756 950 774 9290 3965 798
201 61234 16583 59 127 61226 827 1980 845 845 299 439 438 41 1939 61206 7624 110 110 968 2228 124 61277 65 890 41254 7164 2373 61228 61245 8787 3494 1804 3137 172 88 418 798
201 61229 61228 61260 24587 2735 91 1825 278 127 858 60 61228 61237 1293 1978 511 61223 1263 61219 38984 20 1229 38984 154 61228 61293 48659 537 985 418 2984 29397 201 61206 61228 61293 48659 3092 61211 827 91 65 1293 537 42203 44467 439 1166 5249 4180 15146 2566 10 2653 1316 14757 6014 61228 369 61273 3958 61207 537 348 299 439 1166 61220 83 273 529 61287 29 29397 201 61470 532 1166 881 30902 91 1361 537 14757 124 7604 61223 115 61228 61293 48659 9629 959 115 881 124 959 115 61228 61293 48659 1709
201 18193 1280 2643 61211 2391 31 845 845 529 505 594 13870 4404 2758 61228 56 152 2590 433 76 2984 380 9 1825 115 61228 61239 2206 41 61223 1614 1136 258 14761 2636 273 594 20629 61233 14757 83 59 4404 156 8087 38758 60 517 61224 4597 2984 380 227 968 2984 380 227 968 19615 61233 35557 1316 324 4175 1316 348 227 439 2758 61228 61245 8787 3494 40644 798
201 61229 5249 2391 362 594 13870 7604 245 5249 2391 20668 6 31 113 76 61217 61226 959 60967 9372 61220 311 789 45 311 61233 1179 19661 1129 1064 24 88 6 517 1041 61223 5818 515 91 1361 799 3210 91 5090 6407 2984 29397 27370 71 36 6407 2984 24569 1064 35 7822 61300 61210 7822 61300 61210 7822 28 3730 28 3730 1064 24 88 38984 1064 18246 1280 61216
90 30 45876 2643 1028 31 696 1028 17895 61212 1136 115 61228 61298 4368 61212 950 29 29397 91 30 2687 399 91 11008 61228 11369 85 563 537 42203 44467 439 61216
201 61234 2285 273 273 273 273 273 273 529 61223 278 273 273 273 273 273 273 273 529 1316 3668 61206 156 425 61233 273 273 273 273 968 1316 3668 61206 1263 9672 2391 31910 380 30 6407 6011 959 1720 61212 4529 61223 1964 61203 7838 170 418 16 1825 1263 31528 95 399 278 1197 14 999 890 258 205 147 1311 39 301 7843 710 6 881 6014 798
201 61289 529 61233 65 127 61217 273 1597 61228 61215 127 61277 374 418 5281 61220 1197 12 1825 505 9255 61226 827 2758 61228 61251 61311 2898 1316 170 581 83 273 83 576 2984 491 31581 27909 61227 4209 959 1863 1021 19 1205 289 61233 15146 537 50 94 1597 529 10341 581 94 94 11872 9372 58754 1825 9372 61277 203 3802 1825 798
201 61229 1234 2653 1316 225 83 418 1316 225 83 418 9372 5249 4180 15146 2566 143 14761 1316 14351 4175 61223 14405 3591 9629 273 576 61228 61215 10121 4180 1597 1166 838 505 225 65 7298 4404 156 970 61273 3958 61207 61223 1616 85 642 968 20629 5249 61226 36256 9372 61277 1311 1825 115 61228 2161 110 61214 1709
201 34646 52506 1918 9372 881 1337 1720 61212 4529 61223 1523 309 9372 61233 827 13627 1839 46 614 950 19615 3598 35897 20215 278 147 424 61265 14405 3591 258 9312 258 14761 798
201 61229 5249 2391 42 6805 5249 2069 1263 61221 14302 8340 154 881 30902 362 145 439 2694 8098 61277 113 529 28 3730 595 581 15146 4309 303 5 3668 37575 66 5249 1708 529 4309 1263 5249 4116 1166 61225 46936 303 14757 46936 66 881 83 59 439 28 3730 156 4116 61277 143 1179 115 15510 424 798
201 61229 61228 2590 374 4716 2694 143 88 1179 303 10117 890 4378 225 6014 149 61228 61210 225 6014 149 61228 61210 143 14761 61223 29 29397 303 5 1939 61206 61226 227 2761 7624 380 9 1825 22383 4116 2984 845 75 968 19615 7608 3668 37575 1316 20794 39 1369 7843 1775 21743 301 2566 65 71 170 21743 2139 2373 61233 449 46 9312 10923 14757 124 14757 46936 7624 710 59157 1709
201 61229 5249 2391 31 2688 9 4404 1109 19521 113 529 31 6805 61228 313 33 4411 61220 2047 537 19 29627 7604 14405 3591 2566 5 1939 61206 61226 227 2761 122 696 1028 7186 41502 2069 46 9312 7843 41502 2069 19615 61228 61247 61219 840 61206 75 1597 154 61228 61289 61212 4175 2373 61228 61289 61212 4175 29163 369 61217 1164 154 61233 145 83 4015 82 4209 959 155 61228 61274 61283 61260 140 11701 61228 27040 61247 93 20071 61283 61260 61228 27040 61247 61265 1720 418 9240 439 2984 113 9 1825 27909 881 299 1179 10341 110 6 838 115 61228 61245 8787 3494 1804 2906 61287
201 61298 369 203 29777 7110 41502 2069 2984 29397 1064 4726 1064 4726 1064 7334 1136 2984 845 2069 1530 399 1166 61228 2161 110 75 1597 2984 19521 113 1825 115 61228 61213 76 2553 50 61216 201
201 61298 61215 5249 4180 4404 154 7367 170 3089 61206 154 7367 170 3089 61206 31 6805 61277 1311 1825 45 5249 4180 4404 41254 7164 7624 386 61217 61226 827 19615 61228 61245 8787 3494 40644 61287
29 29397 2694 4726 1021 61206 61228 61233 50 2391 156 696 1311 15146 537 67 63 399 32434 418 61236
201 61298 61221 17273 61207 6441 170 41502 3004 1825 29 29397 1166 61222 295 278 127 858 416 1185 2430 1369 7624 2822 11685 115 61228 2874 61219 142 74 56299 2566 6528 6528 5328 61265 1166 61277 819 61214 362 36159 7604 61282 1166 9636 278 147 2881 61214 61223 500 61616 10884 278 147 2881 61214 61223 1676 61616 22211 29 29397 28 425 61233 36 203 24964 798
201 34646 1166 61222 1918 1263 61224 4597 154 61228 27040 61247 1166 61233 4345 61204 2984 299 14302 2362 2228 581 203 24964
201 61298 61215 9672 61203 2653 27 5249 1708 529 4 44989 1166 61228 8945 563 46 9312 155 61228 6156 4927 576 61220 1369 42 5697 2984 29397 278 10007 30902 1018 61218 61277 455 4404 154 61228 61245 8787 3494 644 1316 14757 124 959 115 881 30902 1316 14757 124 860 155 61228 61245 8787 3494 61223 48380 303 5 3668 37575 66 881 273 39 301 1316 33540 39 860 155 61228 61245 8787 3494 40644 16995 61228 61245 8787 3494 1804 2373 61228 61246 39 751 1616 188 83 576 529 61216 201
201 61298 61215 369 30 19004 126 1552 61228 6241 61350 115 881 83 273 2391 156 940 1311 1825 1064 24 14757 83 59 4404 66 881 142 529 46 614 59 7604 61223 1064 10093 2228 45876 156 44 61226 8087 2636 170 61212 170 61212 170 58390 16995 61228 61212 710 3802 2391 1709
201 20662 14757 46936 7624 386 61217 61226 827 1964 3974 61228 36645 1041 46 2594 225 14757 83 143 1369 156 188 301 2011 5 3668 37575 1200 61211 113 529 1166 61233 14757 83 4015 3510 1316 36 203 3802 1369 1166 2653 14405 418 2984 365 232 3901 968 10341 983 29629 31 2688 61212 2798 2566 4597 61277 61226 2902 2566 225 76 22988 418 798
201 61289 124 5249 4180 4404 154 61228 18682 61228 5019 1263 5249 75 968 2984 29397 2984 845 1311 1825 115 61228 61245 8787 3494 40644 2566 225 14351 113 143 10093 362 14351 4175 27370 35 1205 289 61233 15146 10341 110 184 2430 1369 278 94 142 2391 537 3901 232 61211 1369 61223 1517 11069 61228 61254 1897 56 999 21 418 61212 282 2984 365 449 115 61228 7899 7155 61223 10341 19521 113 1825 2984 491 13870 15146 19615 11994 418 798
201 90 1574 90 18805 14995 61223 1021 61206 2694 61214 132 559 505 5 311 61233 1179 1263 61218 61277 455 61206 154 61228 970 529 61228 970 529 1041 2984 845 374 1179 2984 845 374 1179 10341 710 3802 39 301 19615 61228 3396 278 147 1028 278 147 424 278 147 2881 61214 38758 60 61277 88 19 959 115 61228 61219 184 59 4499 1709
14702 61228 61245 2107 222 81 110 2636 170 61212 170 58390 115 61228 61251 2136 28637 93 61206 61228 2161 110 42 50772 28 3730 91 14351 22527 149 61228 61224 4837 372 61265 46 9312 155 61228 61224 2107 61212 449 93 61206 61228 61225 4331 42 50772 28 3730 91 61206 61228 61224 289 283 61214 149 61228 61224 551 476 647
