140 50556 61260 140 11701 35764 3996 61383 549 617 2896 2121 24576 10684 1661 31767 61235 13025 45575 1881 1732 28517 61243 21292 5608 464 4260 61383 27431 53574 23369 3832 12615 2349 61580 2121 24576 10684 1661 31767 61235 13025 45575 1881 61216
4326 388 31666 3306 2468 217 1184 7977 5608 195 21634 290 3566 337 1544 290 421 5935 1347 18033 36558 61223 13945 31860 24207 61223 2032 58619 3306 61223 4076 11411 6611 37794 5608 2410 543 61316 9118 337 14250 4031 61272 5608 32667 30637 61223 47168 2526 549 46030 5388 5608 414 2410 543 61316 9118 61223 44584 34687 296 8762 61398 61223 1046 61627 61580 61600 61223 4225 1585 30267 45450 543 10825 61223 45450 543 10825 51570 817 61223 44055 55449 30267 45450 543 10825 337 2410 543 61316 9118 61223 6427 241 31666 322 73 8787 3494 40644 16684 14660 24576 3385 1331 61216
318 15618 290 1321 10814 6812 19339 19319 464 24593 370 9044 331 26713 546 27806 13899 44548 1326 47643 965 13758 21991 61563 1184 331 658 18972 60670 33336 61268 337 42593 6395 7640 61223 4256 5082 47100 56141 241 18517 1881 61423 61216
1696 38301 4976 342 43356 931 45450 543 370 5836 61216
1544 4903 20115 15725 4023 21561 3451 7640 4706 38238 931 18632 30633 1299 241 19085 50048 26504 11157 61223 1732 342 1450 61243 43893 61238 7136 342 1450 61243 658 16999 7977 19697 61223 414 47962 61223 658 5490 34380 9621 414 3385 5627 14692 337 1557 7852 954 27218 61310 13758 50778 61216
925 2514 1184 7628 931 140 50556 61260 140 11701 337 24451 931 1347 61513 13992 931 42308 11974 5836 32733 27885 7593 954 33402 7927 922 42308 25253 922 61223 195 22222 10150 31002 22808 241 549 617 2896 4260 3418 61532 3566 2896 1910 440 27431 17607 2468 13106 4663 416 5812 183 1726 465 13025 61216
7383 546 61238 9131 13928 28955 4706 27218 45241 61223 1732 8737 61272 19508 2121 43893 61240 61223 24576 56902 20149 26412 61223 464 50278 1689 12078 49643 6611 4652 61398 1331 24140 1660 13053 19822 241 15653 47544 24593 10825 61216
7189 20132 61228 250 61223 3385 61223 24140 61223 2354 1689 459 549 21952 464 18614 61223 10150 4023 1085 6395 388 33963 2410 543 61316 9118 61223 56901 44564 658 18972 61268 57809 61238 19602 3306 61216
1008 57809 61423 24198 61423 59897 19591 61238 44446 20564 331 15594 690 61349 61223 337 549 34199 15212 3385 14518 33026 8246 965 13095 6498 61238 24222 37356 58619 7640 61223 2032 31919 24140 61223 2121 61228 1345 36381 1538 45810 1660 59897 19591 61423 24451 10238 61223 42765 61279 7640 6427 331 20335 1180 10825 61223 17067 24403 36219 6611 7563 15550 61275 61216
11111 5569 20687 3306 46516 440 31070 459 37038 9025 6611 464 57323 18615 50618 16550 1660 36903 13025 61216
1321 2058 9576 15550 13695 61223 2032 27218 61310 5608 21377 5266 21095 1846 6611 61282 20301 30975 33402 16284 37583 61223 20447 1474 370 16284 20447 15550 13695 61223 10150 4023 12869 11307 61223 4023 12869 11307 6427 1732 8737 421 2121 43893 61240 464 39210 1881 61223 4260 42593 6395 3306 19041 3098 61243 20301 954 27218 61310 5608 21377 5266 61223 36174 24403 36219 954 21991 61563 382 43948 331 20335 1180 15725 4706 46030 5388 4240 42933 51695 61216
2438 35790 61223 1347 21142 459 8294 12403 1732 465 8667 61223 1557 3495 7593 8294 2548 414 10379 11568 46259 41708 29449 61216
1321 10814 6812 464 48866 26612 19513 20301 343 49749 61238 53047 61223 49052 600 13928 9025 24207 8028 3832 9025 195 27917 19106 4256 33847 8612 4706 1732 4976 19822 4023 61563 266 21561 43563 2599 4023 322 4460 4061 33334 6020 3251 21991 61563 382 53644 620 61216
3379 15618 290 58791 7513 5109 20437 658 18972 771 4260 2354 5109 41090 45148 33336 3238 61223 61202 35230 931 337 32287 6208 20564 13690 658 18972 3306 61223 1732 35707 3346 31042 61383 4319 658 7272 5486 2249 1433 388 3385 3052 459 993 25783 61216
1321 15345 61243 331 4256 33847 8612 84 61249 61251 61249 241 5272 27256 19513 993 5592 16007 61223 2032 787 61580 61665 61223 24140 61223 29715 32808 8194 10428 1533 8346 12625 3069 61532 61333 61263 17945 40850 61216
2349 266 8160 44377 1732 44075 33336 3238 337 17137 5082 33725 61243 45148 658 15347 1881 1415 22918 24198 61423 38109 931 13690 658 4092 61243 414 47227 15550 337 7866 290 2097 61216
925 322 15550 1489 1689 1910 440 2410 543 13992 465 73 8787 3494 40644 464 61228 7272 61407 315 2190 1732 13785 543 58188 13899 600 54158 10556 2190 15231 388 61513 61216
52949 13695 61223 36965 21905 14743 9025 42504 44446 337 53325 18061 195 28251 59352 464 38625 1180 217 36827 9044 13690 24577 32808 8194 61216
33834 731 554 3251 658 18972 13607 29783 14660 195 18972 3306 61238 337 22228 61216
11107 13690 37193 8552 1180 8665 658 12403 922 3769 1910 5585 922 6427 1732 3566 8194 2034 6731 42033 8612 6427 7751 4305 61423 549 61310 11911 9501 4880 3498 2312 2695 11157 61216
16734 18237 16312 8028 61268 27218 61310 3498 27218 61310 3498 44692 1533 61272 337 1303 61313 19138 61263 27218 61310 3498 42593 6395 7640 61282 1347 18033 36558 195 43893 5935 337 42593 6395 60510 40436 290 954 8028 343 27218 61310 3251 27218 290 61216
1321 5579 331 61423 370 3306 370 18492 61238 682 24212 10825 61162 659 421 61223 2032 549 1447 965 6498 61238 2468 13106 19282 2097 241 73 8787 3494 40644 34674 28324 421 61223 2032 241 2526 22405 4562 659 3832 4240 938 33847 5358 6427 51570 817 28782 554 5358 549 13565 58 19832 61228 61245 8787 40644 61223 38814 546 241 37971 382 58211 4240 34384 5109 20564 2468 217 33364 421 1489 343 61223 241 18050 50769 1544 61796 61596 61223 2468 217 1184 7977 3498 241 57926 41268 61216
2438 61316 11001 7593 61513 46250 61216
1034 342 2070 61238 2349 61580 337 1928 2912 26565 59897 19591 61238 53227 61223 24140 61223 549 28922 4747 421 61223 2032 25698 1303 23381 28677 421 61316 414 32808 5608 33402 24207 21292 5608 61216
6367 7734 3996 370 15720 18721 39150 266 37515 45066 47544 1433 61243 5585 61216
500 15618 290 13095 55993 4319 42593 6395 7640 61223 658 4092 2070 370 27800 61238 720 18862 5168 43323 14586 53047 922 73 8787 3494 40644 241 21634 290 61238 61223 6674 12644 42593 6395 7640 61223 464 9814 459 61272 19508 241 18517 2097 61223 1347 36219 2249 4920 9656 1661 31767 61235 13025 40230 61223 241 18050 50769 1442 3396 319 49207 61216 40230 241 2127 1533 6208 337 1740 3396 1661 31767 61235 13025 40230 61216
3282 4286 993 5592 26582 61223 13945 31860 6611 61223 2032 8394 2150 10791 3832 5608 13690 32733 658 266 2014 954 2410 543 61316 9118 61223 33462 61333 9621 11192 40937 61398 241 46516 61238 17847 4260 20424 241 59472 8035 30829 10825 61216
11737 11974 18979 731 554 5608 260 61349 5626 954 24948 12442 931 61223 10055 731 554 3251 658 18972 13607 22645 658 18972 954 61216
11111 35748 45450 543 10825 61223 4076 8028 771 61223 4706 3069 24912 954 241 1489 554 4240 10428 217 322 938 33847 931 6427 938 771 9265 61223 24072 38020 7629 2450 4023 22710 6812 2410 543 61316 9118 61216
1002 8104 440 965 9826 1470 50032 61333 3064 15594 731 61310 61398 2249 8031 61252 954 61223 2526 337 549 20634 31510 11411 6611 731 382 5073 61398 61223 464 39122 13690 29645 1347 11716 954 464 57323 18615 50618 1328 1726 2825 61279 61223 10150 51272 388 33963 61223 2032 35764 3996 61383 216 61398 26796 13317 195 1585 61243 61223 10055 49817 464 57323 18615 50618 5767 47314 22278 61243 1689 61223 993 13695 61223 4076 3385 2905 61268 61216
1034 342 2070 61238 44176 658 18972 421 6427 46030 1474 12869 21059 6144 24897 965 61223 938 34740 965 16022 337 464 34955 46259 45234 3306 61223 49949 342 1732 41970 47195 241 44140 42497 61223 938 34740 965 16022 337 464 34955 46259 45234 3306 61216
8527 4004 18324 1127 38665 45450 543 15725 93 9164 61207 61314 61265 11411 6611 18721 2034 459 61223 38814 2121 38637 3385 19474 771 3064 4023 49869 38665 45450 543 15725 61223 337 22719 61383 52672 3385 61333 19676 61223 16684 3385 61316 8665 45450 543 15725 241 54416 4240 15287 843 61216
73 8787 3494 40644 58354 61311 41865 3832 9826 2410 543 61316 9118 769 3385 61316 6476 9826 2410 543 61316 9118 61513 58 19832 61228 23419 61314 3598 1863 3001 2301 2157 44055 55449 17607 260 61349 5626 3832 3251 2410 543 61316 1913 61223 241 13899 44548 32943 4751 61398 1072 4537 26242 5272 10963 241 21634 44462 37643 1415 40858 967 6208 27754 421 61162 57332 61216
201 45857 195 25375 315 9044 195 22222 61223 2121 500 1686 61301 58619 7640 73 8787 3494 40644 8394 5554 421 61541 3498 7563 19822 11411 421 118 9612 61332 40230 60513 9360 54876 3206 421 331 37038 4319 370 6208 464 57323 18615 50618 2831 4240 1928 2912 22405 45450 543 10825 1709
7771 965 55993 4319 2526 22031 3385 21426 3498 3769 1910 18603 93 61535 61816 61265 241 59472 18162 22213 40436 29392 1303 12869 9750 549 61294 459 1474 61223 11411 7629 61223 464 50278 1689 37038 45821 549 9501 3566 543 5748 61238 52210 25380 1660 931 61223 11411 15720 61223 464 50278 1689 40979 32544 549 34199 15212 993 5592 954 61223 2032 241 1489 15550 4826 543 22405 45450 543 10825 9131 22406 6611 241 1489 15550 31122 459 2096 61228 18682 61216
4326 388 53325 3996 32733 331 426 690 388 33963 53325 3996 61223 60979 51554 241 15287 843 4023 22710 20607 3251 58421 465 337 241 30534 1985 61383 1331 61275 296 8762 61398 1474 2099 5630 61275 61161 370 6208 61223 241 18050 50769 216 16795 1347 20833 3498 10428 1533 8346 7640 61282 6172 1321 4571 61272 5608 59897 936 61339 17158 216 1450 3052 21768 39337 61161 10825 61339 31936 1303 61294 15550 6674 1660 3832 3251 51570 817 26612 61339 31371 6844 3451 6144 296 8762 61398 6674 2099 290 2410 543 13992 61339 337 19694 24897 965 59352 61216
1008 57809 61423 24198 61423 9131 13928 28955 7046 1447 370 5836 6427 8028 3832 9077 8194 658 465 2912 61275 9131 13928 4319 12869 2548 1557 7136 34199 931 260 17519 3498 58750 7640 993 47568 3251 21796 9077 3251 29441 46743 3251 29441 4903 26413 13317 658 7272 1910 342 6427 40979 32544 31009 33249 61216
201 61567 61238 8853 922 1442 61256 40230 93 2898 61332 9360 21292 5608 331 58619 58189 21095 1846 6611 25365 1474 61238 37038 4319 10825 37794 3498 45450 543 370 5836 337 36984 35063 554 3498 14250 4031 22031 32667 250 8762 61223 52463 3498 195 37038 4319 15725 61275 1928 2912 22405 2410 543 13992 337 9131 13928 37414 260 61349 5626 1881 93 290 11568 4663 15970 1709
21248 731 10552 14731 22719 440 1583 426 5074 290 61223 1303 2548 1768 1303 23381 20639 18324 1127 18467 61513 8035 30829 15725 61223 722 13690 50748 17847 42915 954 2468 342 19676 13758 60103 331 34600 61275 1507 4004 61216
1008 787 19106 61228 62649 4090 5358 42593 6395 3306 2603 265 5082 33725 290 2603 61644 965 717 967 315 617 2896 8035 3052 8160 6611 27606 2190 61275 10684 319 49207 61216 7163 61268 61216
1008 44140 61235 13025 3498 7421 543 290 61423 61223 24140 61223 20424 32733 331 61423 370 5388 61349 10055 241 21880 5608 46030 19822 61223 14213 3385 241 22703 26412 17847 1303 8737 322 241 44140 3915 61223 49749 61238 44176 31919 32733 658 10025 14255 2150 370 936 4706 10552 58379 8667 8665 722 817 61232 20607 5608 34274 2070 61216
47226 2070 61238 52192 464 9814 459 6611 241 18517 2097 47568 3498 44055 55449 21449 33336 61268 61216
23718 2157 4225 343 2526 43644 21059 8433 61275 22531 4023 322 4460 4061 61216
3030 35764 3996 61238 880 4754 1299 1474 40230 1732 8737 9750 241 1433 61243 11165 241 55126 4004 1336 41734 27943 337 30640 1447 18406 44584 29188 2121 5786 27943 6427 24576 22588 382 61263 3238 61423 61223 722 241 1433 61243 11165 241 55126 4004 1557 734 13520 27943 337 241 1676 47625 55126 554 3498 22588 382 61263 3238 61423 93 61303 11576 61243 682 61715 2351 647
2438 1947 3238 61238 464 20149 61270 931 337 13095 43564 58619 3306 61223 11411 24207 37794 5608 45450 543 10825 61223 24948 11411 954 24576 17824 382 37212 48644 2599 61223 16986 61238 4076 260 421 3832 5608 7421 543 3306 6427 1814 3996 1982 47195 195 21426 5608 41708 61223 241 48879 7046 1447 10825 61223 549 12926 61243 2719 414 1151 61223 2032 241 4256 33847 4240 11192 3332 265 61216
1696 12926 61243 2719 414 1151 61223 2032 34130 7629 73 8787 3494 40644 731 8511 20424 16665 12100 549 21073 893 554 3498 41708 61223 2526 13899 600 54158 30267 21292 5608 13945 31860 6611 61223 2032 38027 2410 543 61316 9118 1545 965 26412 61223 18979 52210 25380 1660 465 337 1151 32620 5630 4286 195 1151 9265 430 37225 44055 55449 17607 58421 465 61223 722 52210 25380 1660 465 658 35490 61243 414 925 61569 61763 61567 337 1034 61816 61763 61567 61223 2526 44055 55449 10556 4286 24576 1545 965 26412 61216
1008 7638 27256 241 59472 2468 30829 10825 42733 2301 1533 22031 3385 21426 3498 3769 1910 18603 38814 2121 440 250 15714 1482 29410 32105 54499 1474 14106 29235 195 27594 5135 331 12111 4758 3498 996 25404 21449 8035 3052 11307 241 3069 843 363 4467 319 49207 61216 7163 61268 61216
7189 61228 9752 22031 61223 12403 21292 5608 21251 15720 13899 600 54158 965 14586 337 40979 32544 331 61423 370 3306 370 15720 46030 19822 59352 331 464 6783 61398 61223 2032 2121 61228 1345 1557 34109 8612 241 830 9325 363 43892 600 61235 25184 17945 61223 3385 61316 6476 3498 241 31666 322 54499 19822 45450 543 370 5836 61223 337 241 31666 322 13695 61223 2032 26153 4810 7629 414 21494 2097 16898 20607 3251 2468 2912 266 2410 543 13992 61339 195 27218 12625 13053 19822 22228 59352 61223 12403 31666 3306 34863 16020 2912 18614 36965 17945 61216
5013 2695 388 10624 60406 3832 45821 331 18050 61223 2032 43273 53325 61270 16684 11411 954 42033 14401 13913 1447 61243 1689 59352 10001 22621 1681 61223 2032 3001 2121 61294 15550 61223 1347 1538 19676 3251 2349 61580 464 52727 11974 9044 337 59897 19591 61275 1507 61270 1532 9814 61275 61223 241 6152 12683 54876 5486 2249 331 40850 331 1544 61665 61665 337 36984 2410 543 61316 1913 61423 61223 241 41934 14615 11165 61223 4076 12813 5748 464 6783 61398 59352 61223 722 13690 26153 61310 8612 464 46191 61240 3832 9025 61223 55547 5748 61275 7421 10791 3206 61275 48964 3178 61223 19513 20564 2312 15186 61349 61216
25665 388 1660 1127 38665 42308 57332 20321 19339 19319 464 26739 5630 2190 24593 370 9044 24403 11716 771 21292 5608 42593 6395 7640 61223 9131 13928 9025 16284 414 73 8787 3494 40644 337 33402 24207 21292 5608 195 27218 61310 3251 24593 10825 993 20301 13607 33336 3238 61223 33336 3238 61223 25002 17607 337 19845 47544 24593 10825 521 1423 34363 734 5812 61468 337 24222 37356 18632 30633 1299 241 3385 61263 1331 61275 24593 370 6208 521 1423 34363 500 7909 4625
4326 42918 61241 6144 28081 11095 61263 2410 543 61316 18615 2121 1470 42918 61241 4240 2410 543 13992 13945 31860 7629 4706 51498 2121 1470 42918 61241 3251 5760 4975 6395 290 4706 1034 2249 290 61216 7771 543 61316 9118 1347 2099 32883 2121 1347 1538 13025 931 61223 241 18050 50769 93 61596 769 47168 93 61247 61265 337 59072 61243 93 61239 61265 41535 43563 266 1975 771 61383 61216
1034 342 2070 61238 52306 965 5585 337 39897 600 13441 421 13690 331 250 7635 421 49749 61238 549 2020 61407 5608 24451 931 61223 49749 61238 26504 4061 40979 32544 31009 60861 61216
14842 13053 5388 5608 2468 13106 23646 241 46516 61238 17847 1303 26218 4880 1299 19617 5585 58421 465 337 73 8787 3494 40644
925 61569 61763 61567 9131 948 61407 5608 10379 388 731 45691 17960 45450 543 370 5836 464 41865 9044 337 41865 9044 4225 2825 1658 60406 3832 45821 331 18050 61223 2032 52463 5608 195 925 61569 61763 61567 41865 1881 1347 18033 36558 731 45691 2108 16007 241 1489 843 24577 41540 61238 17847 61216
12777 382 1331 61238 241 1153 3566 10454 2825 61216
2438 195 25375 315 9044 195 24198 922 61223 42860 8500 7927 922 53047 61223 331 1947 459 7629 61223 2032 29235 48948 24451 37356 13594 13053 22814 24576 44584 19656 731 382 5073 61398 27885 16647 19597 60510 61216
7459 42133 19656 42593 6395 61243 33995 54608 36174 549 1814 5168 2662 954 1328 22278 61243 61223 19845 15805 42593 6395 61243 26595 54608 36174 549 1814 5168 2662 954 4088 22278 61243 61216
33834 658 18972 13607 33336 3238 464 4652 61398 54029 50618 16741 1661 31767 61235 13025 42593 6395 7640 337 9621 43893 61240 61223 24140 61223 464 2157 459 6611 414 12813 5748 38837 7866 290 1881 61216
1008 44768 37038 9025 16284 1928 2912 22031 45450 543 370 5836 337 9131 9173 53010 1881 1470 546 21768 27744 61223 2575 12644 22031 6427 9131 1982 61366 3498 722 61243 948 61263 18627 3498 4225 2825 15731 73 8787 3494 40644 29783 549 843 61270 6245 342 16372 1345 4933 195 59897 19591 61275 59046 217 18378 61216
1008 46516 61238 17847 1732 48027 7629 4706 2468 13106 4663 2410 543 61316 18615 4023 22710 4061 241 46516 61275 993 1768 50048 296 12486 426 28738 61216
7704 9196 4571 54797 8194 27885 7593 43141 35213 10176 33709 42593 6395 7640 61223 731 38676 61272 421 8665 41540 61263 382 46724 45839 4706 27218 61310 3498 21377 15731 61282 241 39519 195 54797 8194 27885 7593 7927 922 35213 10176 42350 337 3064 61272 40859 2840 1881 61275 42593 6395 60510 61223 1347 25184 1913 954 731 55085 4319 47394 61223 2032 3001 58124 50083 241 17156 19676 13194 48964 1532 61216
1008 13899 600 54158 53574 31122 617 40436 29392 3769 1910 18603 6427 3769 1910 18603 38680 731 3451 61398 2662 6611 296 787 61816 241 24011 38837 61223 31701 5585 61223 722 965 6783 217 6647 3251 1153 61541 8612 337 30316 1660 3832 3251 2840 1881 61216
11107 53716 23054 954 549 2058 61263 6144 2468 36027 4706 19085 16647 59352 241 41143 4260 61383 27431 18401 195 10439 363 337 23054 954 1338 11568 23645 61223 60979 61513 25285 61513 60103 61223 195 1913 3306 61238 296 4023 322 4460 4061 61223 34130 43141 1299 9621 24222 1127 5585 59352 61223 722 13690 2468 13106 19282 1881 2410 543 61316 18615 337 296 8762 61398 1474 2099 38471 2468 13106 30063 61272 61216
925 382 931 5135 21251 15720 37794 14586 41034 1127 5168 922 61223 60979 27800 922 4706 52124 1881 38837 337 42033 8612 4706 13095 50378 24222 1127 5585 4023 22710 11157 73 8787 3494 40644 61216
3764 8753 10155 15550 61275 549 50278 24724 26863 61223 13095 55993 4319 26863 37970 54876 5486 6611 331 32667 388 27744 14615 11165 61223 2121 38637 30640 1447 965 43564 44176 2410 543 61316 9118 11411 6611 38109 465 61223 37815 2157 1881 61223 1544 290 18517 61223 53791 620 1881 61223 38746 6812 61223 21634 44462 28186 58243 546 42347 290 1881 61223 7513 6020 7481 48890 337 58243 546 42347 290 1881 61216
35382 4826 16912 17414 8035 10791 1881 25698 59710 954 3385 18614 12442 931 51145 195 12571 922 30583 33543 61216
2438 1947 3238 61238 38680 61223 722 13690 58619 3306 195 37794 14586 45450 543 10825 922 61223 1303 1910 3385 61333 7593 15720 24621 967 3238 922 337 3769 382 4880 1299 61223 337 731 382 5073 61398 8031 7524 8612 3385 1331 61216
7391 996 45690 61228 250 4225 2825 61263 9826 2410 543 61316 9118 61223 1347 1532 7212 61333 2410 543 61316 9118 20424 16665 925 61569 61763 61567 61223 1034 61816 61763 61567 337 49749 61238 55883 46259 4023 22710 20607 5608 36965 17945 61216
22221 61407 1768 1557 3996 5626 93 217 14825 10700 61275 61265 16684 3069 61532 57887 954 4225 2825 61263 37044 1660 61216
1034 342 2070 61238 12403 1928 2912 26565 45450 543 10825 24577 6025 2099 55390 459 15720 241 7704 18222 4818 17356 61423 61282 464 21292 8194 61223 54876 5486 27800 61275 241 778 61332 27256 61223 731 22588 382 61263 3238 61423 722 52454 26595 22588 382 61263 3238 61423 1347 11716 421 414 13272 61249 19288 4260 14893 617 5630 61238 45450 543 10825 241 41752 93 315 658 8753 10155 15550 61275 36984 14893 617 38471 296 8762 61398 44584 24724 45450 543 370 5836 61265 241 37279 27256 1347 11716 421 13272 61325 12993
57139 266 554 465 815 2574 61339 19115 73 8787 3494 40644 1557 1474 4628 61241 5608 54876 5486 6611 331 7563 1127 6208 5554 965 61333 14149 8372 6427 24222 37356 993 3052 11307 14735 61298 34846 1347 9043 5486 7629 61216
3030 47962 61223 13095 55993 4319 19845 15805 23274 35866 37110 549 3385 40961 6611 722 61303 2157 7251 2121 21634 290 61333 241 41752 93 1447 965 7601 61513 6025 4286 13565 4706 49052 600 7272 617 6245 3251 46030 19822 61223 241 31666 322 3385 3052 459 3051 22213 1947 8762 414 31860 7629 647
1008 31666 322 22588 2599 370 73 8787 3494 40644 12613 61247 337 140 50556 61260 140 11701 23012 363 14363 382 12869 37038 9025 24207 4023 22710 20607 5608 53047 195 55908 61513 2468 3206 61241 3251 331 20335 1180 10825 73 8787 3494 40644 337 38027 20823 620 38301 817 343 14825 3560 4706 20036 440 46419 5585 61216
2438 61333 19997 2526 22031 4225 2825 61263 3498 45450 543 370 5836 93 61245 8787 3494 1804 8335
4326 290 9131 13928 28955 24576 56902 20149 4240 4706 41268 337 9621 43893 61240 24576 56902 20149 3251 61223 1814 2599 61272 27218 61310 3251 47227 19822 61223 36381 1538 45810 4286 61223 12813 5748 331 25184 936 41268 61223 722 13690 31970 39337 731 4092 3306 61223 1732 893 6395 5608 59507 41424 43893 61240 61223 17067 549 34199 15212 10655 954 61216
1321 26713 546 6476 6144 25086 47818 1732 43213 41410 1846 7629 241 45473 24589 3306 45575 1881 4514 421 9191 6208 61216
941 3566 549 9201 61238 61223 1072 2146 61333 6773 10963 60811 4319 40091 21449 35605 337 43892 600 61235 25184 17945 38746 4061 61162 659 771 1732 11492 4023 12869 11307 241 38746 4061 61216
7704 363 10700 15725 1726 39749 61477 1451 13290 46373 31724 19212 1557 21231 290 61223 722 241 18149 9173 13317 195 25375 315 342 195 22719 61383 90 15682 241 195 25375 315 9044 195 2929 382 543 61272 39437 2929 382 543 61272 5585 1046 343 3451 337 195 25375 315 9044 195 5654 43644 1321 965 5551 13194 61216
35382 13695 61223 10150 60050 20036 440 4562 459 61223 731 5388 61349 61238 25678 12869 2575 44462 18467 61513 59046 30440 61223 331 26713 546 6476 13758 241 1276 61241 370 363 26176 10963 61223 34161 342 21768 1127 28186 59709 61223 3069 24912 343 1557 17414 45349 3251 1975 771 440 61216
2438 41865 9044 414 644 15618 290 61223 3186 49060 7640 1326 47643 17607 42593 6395 7640 27754 421 241 18517 2097 658 18972 56141 33336 21449 50619 9501 25241 61383 61223 241 38637 45968 26863 61300 363 2070 8195 658 18972 421 33336 3238 37515 8054 4260 61383 44176 61223 1339 26863 61300 363 2070 8195 61223 658 18972 3306 61238 241 47568 3498 33336 343 61423 61223 658 4092 2070 370 16284 14719 61309 41268 337 48488 3996 61423 27943 61216
12937 965 41410 1846 7629 241 18050 61223 2032 241 17786 14615 11165 61223 14954 12078 34863 14660 25678 370 936 61223 30640 1447 18406 31002 47100 3306 61275 2526 43644 5760 2470 61303 6812 61275 57255 1955 2456 40861 61223 195 22222 10150 22085 421 954 658 21494 954 33402 24207 21292 5608 93 1180 17315 21905 118 647
3030 47962 61223 720 18862 5168 43323 9826 549 21561 43563 266 15441 893 5486 7629 10379 29834 57706 16647 140 8131 61228 10025 11713 1450 61272 3251 2333 61535 61593 1347 18033 1660 954 33336 3238 4706 31282 11157 4706 24897 1482 24403 36219 2249 20069 48398 13758 6243 3052 5073 19697 61216
52949 13695 61223 296 38664 13695 61223 2032 2526 26565 6427 2410 543 61316 5608 3769 1910 5585 241 15347 936 241 549 61238 7046 4810 24207 40906 61333 61223 33837 13441 421 24948 13690 20447 22814 61223 10150 7751 4305 61238 41540 61263 382 46259 6427 44055 55449 30267 52210 25380 1660 20564 28386 546 24072 617 6245 5608 61223 241 18050 50769 241 18517 2097 414 1257 26412 549 21073 893 6395 5608 93 382 659 3832 9077 5608 61223 4562 659 3832 5608 44446 337 930 61216 61270 61216
2438 61355 388 14731 993 5592 3832 18603 61223 17067 25698 13053 22814 331 9131 948 61407 3498 3385 600 459 61423 331 4023 22710 6647 8612 73 8787 3494 40644 241 1489 15550 31122 459 61216
1008 21634 290 61238 16020 2912 23573 337 10176 6881 23646 61223 17067 20564 241 15347 936 241 5554 421 1910 1170 1660 265 23646 61223 722 337 10176 6881 5608 5554 20651 93 61235 45809 342 5554 20651 61265 27754 421 20259 18061 543 2097 1415 17847 3385 3052 459 296 11103 388 61216
1544 2099 61355 9173 2121 61228 1345 1034 61816 61763 61567 61228 56499 61591 61223 3385 61333 7593 7629 25932 4751 39437 19845 47544 16840 459 241 15704 1127 37643 1276 8667 5358 61216
3764 61333 19997 7046 1447 10825 241 1489 15550 2683 6025 15731 10055 2468 217 1184 26202 1557 34109 4240 996 843 2599 43883 9752 7640 331 28343 61275 2410 543 13992 73 8787 3494 40644
201 61591 2121 1072 61256 11549 61301 14615 28738 61223 54876 5486 61272 19508 1046 61600 61593 61223 11411 421 801 1442 61256 11411 41611 11411 265 93 2898 61332 9360 11411 6611 60103 331 52463 3498 195 1928 2912 43644 45450 543 10825 61275 1709
7771 543 61316 9118 13690 549 1303 61333 42190 7629 41540 61263 382 5630 61238 9131 13928 28955 414 1257 26412 1489 2190 61223 38814 546 16665 993 5592 26582 61223 2032 25270 3566 5554 965 8612 42933 38471 58619 7640 13317 195 265 7977 61216
59659 546 241 46516 61238 17847 8368 549 20259 363 936 61223 2032 30918 5608 2526 61252 5748 34863 24403 11716 954 22953 250 46259 21292 5608 4706 43518 817 26202 47568 3251 24897 1482 61223 2450 1447 31070 459 33402 2249 26153 61310 10176 33709 27396 61383 16898 20607 3251 31122 459 61216
1034 342 2070 61238 549 21561 61279 38652 5608 1975 3238 61238 25270 12084 17945 1347 36219 6611 12100 1474 4628 61241 5608 1975 771 440 24897 1482 20607 3251 5760 1689 10607 93 61763 61574 61593 647
925 4207 61349 61238 21059 5608 46030 19822 21251 15720 46030 15550 61275 414 10379 322 1331 8273 61383 61223 17067 549 459 10700 1303 21880 4880 1299 241 44140 42497 61223 38814 546 57809 61238 44176 19513 25002 421 1732 3451 16795 12403 46030 19822 4706 22918 241 21880 3498 10379 322 1331 8273 61383 61216
201 61627 7456 2121 35393 58619 7640 1347 36219 2249 57810 7046 61423 93 2335 24326 2335 54723 61325 46607 11411 16284 464 57323 18615 50618 27318 2121 37794 3498 45450 543 370 5836 6427 14250 4031 61272 3498 32667 250 8762 1709
3030 2108 21059 61243 2599 93 10025 31561 4061 61265 241 46516 61238 17847 4225 52523 2014 23224 936 61223 2032 16684 25678 8665 241 2450 1447 61275 22228 61275 44140 8195 61423 2410 543 61316 18615 61223 17067 34863 11411 954 24140 4286 45486 61216
1008 7704 18222 4818 17356 61423 7501 1585 6025 1910 30753 1846 7629 61216
1008 2603 265 5082 33725 322 2603 61644 965 34222 421 61223 10150 42593 6395 3306 24694 1985 421 5554 954 241 993 843 61223 722 10055 13695 61223 10150 658 21231 954 1303 23381 2312 30301 61235 61316 13758 33336 1479 61223 319 61644 382 1034 61644 61279 465 1732 61316 12688 1667 315 843 61270 6245 342 20301 954 1545 30267 1347 61513 61316 5608 23458 61333 1863 658 18972 954 17137 5082 33725 61243 2603 265 5082 33725 61243 1732 315 1660 18877 31970 1689 15237 61407 5608 22703 37414 11900
925 1345 659 22588 61333 421 2354 61407 23997 61513 731 9500 1689 337 464 61407 13073 61223 722 52208 12442 931 61216
10646 29660 465 93 459 61300 459 4776 3385 1474 4628 217 93 459 61300 459 4776 14213 4583 61223 658 363 2070 33773 1184 8294 1470 543 3451 3306 61216
1008 31666 322 52727 25253 337 46030 1127 5836 61223 3385 61223 24140 61223 2468 217 33364 322 24140 4286 1732 8737 954 241 4826 543 15503 58271 250 20437 24576 15237 61407 26412 61223 18979 241 52408 13194 47394 61216
1008 1533 44388 33301 12403 28378 388 1533 2014 20607 5608 34161 342 12709 5608 53227 140 8131 1470 543 3451 3306 8035 41261 370 15720 241 44610 9621 33402 51091 17516 3178 48890 16 61274 8131 61216
1686 15618 290 8028 26582 16757 26863 61300 363 2070 8195 25270 30976 421 6427 28617 421 2014 382 12869 658 18972 3306 61238 33336 30267 53047 61223 2121 38637 10563 26863 61300 363 2070 8195 658 18972 421 33336 3238 37515 8054 4260 61383 44176 61223 3149 26863 61300 363 2070 8195 56962 421 658 18972 30975 33336 21449 37583 61223 52463 3498 195 47568 8194 464 343 922 61216
2603 1846 1660 61238 241 717 967 440 5579 61275 27218 61310 13194 61161 370 6208 140 50556 61260 140 11701 140 11701 19513 25002 16007 40366 954 2121 37038 9025 16284 58619 7640 464 41865 9044 116 13192 61229 61216
2127 464 61366 2896 22719 61383 48159 61216
1008 13025 61398 61223 2121 61228 1345 46030 19822 25365 1474 61333 241 1489 15550 57809 61423 44140 61235 13025 8753 56161 59337 996 843 8762 61223 28338 28677 421 61316 16684 17156 7593 4933 296 24576 56902 20149 8194 2410 543 61316 9118 33709 61223 195 22222 10150 4225 26804 4933 24576 17824 382 29188 61223 337 31666 3306 28677 19941 16684 16020 2912 18614 61216
1008 49749 61423 14615 11165 31919 37845 15186 342 549 34199 15212 44429 4933 993 25783 61223 31919 241 44768 61223 14954 9786 2014 1127 38665 21890 2150 15725 7046 4810 7629 241 241 39210 2097 38217 217 61216
5687 3996 61282 1890 61235 21768 39337 45450 543 10825 1878 2410 543 61316 9118 41865 1881 61223 45450 543 10825 464 41865 9044 26612 112 61245 61312 3535 61223 2410 543 61316 9118 464 41865 9044 26612 84 61289 61298 61249 61223 2410 543 61316 9118 4225 2825 1658 2871 61593 61810 2898 2410 543 61316 9118 4225 2825 1658 2871 61593 61810 61309 61223 2410 543 61316 9118 4225 2825 1658 2871 61593 61810 3137 1347 18033 554 5608 195 382 5630 61238 9131 1982 61366 3251 260 61349 5626 1881 93 61239 19832 61228 23419 61314 61223 58 19832 61228 23419 61314 61228 2512 61223 41865 2097 2410 543 61316 9118 2871 61593 61810 2953 925 26073 600 2099 5630 61228 1345 5626 20607 5608 45450 543 10825 61223 41865 2097 41865 1881 118 93 61247 125 23419 61314 61265
35382 13695 10150 25270 57887 954 21292 5608 331 464 25380 241 35393 13899 600 54158 21449 31070 459 61423 61223 25678 15725 2831 13025 363 31510 21095 58978 549 21073 893 554 5608 337 549 21073 893 554 5608 993 3052 3996 337 549 1180 21880 5608 45450 543 370 27800 61238 41865 1881 1034 61593 61810 241 44610 2354 61407 47544 1814 617 17607 8035 32344 44949 61241 3251 8035 32344 61223 33462 61333 25678 8665 4023 21561 3451 3306 61223 11411 16284 35063 554 14401 331 14613 1846 3832 13758 37424 19120 241 44610 1814 617 17607 43356 931 61216
1321 10814 6812 20321 19339 19319 464 24593 370 9044 241 1489 15550 17414 31122 459 3069 24912 343 880 57091 11157 61282
3282 4286 2450 996 37212 61228 57001 2354 967 41865 1881 241 195 2470 315 61236
11411 6611 41198 61263 4751 9077 5608 1489 771 26565 5760 37759 3306 195 25598 61316 363 33544 6427 28343 32544 61339
35382 13053 19822 40850 61223 13053 5388 4240 195 5760 290 25471 22406 922 241 42308 11974 6208 140 50556 61260 140 11701 61223 37038 45821 1545 48704 49815 2097 1347 9043 52539 9131 948 61407 3251 4706 25598 61316 363 370 39932 440 45450 543 370 39932 1660 58619 7640 73 8787 3494 40644 20564 658 315 13057 61349 241 10428 217 2825 61216
52949 13695 61223 4706 24589 3306 21796 9077 3251 45618 8762 50461 337 38837 1415 4260 61383 4514 421 9191 6208 61223 1276 36525 61513 61223 2032 241 4826 18378 45575 2097 4514 421 9191 6208 26153 4810 7629 3385 61270 817 2020 250 440 1557 2603 3495 16647 21796 9077 3251 43892 600 61235 25184 17945 61223 3385 3184 3251 414 53366 21796 9077 3251 45618 8762 50461 61216
6648 5082 15186 5608 61161 10825 19513 25678 12869 37971 4286 337 54876 5486 421 331 318 2410 543 13992 61216
1046 61627 61591 61665 61600 40644 2030 5748 61238 4023 22710 4061 337 24621 967 771 1660 337 3385 61333 7593 6611 30640 1447 18406 44584 37212 52 464 1947 3238 61238 38680 61223 195 265 1985 24207 36672 18517 6427 11411 24207 14893 617 5630 61238 51570 600 1533 543 61316 9118 61223 45450 543 15725 61223 44584 45690 296 8762 61398 61223 44055 55449 30267 260 61349 5626 3832 5608 45450 543 10825 337 331 1947 459 24207 37794 5608 45450 543 10825 61216
1059 893 2034 459 2410 543 61316 9118 1726 4092 61563 382 22405 41865 1881 93 9164 61207 61314 61265 93 61235 7628 61275 2034 1982 3385 31860 6611 331 5627 3052 61272 1689 61223 3385 61333 19676 6144 22719 61383 52672 241 45450 543 370 6208 241 260 61349 5626 3832 4240 15287 843 647
3171 61252 440 7593 414 938 266 8620 16020 2912 23851 61243 549 61263 3495 28544 25902 61223 722 59897 19591 61238 40906 61333 46030 5388 61349 61216
201 61591 17786 58619 58189 61223 17067 40698 15720 241 993 3052 459 61423 241 13095 265 2470 464 2312 14613 21561 61279 4061 93 61665 61593 61810 61265 93 7052 2821 8337 2980 23288 46607 722 13690 2121 58619 7640 61223 17067 40698 15720 241 993 843 363 61223 2526 549 40698 15720 241 993 3052 459 922 1034 61593 61810 26733 13539 2040 61223 19069 2980 25215 46607 37038 45821 464 57323 18615 50618 51498 2121 37794 3498 45450 543 370 5836 6427 14250 4031 61272 3498 32667 250 8762 61223 993 1482 58619 7640 73 8787 3494 40644 3385 1331 61223 464 195 25375 315 9044 195 58619 60510 61223 549 40698 41611 241 5554 421 61541 3251 7563 19822 54160 11318 2821 2898 1740 2589 4063 40777
46926 21768 61355 8194 41424 61223 4023 4975 1085 1184 27800 61238 45450 543 10825 41865 1881 11411 6611 13690 18721 2034 459 2410 543 13992 61282 2410 543 61316 9118 10379 322 1331 61310 3251 41865 1881 61223 40633 16684 3385 61316 8665 996 34687 61228 250 10379 322 61235 21768 1127 18467 61513 10428 1585 217 19120 61223 40633 1732 28517 61243 296 37095 18401 44055 55449 18401 7986 322 7682 41268 93 38964 769 722 13690 24576 2312 600 2896 1085 29699 4240 4260 2099 13097 18615 9786 2014 30575 2410 543 61316 9118 93 217 47962 151 8646 61265 4706 4260 2099 13097 47544 4225 2825 1658 93 61293 11701 647
1008 61627 61750 19513 331 26713 546 27806 4706 43883 9752 61243 4240 658 343 61223 34130 24207 1299 13695 61223 4076 56962 954 73 8787 3494 40644 40833 5266 61216
318 15618 290 26176 10963 24072 38020 7629 61223 2032 37794 9826 1975 771 546 4286 2410 543 61316 9118 925 61569 61763 61567 61228 23419 61314 3598 13594 23054 217 241 44610 4826 16912 10055 4023 22710 4061 61216
7391 4706 13695 61223 10150 414 1661 31767 3915 7421 543 290 20893 61228 250 13317 4023 4975 1085 29699 61223 28953 10127 30267 36903 936 34863 8552 38602 658 58750 60510 241 30534 1985 61383 1331 61275 195 41708 61275 61223 195 22222 10150 1303 23381 464 20149 61270 1689 6427 1557 459 543 2097 61216
6648 2548 1768 50748 20634 31510 1732 440 7640 61398 322 2548 296 31009 1910 9044 9059 217 58642 61223 49949 342 25236 3251 18162 22213 61216
1008 46516 61238 17847 8394 53325 459 3385 61333 16647 296 8762 61398 6427 1489 343 61223 2526 53325 659 931 7563 19822 19513 241 40436 61243 5358 61216
16748 8433 421 1184 41961 61333 8113 426 659 1127 28186 34161 61235 21768 1127 28186 59709 140 8131 4225 26804 9750 34161 342 61228 61313 31493 1533 61383 658 3451 2410 543 13992 61216
939 11576 3306 61223 23274 35866 421 337 29441 46743 5608 51513 61223 24140 61223 20564 658 18972 3306 61223 49949 342 241 6243 315 4023 51578 29699 3498 61216
2349 61238 61235 44060 39337 337 4225 388 1660 39337 61161 10825 61223 24403 36219 27800 61238 2603 265 5082 33725 61243 3142 61275 21059 8433 61275 17137 5082 33725 290 25210 61235 5074 290 1034 61644 61303 61263 4975 61241 61216
11107 19513 27262 421 13899 600 54158 30267 61161 10825 241 1928 5551 59352 140 50556 61260 140 11701 61223 195 22222 10150 1303 50565 421 2014 33963 24222 37356 4260 3418 61532 3566 2896 1910 440 24222 1127 5585 51570 817 22588 382 61263 3238 61423 337 41268 93 61293 18805 61265 337 21796 440 1347 1533 25375 17945 93 61303 11576 61243 682 1389 54947
3030 546 37388 61223 27318 2121 27262 4758 3498 1303 57573 2912 61272 2410 543 13992 73 8787 3494 40644 19513 1303 617 6546 33773 382 12688 3064 15594 61238 21846 19997 41934 55907 61303 6245 3498 20823 61275 414 4260 61383 27431 53574 464 343 61423 61216
7704 9196 4571 37971 2190 3769 18061 543 90 18805 61223 7978 30267 195 25375 17945 61223 27262 6395 5608 241 28386 5082 61313 61223 24694 1985 15720 61216
787 61671 61569 20301 343 3001 37925 241 2831 13194 2121 7682 1726 39749 61477 1451 26595 58019 61243 1447 61268 543 8762 10055 2410 543 13992 73 8787 3494 40644
2438 41865 9044 414 1328 15618 290 61223 241 1661 363 24576 8465 49060 7640 42593 6395 7640 27754 421 241 18517 2097 658 18972 56141 33336 21449 337 265 10127 6647 61223 241 38637 1072 61312 26863 61300 363 2070 8195 658 18972 370 15720 33336 3238 37515 8054 44176 61216
47226 440 440 4562 459 16684 14660 29645 1557 459 8665 18721 3069 3498 722 61303 2157 19809 93 217 47962 61223 27318 722 61303 2157 7251 2121 21634 290 61333 993 722 817 61232 2157 19809 337 27318 1557 7421 543 290 993 41752 769 2526 44747 331 2099 382 61407 26412 61223 2032 1732 7421 543 322 543 3306 20564 1557 459 543 936 6427 1303 2157 459 7629 61216
1034 342 2070 61238 25678 10825 54635 388 10238 337 36984 2526 22031 45450 543 370 5836 7563 19822 73 8787 3494 40644 55547 9750 241 46516 61238 17847 61216
1008 31475 61238 318 3764 546 217 2468 2468 45717 370 6208 43892 600 61235 25184 17945 93 14613 8433 965 16898 20607 4240 40850 464 2450 30063 61275 61265 7173 10963 140 50556 61260 140 11701 195 12613 61247 24072 38020 7629 4076 1667 1345 3206 290 1557 7563 19822 11900
7704 10791 3832 5608 45450 543 10825 21095 1846 6611 23509 28544 421 44548 22299 5627 1326 14312 388 931 2333 61535 61593 61216
2349 47643 41184 1347 421 9500 19697 296 73 8787 3494 40644 296 5554 421 61541 4207 337 54608 34688 18467 61513 4315 4031 893 426 61513 241 13025 61398 20301 421 28081 11095 61263 13758 4315 1345 33528 61223 414 53082 31666 7640 28386 61349 363 61423 37676 27744 7563 19822 61223 3064 15594 23012 363 14363 1184 16284 28324 41671 61216
6648 2548 1768 731 3451 61398 2108 954 3069 11492 1557 617 20182 61223 1303 2548 1768 1303 1474 1660 954 12442 1689 61216
1321 4305 5630 549 16020 2912 23851 61243 2146 14255 61383 61223 464 39122 7046 4810 7629 59184 18615 1331 61238 53047 4706 13695 61223 10150 35449 954 61223 2032 2410 543 61316 9118 1303 23851 61243 2450 731 382 5073 61398 61223 2450 1447 21504 936 61223 17067 241 22531 6243 315 37038 9025 6611 6427 55883 5630 61216
11424 967 61223 1347 25184 1913 954 195 7682 7751 8853 922 682 34161 61235 13025 6427 136 1507 8433 61272 1557 459 543 1881 337 1347 7635 4933 61223 195 22222 10150 61223 24140 61223 195 265 2014 954 5760 290 25471 195 12571 61275 61216
39630 61303 61303 40366 2249 3001 37925 241 39519 195 58169 922 3764 546 217 331 27431 53574 720 18862 5168 43323 4240 37424 4061 337 12571 922 36903 33543 27885 16647 61216
1544 4903 43338 8294 12442 931 195 2575 12644 61275 337 1415 1180 26218 4240 12442 9319 61223 195 25678 15725 61275 56640 61216
7704 9196 4571 9131 948 61407 8194 2410 543 61316 8346 8194 1975 771 61383 61223 3069 843 52539 337 52319 14401 51273 17840 45450 543 10825 10379 29834 37515 45066 47544 31282 1085 19249 36803 6427 45450 543 10825 21095 58978 41198 61263 4751 9077 14401 1347 12084 21905 195 7563 23287 9077 4240 4023 1982 33773 5935 61216
6387 331 25285 52539 1303 4975 343 14363 931 61223 4225 26804 9750 38219 40859 45618 8762 19106 61216
59659 546 414 2662 43356 465 13594 21095 57002 4566 3196 5569 27800 61238 331 1947 459 1881 61223 56572 1482 14978 60979 61238 25783 241 14775 31561 4061 61223 34130 24207 1299 4826 543 15503 38837 61223 722 13690 43446 15271 1881 331 4023 22710 6647 13194 24897 543 37583 61216
2438 61407 1451 14401 41865 2097 2410 543 61316 9118 93 15616 61314 61265 3385 44075 331 440 9118 61216
7519 14274 4319 61228 52799 9173 61223 60979 61333 27733 61223 27355 25678 8665 48644 1184 195 3069 843 32113 922 4023 56409 1982 61232 18401 38159 4061 61223 10150 20447 22814 549 2150 10791 2097 46944 17960 464 11983 5836 4315 23071 4061 61223 14213 20893 61228 57001 50405 2020 61268 24072 617 6245 6144 44140 3915 61223 48644 61252 13594 17156 7593 954 52727 57332 296 60761 25678 370 9044 337 33402 43141 830 9325 9551 61216
7704 2514 342 17840 17414 45450 543 10825 195 45450 543 15725 61275 41865 1881 1347 36219 2249 17167 19288 464 39122 38680 55883 5630 1347 61275 315 370 15720 337 7682 16610 19715 13367 7421 10791 1881 61216
1696 13565 3385 61333 4976 936 56902 20149 3498 14615 28738 73 8787 3494 40644 1557 2410 543 13992 6427 8031 7524 8612 61216
57042 388 546 13913 388 14106 296 1814 3996 1982 3206 61275 4315 363 9325 12683 27885 16647 5013 61816 61596 61569 5875 61275 53919 5080 61223 2032 1667 62005 61816 61596 61569 40762 20191 954 32808 13758 4562 965 241 60639 4061 24576 17824 382 27731 20986 2014 1658 241 24011 23458 61383 11065 1667 61470 61238 5141 61468 9131 9173 23649 720 18862 5168 43323 5608 37424 4061 61223 151 48659 29645 21095 22814 11900
46483 30637 61238 54129 19513 464 15594 690 61349 4706 25678 10825 53192 41296 620 464 731 2157 10238 5358 241 41865 6208 61223 17067 34863 25678 8665 7682 4225 2825 61263 1557 34109 8612 61223 10150 56469 59046 217 1479 24897 421 33963 16327 19138 21059 4092 17607 44140 8195 73 8787 3494 40644 61216
3030 2662 37038 9025 61513 46250 49652 16684 53048 34380 241 18721 1257 1345 35764 3996 61383 549 617 2896 61223 2526 61223 24140 61223 21292 5608 35764 3996 61383 23453 6427 35764 3996 61383 26229 24948 31475 10702 2150 1447 61275 61223 26847 8368 1814 11974 61216
1008 22918 7136 1474 4628 61241 3498 1338 11568 61477 11165 1347 6020 1947 9750 1415 40858 7977 19697 61223 337 241 13095 55993 12615 2121 7136 1474 4628 61241 3498 1338 11568 61477 13690 11411 6611 296 31493 5608 21634 44462 45148 44140 61235 936 61216
1034 342 2070 61238 1433 56042 3451 3306 61223 1433 56042 3451 3306 337 44140 61235 936 45493 15000 17516 3178 48890 13690 3385 34215 421 1732 43213 331 5554 965 61238 61223 7046 4810 61333 31009 33026 4260 549 2020 61407 5608 26504 4061 61216
9153 24537 21095 1846 6611 549 55883 5630 60979 27800 61238 90 7583 731 554 5608 331 20335 1180 10825 61223 2032 21251 15720 44168 9728 8195 965 14586 331 20335 1180 10825 922 24589 3306 61223 1732 3385 40961 6208 30640 843 26412 42033 8612 61216
10646 2312 30301 61235 61316 3498 296 4254 8667 465 43512 48717 5486 1881 61275 1326 47643 10556 1557 21231 771 26402 46259 296 31493 5608 56572 421 1184 24207 38680 195 21426 5608 50619 9501 61333 13607 61223 195 22222 10150 35213 43718 24897 421 33963 2410 543 61316 9118 61216
21248 29645 3385 18614 61223 1151 23810 16684 1433 27801 954 195 12571 61275 549 9201 61238 136 319 93 61325 34161 61235 843 8433 61272 61265 8035 10791 2097 61216
21248 21292 5608 61223 331 426 690 388 29699 5608 241 830 9325 363 61223 24403 36219 6611 17112 37444 1331 61238 331 4747 15550 61223 34130 24207 1299 7563 19822 6427 8753 10155 19822 22703 8273 61383 61223 1151 3001 16684 14660 30316 315 342 241 46516 61238 17847 4315 1345 33528 4315 1345 33528 1667 61232 22112 9938 6144 4315 1345 33528 11900
1046 8762 61398 1474 554 465 16684 24403 36219 954 32808 13758 60103 331 36672 421 61240 33402 16284 51695 337 24403 61243 18946 32113 52727 25253 16684 24403 36219 954 53192 41296 5748 195 28251 59352 464 15287 843 61223 722 13690 16372 23748 195 45450 543 10825 922 337 5760 2470 61303 4061 61216
50919 771 19513 17112 363 61238 23054 342 25678 15725 140 50556 61260 140 11701 61228 27040 61247 4706 58642 20823 61275 61223 17156 19676 4240 414 3069 5082 3306 15725 13899 600 54158 17607 31122 459 30591 73 8787 3494 40644 4706 38774 1881 1303 61313 19138 1658 61216
52949 13695 61223 8368 19041 967 61275 13053 22814 4260 48695 60103 2121 59897 19591 61423 27218 61310 3498 42308 11974 5836 195 55908 61513 53048 17960 3385 600 459 61216
6648 10439 9728 8195 24765 58019 61243 1447 24765 1347 61513 61316 241 18517 2249 73 8787 3494 40644
7383 546 61238 3385 21880 4880 2121 1557 19282 1881 61236
1321 7635 2912 15725 13594 38774 342 241 39519 195 22799 7927 922 1170 1180 15503 22299 1533 61383 4706 25678 10825 241 4566 45877 3832 4240 8035 30829 370 6208 93 61272 35764 3996 61383 54333 61477 2600 61265 416 2468 13106 30063 61272 61282
21248 464 554 13600 3832 8194 59046 217 18378 12613 61247 26153 4810 7629 22228 30918 3498 34384 61313 61223 3001 24222 37356 16684 54499 22814 61216
9153 21634 290 61333 337 1544 290 421 61240 19085 19676 5608 31070 3996 60406 3832 9025 6611 61223 2032 241 13025 61398 31428 1846 6611 14250 4031 26565 32667 30637 73 8787 3494 40644 241 18050 50769 1928 2014 1127 38665 45450 543 15725 61223 38814 546 549 54876 3206 421 2468 21292 5608 331 1928 2912 22031 2410 543 61316 1913 61423 925 61627 61591 61665 61600 40644 7704 18222 58531 7640 38109 931 61216
9170 11568 2014 12570 47440 41865 1881 4023 22710 4061 61223 9621 4023 22710 6812 16684 241 8737 954 241 13095 265 23645 61216
11111 5569 20687 3306 28081 19106 6783 3498 31666 7640 35393 59508 45241 1347 18033 36558 195 31070 459 922 1814 3996 1982 30633 549 2150 5082 15186 3498 51695 61223 47168 58532 2097 28621 61235 61216
11551 34130 7629 19513 1557 266 7977 3498 3769 1910 18603 93 217 47962 61223 60979 51554 4706 7563 19822 769 241 45839 5135 61228 5019 4023 4975 1085 29699 3498 296 6674 12644 61275 993 6674 9485 4023 4975 1085 29699 3498 73 8787 3494 40644 25698 24694 40656 25678 8665 658 266 7977 3498 3769 1910 18603 4706 7563 19822 73 8787 3494 40644 4023 22710 4061 61216
7704 9196 4571 37971 554 8194 37543 1881 61275 787 61671 61593 61223 38027 337 265 10127 388 370 22085 421 343 8028 3832 9025 7704 61513 1345 7136 843 1660 20069 48398 5608 51513 241 3069 843 363 57810 7694 319 61268 19895 61216 7163 61268 61216
8527 4004 61275 14401 45450 543 15725 16684 3385 61316 8665 731 322 15550 93 61263 61303 2719 5748 61238 2410 543 61316 8346 5608 6427 3385 1479 659 3832 5608 1470 543 3451 3306 61265 337 9131 1982 61366 5608 21869 4305 93 61263 61303 2719 5748 61238 2410 543 61316 5608 260 61316 2249 931 6427 3385 1479 659 3832 5608 1557 266 26202 647
