201 61788 61336 12507 12507 30289 2309 4002 61336 60656 61678 61426 61678 61441 4002 61426 60656 61678 61441 2678 54106 47305 671 10192 2447 61381 1307 1822 8898 1736 6041 5213 61455 4002 61426 61678 61426 4002 61426 12507 2309 7694 2820 30018 1307 62431 61547 1704 61654 2227 2309 2974 61421 5624 61455 24285 5309 1259 61426 61688 61654 61441 3812 6360 2974 61421 5624 61455 24285 5309 2418 51311 15585 47770 61441 2447 1250 61487
201 61491 61381 17240 61995 38243 2882 13479 1736 3679 61654 13340 49515 9272 17162 17240 61995 38243 2227 2309 15326 6975 1822 1226 4928 3307 5155 61223 4888 10979 62100 61320 61553 11948 5155 2375 17411 9866 2678 6107 9955 61372 5309 5484 5958 18808 4659 2309 6975 1822 1226 40929 1736 3022 61421 6228 61725 61320 40929 3349 2974 23625 61421 11948 5155 61223 56545 46424 20247 2820 61223 48620 43174 21849 3448 2820 21849 3448 2309 1643 61688 7814 61223 598 4805 13743 61411 1120 13743 61995 61223 4002 61426 30289 62246 9757 61223 395 29323 61372 61336 5309 958 61372 61336 5309 1802 3134 4659 61223 36263 13479 5309 1802 61372 5309 1802 61576 61516 61357 61397 5309 1736 9420 61576 61516 61357 45767 15031 61357 61397 61223 2678 395 62048 43206 2974 19553 61553 4381 12392 3425 8005 19553 61553 3163 23841 61487 201
201 61421 61688 3163 1822 3121 318 7137 1120 61676 2309 318 7137 1120 61676 7345 6041 38243 9399 5484 61342 10733 2227 1736 6041 61411 8578 2227 2309 1307 19058 2227 2309 37722 3129 54613 61553 5309 8005 42055 40929 2678 2974 30069 4381 9272 15632
1515 4805 59762 61397 3425 1325 61426 61480 10061 2447 15710 33800 4381 12392 2309 6162 10725 3812 61455 8578 61995 4386 1250 61216
39602 61543 1700 2227 3349 61132 12392 3425 2678 61732 48111 10406 28465 8369 61522 3818 61342 2227 2678 8902 9420 61411 10192 61473 60282 2974 46424 4381 2115 11752 1388 1736 7137 2447 61228 13550 61473 2678 5547 14248 61707 12392 2820 1307 12776 8256 15321 8005 42055 12392 1736 8369 61522 3818 23131 2227 3425 9420 61411 10192 61473 60282 22628 61543 1704 2309 49515
140 50556 61260 2309 1802 61455 9757 30289 2309 61547 61411 1704 61654 395 1704 3301 21613 61654 4002 49562 61397 1736 395 1704 3301 21613 61654 4002 49562 61654 2227 2678 2418 21861 61543 4381 56470 416 5812 183 5484 3121 61553 7105 61372 2678 671 10192 2447 61381 6360 5881 61441 416 5812 183 1259 12151 28947 61491 1259 61426 61688 3163 30725 12392 2309 6162 61216
201 15566 1822 61473 12151 61411 2447 40929 2309 6162 5547 1344 61426 23131 4381 5484 10061 2227 2309 6162 1643 61426 9399 4381 5155 17411 7419 6041 61411 35139 3425 8005 19553 61553 3163 2418 20884 49984 3812 5484 61342 10733 2309 46109 46799 1250 61487 5484 61342 10733 1307 19058 12392 3425 37332 5484 61342 10733 2227 2309 2974 19553 61553 2309 2418 22925 3129 40192 1704 3425 1182 3818 61372 1250 61223 7247 7419 7385 10038 8721 44142 5484 10061 2227 2678 8902 5484 61342 10733 61455 40067 62817 61473 24349 18666 2115 10310 3307 5155 10359 5484 61342 10733 1307 19058 4247 16749 17904 61487 201
201 61646 8909 1388 24881 2447 1250 2375 8005 61780 61553 61421 62817 9680 3701 39373 16771 1704 2309 15326 23348 61228 9757 15478 4386 33546 2418 8898 1250 61223 30754 8721 54916 3129 23348 61228 5236 2418 61342 61397 61480 10061 61995 2227 2678 1515 1120 61421 9233 3129 1802 3134 2227 2309 8369 9391 1700 2227 2678 30530 1704 2309 6162 17949 37332 5958 4359 61356 2632 61480 61543 3307 5155 15632
201 61342 61868 5390 61732 2227 3129 61223 5484 5958 18808 4659 1058 61480 10061 2678 18235 7814 3812 61455 35139 3129 35946 14590 17162 1250 2375 1307 18628 1802 3134 2227 3425 8005 42055 3349 30412 61553 61381 1700 4386 2115 11752 8898 1250 61223 1736 8005 61780 61553 1250 2375 9680 9866 61223 1643 5958 61516 61421 1736 2882 5309 4381 61357 8818 6298 61947 61372 2309 58567 9680 3121 14412 3818 61372 3425 958 3163 2115 12451 5155 15632
7247 40384 61473 55740 3425 17240 61995 38243 2227 2678 46799 2820 46799 5649 61381 21849 3448 40929 3812 2418 8898 1250 61216
201 1643 17905 18808 6041 61411 8578 61995 2974 3134 24349 61426 2227 3425 6041 38243 9399 5309 1325 49235 2678 10979 15566 19760 4381 10406 61282 10979 15566 19760 4381 12392 2309 6162 8369 61522 3818 23131 2227 2678 10979 15566 19760 4381 12392 2309 6162 10979 15566 19760 4381 12392 2309 6162 8369 61522 3818 23131 2227 61223 56545 46424 20247 2820 4888 46799 2418 61421 61490 61372 2309 17240 50244 2227 2820 46109 5155 61223 1643 17905 18808 2820 6041 61411 8578 61995 2974 3134 24349 61426 2227 3425 47373 1250 61223 18579 35840 2309 59572 6360 21849 3448 2820 6360 8005 42055 8005 42055 2678 8005 42055 3425 47373 1250 15632
19223 43449 2227 3349 846 3705 61372 15795 1736 6298 20510 33887 5309 20247 2820 2632 61417 61441 2820 30530 61417 61216
201 61426 2661 61936 4659 30018 1700 8005 61516 62048 61372 2227 7345 19223 1687 61947 4659 2227 3129 2820 9823 3425 1515 5129 61417 61947 3425 61223 32379 8600 2227 2820 7137 25071 3307 5155 2375 846 61576 24777 61356 61707 61455 3349 2974 45583 24202 2309 20247 3129 2974 61421 5624 61411 8578 61995 2309 20247 3129 2974 19553 61553 3163 12392 2309 6162 798
201 3379 7137 1120 61676 3129 61223 1259 61576 12507 61336 5298 61868 5484 61342 10733 2227 7345 6107 12507 61336 5298 61868 32379 8600 49515 1307 19058 2115 14590 17162 14157 61223 6052 61543 1700 1736 395 61480 61473 1700 1307 19058 15236 1736 7137 2447 61228 13550 61473 8902 1307 10419 61676 2227 2678 8902 39373 2820 42372 61441 1704 2820 958 3163 11948 15236 15632
201 61543 61576 5236 5272 2309 84 61249 61251 61249 846 1388 61707 61426 2309 15859 61780 61553 7345 14132 25314 1226 1250 61223 19223 30289 61678 61480 6360 846 1388 61707 61426 2309 14412 61455 45765 1704 2309 6360 38537 35088 43938 27497 59027 12796 29776 5155 15632
201 61659 61426 61336 5309 61455 1436 10419 61676 6041 61411 8578 4659 1736 8369 61522 4659 8578 61342 2227 2678 5484 61342 10733 61223 39373 1736 846 61356 61397 3425 3022 1120 61676 3201 61336 1704 2309 6162 18235 2423 1226 17162 1250 15632
73 8787 3494 40644 2309 4002 31365 61707 3952 61426 7105 61372 5309 61455 61543 60534 16771 2447 1250 61216
201 61543 61417 1736 30018 1250 61223 30220 58645 3970 6107 12400 18518 1058 61480 10061 3349 33107 61947 61372 6975 61356 61654 1704 2309 6162 6975 2324 61421 20247 2820 2418 51311 15585 2678 6925 2974 19553 33325 32026 15632
201 61543 61547 7137 1822 61342 18698 40657 4247 16749 61223 3669 14132 35946 61417 1736 14132 54985 11136 15632
4351 6925 19223 1643 5958 40929 9362 1515 61576 3301 61397 2227 3425 1325 23131 61320 58498 61342 2974 19553 61553 3349 6107 9955 61372 12392 3349 2974 54348 2115 29776 5155 61216
1643 17905 18808 6041 61411 8578 61995 2309 6162 54591 61426 20474 36959 10406 1736 5484 10061 20469 3349 6041 61411 8578 61995 2974 54348 3349 15859 61397 27869 10406 61282 7137 2447 1736 5484 10061 20469 2309 15326 1643 17905 18808 6041 61411 8578 61995 54591 61426 20474 36959 10406 61216
201 61678 61342 24146 27013 1515 61455 8578 61995 4888 682 7137 61813 2309 15326 14432 12151 61411 61936 4381 73 8787 3494 40644 2309 15326 73 8787 3494 40644 3349 10725 8005 3701 61421 9362 1259 61553 62305 6307 1182 1984 61426 2227 3425 21849 61336 61426 3129 4386 25314 1226 61223 1307 14638 61491 3129 4002 61480 15439 3121 61473 2227 2309 1802 24202 1259 61553 4805 61553 2227 2309 1802 24202 1259 61426 61688 3163 40929 3129 30220 61543 31544 15236 61223 11136 1307 10419 61676 2227 3129 54700 12507 61678 61426 6041 38243 9399 5155 15632
598 61397 61441 1643 28669 2227 2309 15326 846 61417 4688 2227 2309 15326
23348 2820 4002 61426 12507 1736 17241 56650 5309 14412 3818 61372 9420 61455 61426 2227 2678 4351 7623 61320 33415 3307 5155 2375 38537 35088 43938 27497 2418 51311 15585 2678 4002 61372 3121 61707 9272 4928 28224 1250 61216
11136 7137 61426 4703 3129 6360 2632 61320 61654 61441 20748 1120 62322 61320 14590 17162 1250 61216
201 61309 7137 1120 61676 2309 500 7137 1120 61676 3129 61223 73 8787 3494 40644 3425 1802 61576 6307 61732 61342 2227 2820 5649 61688 31769 1325 61947 26934 61480 61732 1325 61947 26934 61480 61732 2678 2882 13479 3129 35546 17162 14157 61223 3379 61301 7483 61705 2974 19553 61936 61342 2227 2309 15326 61223 4928 61473 2324 2309 10458 61309 7483 61705 2227 2309 15326 15859 61397 27869 9272 1736 3679 61336 2324 10334 61309 7483 61705 2227 2309 15326 61487 201
201 61659 61397 61480 3701 61421 5309 49851 40929 49515 6360 2974 46424 61995 2974 42038 9272 17162 1250 61223 48620 7247 846 61356 61372 61417 61426 3349 58871 1325 17529 6925 3812 61455 8578 61995 3129 1250 15632
7137 1822 61342 14932 1704 2820 23398 50270 22939 1736 14132 5649 61688 1704 2820 30530 61417 10359 2776 14132 14477 61372 3307 4247
201 61553 4805 61336 61397 3425 55322 1822 61473 7623 61372 2418 20884 49984 3812 1259 61342 3129 6360 5484 3301 61553 62431 61553 62431 61372 42948 12392 2309 6162 1250 9362 1687 61356 4688 3129 6360 1428 61455 61473 61654 3163 31570 1250 61223 4888 2375 8237 59762 61397 2678 36209 30909 1704 2309 6162 6360 1428 61576 61547 19058 61336 49515 54613 4703 61936 4381 9272 41471 1250 798
201 61491 9536 6041 6228 61547 61441 6360 34841 61543 1182 25015 7845 4805 61707 1250 61223 48620 11148 7814 23471 2820 1058 10833 3420 61441 4386 1250 61223 46110 1325 17529 6925 1328 2820 61342 1388 61707 2227 2309 6162 50270 2632 61490 61654 3163 23841 61223 7247 7419 15117 3307 24960 44142 3022 3705 61356 3425 1802 61455 61397 2227 2678 18698 61654 1704 2309 6162 61223 9815 6360 20918 5129 61411 24202 958 5624 61654 3679 58000 61543 1700 10406 25813 20665 2375 6041 6228 61547 11148 7814 23471 2820 3022 43743 4247 16749 15632
201 61342 61868 5390 61732 2227 7345 8369 9233 2227 61223 1182 4866 61543 2227 61223 1058 54407 21849 3448 40929 3425 21849 3448 40929 2678 20584 61547 60655 4381 2115 23529 1250 61223 56545 46424 20247 2820 1428 8578 4659 1736 59414 61678 31769 30641 50123 2227 3425 22258 2820 798
11136 10957 28148 61426 2678 61336 3163 61768 61553 7105 61397 93 9164 61207 61314 61265 16320 54316 1250 61282 6360 958 61947 4659 61426 4381 1687 24349 61516 61417 61228 61707 38319 61707 1802 3134 61455 3349 58567 1250 1736 43150 6228 6298 61480 61397 1802 3134 1250 61216
201 61397 1700 61397 61228 3121 33325 3598 1515 4805 61397 2678 62246 33325 21439 40644 93 1432 61311 3349 2678 61336 61372 61417 25373 25373 61397 31987 61426 11373 61265 2309 48041 9955 15818 25213 1250 61223 6360 6298 61480 61397 5309 6298 61480 61397 1802 3134 1250 4888 778 61311 3129 14477 13340 48145 14477 61676 2324 3425 47428 78 11093 61223 598 4659 43743 61455 61223 18605 9520 3129 61487
201 11191 61473 7814 61421 3129 61223 500 1740 61301 60513 9360 3129 73 8787 3494 40644 3129 3522 11318 61332 31987 61426 1700 2227 2678 1325 1822 61473 2447 61441 4381 4386 9272 17162 14157 61223 46799 2820 46799 57645 2820 5958 4359 5484 5958 18808 4659 6975 1822 1226 2974 23625 61421 11948 15236 15632
201 61659 61947 26934 61480 61732 1259 61678 1643 5958 2974 26671 61522 61372 2227 93 61251 5340 61265 6360 1643 5958 2309 8369 3420 61397 2309 1643 49984 2324 8369 25706 2115 12451 5155 61223 1325 1822 61553 21050 52132 9420 61417 61397 5309 2447 3425 1515 61543 61381 2820 9362 60764 1428 8578 4659 31987 61426 11373 3812 1428 8578 4659 1802 3134 4659 3425 2974 19553 61553 5309 2447 2309 1643 49984 2324 2096 61228 18682 2309 2882 5624 5309 61455 61491 3812 61455 3812 61455 8578 61995 2309 58567 15632
201 8369 52028 2227 3349 15859 61397 27869 56470 4888 1515 1120 61421 9233 4002 61725 1344 61576 61725 2309 6107 12400 18518 1058 61480 10061 3129 2974 45583 24202 9272 17162 1250 1736 24514 3129 21849 61336 3134 5309 6041 61411 35139 61223 1736 6320 45765 59027 2227 2678 6041 38243 9399 1250 61282 6172 17241 56650 5309 14412 3818 61372 3349 6107 12400 18518 61339 8342 1515 61455 61336 3134 5309 6107 12400 18518 61339 11727 1182 61372 61417 61441 62431 61516 5309 6107 12400 18518 61339 15291 9823 7137 61426 1700 2227 3129 8005 61516 61421 1700 4381 31987 61426 61339 1736 19694 2418 61813 61342 18628 3425 395 2423 61381 61995 61216
201 27802 61553 61381 61372 61223 15710 18518 61491 28097 3812 1428 61480 13550 61868 1436 4688 2324 2227 61223 395 61868 5390 61732 2227 3129 46799 6107 26671 61522 61372 9362 32379 52278 43449 2227 2309 58567 11456 7720 9362 11148 7814 20247 2820 19747 61342 14590 17162 1250 15632
201 61659 14796 61320 61397 5309 5484 5958 18808 4659 6975 1822 1226 40929 2309 16320 18808 25376 9362 17057 61397 61547 1700 2309 8005 61547 60655 3129 9362 8005 61547 60655 4381 2418 51311 15585 1736 53194 3022 61421 6228 61705 36752 35607 61342 2227 2678 6298 61480 61397 3163 2309 30987 1687 61480 17529 61336 395 61480 17529 61336 2227 2678 29733 12392 2309 6162 29733 12392 2309 6162 93 61491 61381 62431 61216 9420 61576 61516 61357 45767 15031 1058 54407 3378 61780 61553 11373 61265 2309 6162 801 1442 61256 31987 61426 1700 2227 2309 6162 16320 61441 20493 61947 15236 93 2804 61332 32751 93 61654 61576 61547 17910 61287
201 61491 9536 9680 3701 14042 10725 36236 4386 1250 61223 9815 2820 40067 1120 60493 24285 10406 1736 8902 1687 58000 42124 3425 15710 18518 61491 51021 2309 37722 3129 1325 61522 4659 27408 13452 52278 30725 10406 798
201 61768 61852 61320 3420 3129 61223 1259 4659 61688 61491 62431 26591 61223 57113 38458 61441 8369 61522 4659 11191 61522 4659 2227 2678 671 10192 2447 61381 3129 46799 2820 46799 463 7483 61705 5922 62431 61441 61336 3022 1120 61676 11948 15236 61216
201 61678 61342 5649 61688 1704 24960 30641 50123 3129 6360 19724 61015 61372 2418 1704 2309 6162 2418 1704 2309 20584 61547 60655 2227 2678 7483 61780 28224 1250 1736 61223 18579 9680 24514 6571 3129 5649 61688 47428 30641 50123 3129 15236 61223 9823 5390 61732 9680 3121 8369 9233 54985 1704 2678 6925 4386 1643 21496 15632
43150 61336 2227 2678 15710 18518 61491 1307 19058 2227 2820 1436 61441 21613 24960 15236 61487
2856 17905 61417 61473 17696 24777 61356 61426 2309 1259 61678 4002 1822 61342 1388 43757 1250 61487
201 16584 7369 31987 61426 1700 2227 2309 6162 1259 61426 61688 3163 37332 1336 61228 1902 1515 36356 2227 1736 5786 1515 36356 2227 1736 1182 3818 3970 1307 10419 61676 2227 2309 15326 734 13520 1515 36356 2309 1307 10419 61676 2227 1736 1676 47625 1515 36356 2227 2309 1307 10419 61676 2227 2309 15859 61336 61688 61473 2309 15326 60569 6107 61676 13340 37332 32026 93 61676 32663 682 1389 2351 647
201 61553 61688 18125 61455 9362 10061 61320 40929 1736 8237 5086 4888 57645 2309 15326 61455 38682 61336 3129 846 4688 3307 5155 60569 3022 61421 6984 5155 1736 19776 9362 10061 61320 2678 4888 15321 3022 61421 6984 3129 35946 2447 1250 61223 56545 46424 20247 2820 1428 61480 29622 1436 4688 20469 61223 23348 1325 24185 61336 59119 61381 3425 9362 10061 61320 40929 1736 56545 46424 20247 2820 36263 61417 61397 7105 61336 2227 61223 6925 3201 4703 1687 61480 17529 20665 59414 61678 31769 30641 50123 2227 2309 46109 15632
201 3301 45132 8721 73 8787 3494 40644 1325 17529 20665 19196 61455 23471 2820 58698 61320 61421 4386 1250 61223 2974 61455 21285 61426 5309 2418 51311 15585 40929 7345 10979 62100 61320 1226 1250 2375 6216 1182 3818 3970 1515 61455 61336 7105 61441 1736 1182 3818 3970 1182 61490 61522 1822 8898 61491 61342 1250 61223 1736 4002 61397 61788 61336 61678 61397 1736 72 16486 2820 6925 46799 1515 62305 25825 61411 3163 61342 1250 798
201 3301 2423 61768 61441 7105 61372 2309 3812 61455 8578 61995 3129 42733 1643 5958 2974 61421 5624 61411 61947 20469 2309 6360 54613 4703 61936 61995 3129 61223 6360 42597 31495 61342 2309 49515 7483 61516 61688 12392 2309 6162 1643 5958 2678 671 25706 2447 43938 20510 61342 1643 5958 2678 23682 61455 8600 12392 2309 6162 7483 61516 61688 12392 2309 6162 61223 6360 671 25706 2447 2309 6162 2098 61325 1307 9399 7105 61441 5922 62431 61441 61336 93 61426 1700 6773 2309 5922 62431 61441 61336 3129 61265 3129 40192 3307 24960 49177 61320 61487
201 27802 56650 61223 10332 17241 56650 5309 2418 51311 15585 1250 61223 1736 23795 54613 4703 61936 61995 7345 38537 35088 43938 27497 17589 3349 28283 62100 3812 3201 11373 3201 11373 2309 58567 38537 35088 43938 27497 17589 3349 28283 62100 61320 2309 49515 21849 61426 4381 9272 17162 1250 61223 7137 61426 4703 3425 1182 3085 29154 40192 61320 1704 2309 58567 1736 1643 5309 4381 61357 5958 4359 27787 2227 3425 4928 45765 3129 5390 61336 1704 2309 58567 61339 19223 17240 61995 38243 2227 2678 2632 61336 61688 61473 4247 11752 8898 1250 1736 10359 20665 2375 1259 61868 2418 51311 15585 16320 61441 20493 61947 4247 16749 61480 7323 15632
201 61678 61397 30289 61678 61372 2309 6107 12400 18518 24822 7720 40929 3129 6360 4002 61397 27802 61455 8578 61995 24822 7720 3129 2974 19553 61553 4381 4247 17162 61223 4002 61426 61216 12507 1736 671 1388 61654 5624 61441 2974 61356 3301 9757 1307 61381 1700 2227 3425 8005 61543 3705 4888 4002 61397 60656 1736 53194 31987 61426 1700 2227 2309 37722 3129 1325 3163 22435 13452 52278 56342 11948 5155 61223 1182 13719 6975 1822 1226 40929 40787 5236 2418 61813 61342 18628 2418 61813 61342 61688 61654 1736 6107 12400 18518 2974 54348 2678 958 62431 61707 25732 12392 3425 49687 25923 61342 2447 671 25706 2447 598 61441 9272 17162 1250 15632
201 5193 60310 2418 51311 15585 61868 3679 61480 17384 61725 8703 2678 73 8787 3494 40644 49515 2974 19553 61553 4381 5484 10061 2227 3812 8005 42055 56342 22430 1250 4888 6360 17241 56650 5309 61223 17241 56650 5309 61223 6107 9955 61372 5309 6041 61411 8578 61342 1736 38128 61813 12776 61491 6041 61411 8578 5309 11785 3301 5236 61441 3129 1643 1120 61543 36046 24960 6041 38243 2227 3425 8005 42055 56342 22430 1250 521 9757 27013 27013 2309 734 2820 318 5484 20572 3350 1736 1436 10419 61676 7814 6041 61411 8578 61995 40068 8721 61441 2227 3129 521 61245 41011 500 2820 836 4625
201 61768 4703 3301 61654 1344 5309 958 4805 13540 61417 1822 3121 61473 2309 57645 1515 4805 61336 61397 3349 24509 61473 61995 3679 4703 3301 61654 1344 62431 61372 3129 5922 61576 1984 61397 395 61688 61654 61441 3425 6360 1325 27056 4888 18628 3425 23471 24881 2447 1250 61216 8237 61336 7105 61441 24509 61473 4805 61707 5309 1307 4805 61473 61490 61342 2820 12796 8898 1250 11366 11439 7941 9955 61547 19250 61372 93 61426 769 24509 61473 61490 61473 93 61247 61265 1736 45428 4805 10192 61441 93 61239 61265 2309 8005 61336 61676 61336 5309 46649 25516 61372 2227 2678 4002 61480 8256 4381 9272 41471 1250 15632
201 61342 61868 395 61868 395 61480 61397 61417 61441 1736 4002 61480 3970 61522 2227 7345 1325 15566 5958 13184 2820 15439 15031 2678 47770 61441 14590 61223 1736 9823 7345 17949 36263 5298 11148 7814 20247 2820 19747 61342 14590 1250 15632
44142 30725 1259 61426 61688 3163 61480 1687 1344 61576 61473 1736 73 8787 3494 1804 61311 2309 6162 3812 61455 8578 61995 9272 41471 1250 61216
4002 61397 61788 61336 61678 61397 2309 2678 61336 61372 62431 61372 7105 61397 2309 4002 61553 11358 57240 20305 2309 6360 8005 19553 61553 4381 846 61852 1736 5881 61480 12507 61228 61397 34200 61397 2678 61336 61553 7105 61397 3349 10979 62100 61320 39572 1250 2375 58 61274 2031 8005 61547 60655 4381 2678 61336 2227 2678 1428 61480 45128 26780 20665 6041 62431 61553 61228 61397 62431 61336 61397 2309 15326 1182 61490 61547 61417 61216
10332 23295 21849 1704 2309 395 1388 43757 3129 846 61342 15585 1250
7247 53279 11030 2678 5390 61732 2227 2309 1325 3701 4703 22881 11948 5155 3669 3812 17324 22080 2309 2974 61547 60655 61372 3425 41649 61441 3163 3129 40192 61320 61868 2974 19553 33325 3425 51399 5390 3163 44082 61216
201 61473 33359 61455 3970 61223 17241 56650 5309 5484 61342 10733 5484 10061 2227 2309 6162 3679 3420 61768 61654 2678 1328 958 5624 61654 1182 3818 3970 4386 14932 3163 44082 61223 1736 671 61947 4659 61426 61411 8578 5484 10061 2227 2309 6162 30018 4088 958 5624 61654 4386 1250 15632
46799 2820 46799 500 2811 598 4359 1700 8369 61522 3818 61342 2227 1736 10738 17240 50244 2227 2678 5484 61342 10733 2227 2678 1307 19058 12392 2309 846 10038 12776 61421 3201 61417 33887 50023 53033 2447 2820 2974 19553 61553 4381 4247 11752 8898 1250 61487 5484 61342 10733 61455 3022 17234 2974 3134 24349 61426 2856 61688 3163 40929 3129 3201 61417 33887 2309 846 10038 12776 61421 3201 61688 61705 2227 2309 846 10038 12776 61421 43150 6228 30236 2974 1700 61480 10061 61320 1250 61216
201 61397 61480 10061 20469 2309 57645 2820 5958 61868 5484 5958 18808 4659 6975 1822 1226 40929 3129 5155 4888 73 8787 3494 1804 3137 3022 61356 61491 61342 61223 9420 61417 61397 9362 1436 61426 1344 61426 61223 1058 10833 3420 61441 8902 2882 5309 4381 61357 61397 61342 2820 8005 44221 31570 44082 15632
201 61659 61421 62817 1515 1120 61421 9233 3129 61223 598 4805 25373 61441 62431 61516 5309 1259 61426 61688 3163 2309 6162 598 4805 25373 61441 62431 61516 61357 61397 2309 6162 6360 20276 61342 6107 26671 61522 61372 2974 1700 61688 61473 2820 15326 4381 5155 798
201 61522 61336 61688 7814 6041 61411 8578 61995 3679 3420 61768 45132 3425 19525 52028 20474 36959 10406 8369 61522 3818 23131 20469 2309 23682 61491 61480 10061 61995 3425 30641 61426 2447 40929 2309 15859 42125 61282 5484 10061 20469 2309 7941 7720 61516 61417 15566 15439 61553 5309 30641 61426 2447 40929 1736 8369 61522 3818 61522 20469 2309 5484 20572 2227 2309 15326 6360 6975 2324 25213 6041 61411 8578 61995 1687 6307 12796 61678 14932 1704 2309 6162 61487 201
201 61342 61576 3301 9757 9362 1643 5958 2309 8369 3420 61397 2309 2418 61336 61480 61780 3129 61223 958 2661 61936 4659 3129 90 5340 3425 50023 35139 61223 9420 61417 50226 27013 61223 2632 61576 3301 9757 1704 61654 5309 2447 1736 7941 61441 61547 61417 61441 5309 2447 2309 37722 3129 5735 61417 15585 15478 48517 5155 15632
4351 17720 12151 28947 61491 5484 20572 3129 2418 61813 61342 15585 2974 23625 61421 12392 2309 6162 6360 1259 61417 3301 17384 2678 8369 3420 61397 56470 1736 6360 28283 42655 1058 3705 26934 2678 8902 2418 51311 15585 3425 49707 61553 10833 2447 2309 37722 3129 9420 61411 10192 61473 60282 12796 1704 2309 6162 1736 1515 61455 61336 3134 5309 1736 21849 61336 3134 5309 1259 61426 61688 3163 40929 2678 8005 42277 61381 61995 12392 2309 6162 61216
10872 61455 61397 5135 3425 3812 61455 8578 61995 73 8787 3494 1804 61311 49515 8005 8818 61947 4381 9866 2309 6360 3349 61725 61455 46193 8005 42055 3129 50023 35139 1736 2974 19553 61553 2447 3349 20474 36959 12392 2309 6162 1307 18628 2418 4359 3448 61768 61732 5155 61216
201 28240 61818 1307 61654 2227 2309 15326 61223 44142 5390 61732 2227 7345 46799 2820 46799 6360 7137 61426 4703 40384 61473 55740 3425 1250 61223 11456 61417 61936 4381 2309 7137 61426 4703 2227 3425 8005 42055 1325 61426 1700 61421 3129 61223 45428 61356 61372 61223 3679 61654 61441 5298 61223 1182 25015 61372 61223 2632 24349 61480 61397 61223 846 1388 61654 28947 61491 2882 13479 61223 3679 61336 2324 1736 2856 61688 21613 61707 17720 61543 4659 3129 1250 15632
201 55044 1643 61688 7814 2678 34841 12507 2820 31094 3085 61491 12392 2309 6162 61223 1058 61480 10061 61995 15795 2375 9680 1736 43150 6984 49851 2678 6360 61228 61522 25579 6984 3425 22258 50270 11456 61356 61654 12451 5155 15632
201 61543 61417 1307 61688 18125 61356 49851 1736 8237 5086 17411 3701 57645 1643 1120 32210 40929 3129 846 4688 3307 5155 8237 60569 40192 8256 395 62048 43206 2227 3425 3022 61421 6228 3129 5155 61223 958 62305 30489 61490 6925 15632
201 31987 61426 11373 6360 10957 28148 61426 2678 61336 3163 61768 61553 7105 61397 1250 61223 17240 50244 11366 11439 6925 4002 61397 61788 61336 61678 61397 61223 4002 61426 60656 1736 53194 1325 1822 33325 61336 2227 2678 6298 62100 61320 17720 61426 2309 5155 15632
598 3085 3701 11785 61516 61357 61426 2227 2678 17696 6228 5236 61654 61426 62431 61441 93 61678 5236 61654 61426 5624 61417 61725 61356 61372 61265 10310 1704 2309 49515 598 3085 7419 4247 11752 8898 1250 61216
201 61491 61381 57645 2309 57645 2820 5958 61543 4381 5484 5958 18808 4659 6975 1822 1226 40929 3425 8005 42055 2856 61688 61216 3129 6298 3448 27157 5155 61282 778 61332 2309 23682 61421 62817 1436 3085 4703 61705 4381 2418 51311 15585 40929 2309 15859 42125 1307 10419 61676 2227 3129 24822 61491 61516 61357 61397 4805 61654 2227 3425 17241 56650 5309 2447 880 1055 61350 14157 61223 1736 44142 34469 5309 1802 3134 2227 3425 1436 61426 1344 2227 2309 15859 42125 17241 56650 5309 2447 93 61659 23131 43150 6984 34469 5309 1802 3134 2227 2309 25478 3163 598 4805 13743 61411 13743 61411 61654 1388 61654 61995 61265 778 61335 3129 6522 61325 20584 61732 61421 32026 15632
2309 59572 644 671 3705 2820 46799 2820 644 671 3705 3129 73 8787 3494 40644 2678 47373 1704 2309 6360 24146 7720 8005 42055 6360 1325 1822 61473 2447 61441 14149 8372 9362 2856 61688 60656 61788 61868 3129 23682 61455 8600 3425 1182 44124 61421 32026 61216
201 61646 3970 5213 61995 2309 6162 61223 1325 61947 26934 61480 61732 395 61480 61543 1700 20469 2678 18605 9520 2820 2856 61688 3163 2309 6162 9420 5309 61654 17057 61676 4386 11948 93 61397 61480 61780 61553 61421 62817 21849 3448 40929 2309 60020 41498 4703 3129 48263 2309 6162 30530 1704 2309 6162 1736 5390 61732 2820 46109 42372 61441 1704 2309 6162 6360 846 10061 61455 3349 2882 61417 7814 10310 1704 2309 6162 958 61543 61547 17905 16771 1704 2309 6162 15632
201 61245 8787 3494 1804 3137 12613 61247 1736 140 50556 61260 2309 4002 61336 9757 60656 61678 61441 4002 61397 60656 61678 61426 2309 15326 73 8787 3494 40644 2309 2974 61397 27869 2678 54591 61480 10061 61995 12392 2309 6162 30220 58645 3970 1687 1344 61381 61995 2678 54591 61480 10061 4381 9272 61223 1736 10332 46649 25516 61342 62431 61441 7247 53279 11030 2309 2418 22925 2227 2678 15710 33800 4381 22430 1250 15632
1259 61678 2678 61336 3163 61768 61553 7105 61397 93 61245 8787 3494 1804 8335 2974 42038 61372 61282 1802 62431 61491 61441 57113 4703 61543 45394 61725 1182 61372 61336 61441 2974 61732 61411 8578 61342 1736 6298 20510 33887 5484 5958 61707 3679 15031 61357 61441 61576 24777 2309 49515 2974 45583 24202 54591 61480 10061 61995 3425 8369 9391 1700 46649 25516 61342 62431 61441
201 61473 33359 61455 3970 1307 10419 61676 2227 1736 10738 17240 50244 2227 3129 2974 19553 61553 1182 3818 3970 38537 35088 43938 20510 61342 14157 61223 6041 61411 8578 61995 2309 20584 61547 60655 61223 1687 47304 3201 61417 33887 61223 1307 10419 61676 14932 1704 2309 6975 1822 1226 40929 1736 17240 50244 2227 2309 6162 4888 22881 4386 2115 11752 8898 2418 1704 2309 6162 2418 23131 5309 3022 1120 61676 1250 61487 5484 61342 10733 2227 2678 1307 19058 12392 2309 15859 54348 3129 2856 61688 15566 1822 3121 7345 1643 17905 18808 6041 61411 8578 61995 2974 3134 24349 61426 2227 1736 28153 4703 2974 61732 61411 8578 61995 2227 1736 30555 4703 61654 24349 61426 2227 3349 14949 3425 10979 62100 61320 61553 14590 1250 61223 11366 5236 5484 61342 10733 1736 6041 61411 8578 61342 2227 1736 6041 61411 8578 61342 2227 2309 15326 1643 17905 1643 17905 2820 22881 2115 29776 5155 61487 201
35484 21285 11541 34200 35237 3425 6298 20510 33887 5309 5484 5958 18808 4659 3425 1802 35139 12392 2309 6162 10332 43449 14590 17162 1250 61216
201 61342 61522 4659 31365 61223 1072 958 61868 21922 6360 958 2661 61936 4659 3812 2974 46424 61995 3349 6360 7137 61426 2423 2632 24349 61480 61397 3129 10872 1344 1388 61397 2309 6298 3448 61543 5309 1736 5484 5958 18808 33800 61372 2309 8369 19553 61553 2820 14432 12151 61411 3425 47428 1250 15632
201 61543 61543 3425 3022 56987 24431 1802 50470 9272 17162 61223 40787 5236 6925 6041 1344 50244 2678 671 61576 61342 6228 15818 61372 61417 2375 15031 1736 1259 4659 61688 15967 1120 61441 7105 61372 846 61356 61441 5309 20469 2309 49245 6360 53194 4002 61372 29622 3425 6360 3022 61356 61654 3425 61216
201 61678 61480 12507 61426 2678 31327 41006 62356 1704 2309 6162 61223 8369 27726 2324 5309 2227 7345 2882 13479 1802 61455 61676 61336 2227 2309 49515 2974 30069 4381 1182 61372 61417 61426 3349 14949 9272 61223 7385 61705 4659 46649 25516 21613 61397 2678 1325 27056 12392 2309 6162 798
201 61426 61336 61676 644 7137 1120 61676 3129 61223 54916 3129 3186 20584 61732 61421 8369 61522 3818 23131 2227 2678 5484 61342 10733 2227 3425 1307 19058 2227 2820 5649 61688 47428 15236 61223 4888 45968 5390 61732 2227 3129 17720 12151 28947 61491 1307 19058 2227 1736 1339 5390 61732 2227 3129 15710 18518 61491 1307 19058 2227 3129 15859 61397 61688 61676 4381 2115 12451 5155 61223 4888 836 3396 7483 61705 2227 1736 52647 5958 40929 2678 2974 19553 61553 4381 11948 5155 15632
201 61441 8578 4659 10332 1250 2375 8237 57255 1955 2456 21849 27013 2309 1259 61678 8369 19553 61516 2227 3129 19724 61426 9399 4381 4247 16749 61223 10359 20665 8237 16320 61441 20493 61947 4247 4928 3307 5155 61223 7247 28472 8005 61516 61421 61342 24822 7720 1802 26934 42655 12392 3425 51399 39572 1250 93 61426 3085 27013 51797 61707 5298 1403 201
201 61678 24185 61336 61417 61547 61417 3301 4703 61397 1259 62431 61372 49587 1344 3301 61676 61336 61441 46649 25516 61372 61223 1436 3970 5213 61995 2309 6162 61223 36597 10192 4703 3301 20305 3129 6360 20918 5129 61411 24202 54613 61553 61397 9520 61491 2447 7483 2447 1250 61223 11366 7419 2418 61336 61678 61372 61788 61336 61678 61372 846 61417 13340 15818 6228 61397 2418 61336 61678 61372 20474 34504 2447 61381 4381 15859 61473 54316 4247 8898 1250 61487 395 61480 61473 61576 24185 2309 7385 61705 4659 2632 61480 3301 20305 2227 3129 2820 6360 1515 4805 61336 61397 5309 1182 61356 61426 3425 1802 61455 10192 4703 20305 1250 15632
201 61473 24349 61480 61473 61342 2227 2678 14477 13340 48145 2309 6162 1259 61678 1515 61576 3301 9757 61372 9362 4002 61372 33325 61336 61441 1643 5958 3129 2974 61553 7623 12392 2309 6162 1182 61336 61688 7814 3812 61455 3812 61455 8578 61995 2227 2678 10979 15566 19760 4381 31570 44082 2375 8005 19553 61553 4381 1428 61480 45128 26780 20665 9362 36263 61417 9520 61491 5309 9420 61576 61732 7105 61372 5309 1058 61576 61342 2227 2678 19196 61455 23471 17240 19553 61936 4381 5155 61223 56545 46424 20247 2820 1325 61516 4703 1259 51790 4381 1058 61480 10061 2227 3812 2974 19553 61553 93 61780 61553 93 61780 61553 62305 25825 61411 2447 61223 40384 19109 8898 61223 3679 61480 61397 61417 9520 61491 1058 61480 10061 61223 53194 2227 2309 49245 28145
73 8787 3494 40644 3129 3378 61780 61553 8898 2309 1643 49984 2324 8005 8818 61947 61372 2309 5484 13218 61995 2309 37722 3129 958 61543 61547 61441 17240 61995 38243 10310 1704 2309 6162 9823 46799 44769 1250 61487
201 61676 13479 3129 61223 8369 16177 61455 2678 46799 61336 2227 3349 1325 1822 33325 8600 12392 32325 4247 61654 61441 2820 15439 15031 2309 15326 56680 3163 40929 3349 15859 61397 27869 9272 1250 61223 1736 8369 16177 61455 16771 1704 32325 61223 27500 61397 3349 2423 5086 61223 8902 31201 5309 2820 8902 31201 5309 2820 6041 5309 1700 2115 3701 15117 12451 5155 15632
201 61678 61426 60656 61228 3121 33325 958 2661 61936 4659 2309 14042 2974 42038 26711 61223 2882 61576 61426 61441 2227 2309 958 61947 4659 61426 5309 4247 36547 2309 7137 61947 4659 61426 2820 5881 61480 12507 61228 61397 61490 1120 61654 47770 61441 2447 1250 15632
201 61491 17905 61417 30289 61491 8005 45583 24202 3129 61223 1428 61576 61547 19058 61336 3129 14432 12151 61411 4381 73 8787 3494 40644 7137 61426 4703 14477 61676 2324 2309 30987 2683 11456 61480 21613 3129 40384 61473 55740 9272 41471 1250 15632
201 21849 21439 9757 2309 3149 11549 61301 7137 61426 4703 3129 2309 59572 801 1442 61256 93 2804 836 9360 2309 57645 2820 5958 61868 5484 5958 18808 4659 6975 1822 1226 40929 2309 37722 3129 2418 51311 18628 24960 15236 15632
201 61441 61480 45128 26780 3349 2974 19553 61553 2882 5309 4381 9866 3129 4351 7623 61320 45428 12151 20247 2820 15710 33800 4381 4386 5155 61223 48620 9823 2882 5309 4381 1802 3134 2227 3129 846 61356 61516 3425 30641 61426 2447 3425 11456 7720 61553 3163 25314 1226 17162 1250 15632
201 61426 61576 5236 6925 61223 4351 1515 1120 61421 9233 26780 3812 25873 38313 9250 11948 5155 2375 8436 7247 6107 12400 18518 3425 43954 15585 61868 15710 18518 61491 23902 2227 2678 42597 61473 22672 12392 2309 6162 846 39544 18666 28949 7720 56342 22430 1250 9362 10359 45428 61356 61707 5309 40384 61473 55740 27051 13452 52278 19525 52028 3425 49687 25923 61342 2447 40929 2678 15859 61473 3705 4381 11948 5155 15632
395 61868 1259 4659 61688 61654 1344 3301 61676 61336 5309 46649 25516 61372 2227 2309 19244 3307 6984 846 62431 21285 61473 61417 21613 61372 1802 61455 10192 4703 61397 61300 9420 24349 61480 1822 13540 61411 61473 8703 61356 61397 93 9757 61788 61336 27013 61265 395 61480 61473 61441 12796 1704 2309 6162 58096 3307 5155 61216
201 61659 23006 395 62048 43206 20584 61547 60655 2227 2309 37722 3129 1250 4888 24514 6571 3129 5649 61688 21613 31769 30641 50123 2227 3129 5155 61223 48620 1182 3818 3970 1182 3818 3970 5390 61732 2227 2678 19223 44142 2418 1704 32325 9362 10061 20469 3812 7483 61516 61688 11948 5155 15632
201 61491 61381 1058 61455 61397 6984 3129 2820 6360 1058 61455 61397 8831 27303 2335 50126 682 9360 46799 2820 46799 57645 2820 5958 61543 4381 5484 5958 18808 4659 6975 1822 1226 9362 6360 4888 61705 36752 35607 61342 2974 23625 61421 11948 15236 15632
201 43556 11501 395 1388 43757 2227 93 61372 5129 61417 8578 61995 395 61547 61417 1704 61654 2227 61265 1515 1120 61421 9233 3129 15710 33800 4381 5155 61223 1736 23348 7483 61780 4247 28224 1250 2375 1182 13719 7137 61426 4703 1182 3818 3970 1250 61223 30641 50123 2227 3129 1182 3085 29154 2820 46799 61547 61576 61654 2227 2678 23682 61455 8600 2115 11752 8898 1250 15632
15308 61491 3301 61491 3301 61491 3301 14248 3301 14248 7419 61372 2856 61688 3163 3129 15733 14248 25373 7419 61372 2820 1182 3818 3970 16320 61441 20493 61947 1250 61487
201 3121 1120 1704 61441 3425 20474 61995 61491 2309 846 10038 12776 61421 6041 1344 61426 2309 59414 61654 20469 2309 30987 8902 39373 16771 1704 2309 6162 2418 61426 61480 10061 61995 12392 2309 30987 1736 1515 62305 30489 61490 61491 6041 61411 8578 61995 2309 6162 16848 51790 1704 61223 3679 61852 61320 3420 2309 1325 61947 61320 61868 7345 6360 1058 10833 3420 61441 1736 13471 5213 61455 8005 61336 5958 61868 7345 6107 26671 61522 61372 9272 61282 4351 57113 38458 61441 8369 61522 4659 61688 61342 1307 19058 12392 2309 846 10038 12776 61421 6360 3201 1226 7814 2418 23131 5309 17240 19553 61553 13452 21496 15632
201 1684 14132 28673 62048 61455 2820 3022 61455 45765 61417 61223 14132 35946 61417 61223 9815 8902 50270 2227 2678 1643 62204 4688 61417 15632
201 61516 61490 61516 61357 5958 61868 2974 61421 5624 61411 52028 93 62246 61300 61372 61265 3158 10243 61473 9272 17162 93 62246 61300 61372 61265 3158 18579 54311 61223 17296 61473 9233 61287
6298 61553 61947 2324 20469 2309 15326 8005 61547 60655 4381 38884 9362 1428 8578 4659 2309 6162 6360 9420 5309 61654 3022 7814 61522 1704 3425 2418 61426 61480 20572 4247 28224 1250 61487
10332 19223 11309 29124 61372 61417 61426 5309 4002 61788 61336 61678 61372 2678 1259 8600 61320 58498 61342 1325 23131 2227 3129 10738 15859 61397 61688 61676 3163 58498 61342 2418 61336 61678 61372 61678 61426 2309 9420 24349 61480 61397 28148 20305 2309 49515 15859 61397 27869 9272 41471 1250 61216
201 1686 7137 1120 61676 3129 16757 5390 61732 2309 32379 8600 2227 7345 5484 61342 10733 2227 2678 1307 19058 12392 9362 7483 61516 61688 2115 14590 61223 11366 11439 10563 5390 61732 2227 2678 17720 12151 28947 61491 5484 20572 3812 1307 19058 2115 14590 1250 1736 3149 5390 61732 61223 1182 13719 5484 61342 10733 2227 2678 1307 19058 2115 14590 17162 14157 15632
140 50556 61260 2309 4002 61336 9757 60656 61678 61441 3425 1515 36356 61455 61491 1515 61455 25373 61543 5309 6107 12400 18518 3129 53279 19553 61516 20469 7345 54700 33325 61788 61868 11785 61516 61357 61426 2227 2309 15326 1259 61426 61688 3163 6041 32697 61688 9272 61487
8834 9680 3121 6360 22166 22628 61543 13991 6838
201 61421 61688 8818 2820 61223 7247 19525 52028 2309 1643 49984 2324 395 61868 1259 3818 61397 2324 2227 3129 3812 61455 8578 61995 2227 3425 21849 61426 4381 16320 61441 20493 61947 2447 3425 1515 61543 61381 2820 61223 7247 54613 4703 61936 61995 8005 19553 61553 4381 20247 2820 60569 395 62048 43206 7137 61426 61441 2227 2309 37722 3129 1325 11191 9391 1700 2447 4386 4247 8898 1250 61223 1736 17240 61995 38243 2632 61320 4688 1736 10359 20665 30018 3812 61455 8578 61995 9272 31834 15632
201 9823 7137 61426 4703 3129 61223 10332 60764 21766 61480 61780 61553 4247 28224 1250 61223 2856 61522 4659 31365 9680 19196 61455 5484 5958 18808 61320 3129 4247 1736 2418 1704 3425 1515 41570 6041 1120 38593 2678 3201 61336 3307 5155 15632
201 27802 46424 61342 61282 23 6236 94 21 59830 110 118 93 35132 27710 110 23 222 5 61223 1595 950 110 1595 950 112 61245 8980 769 1571 30075 110 1595 207 84 61289 61298 2939 1581 5 61223 1571 51681 110 233 556 69 61228 61210 224 19 21917 146 3917 63 84 61289 61298 2898 1571 30075 110 233 79 69 61228 61210 224 19 141 411 37 84 61289 61298 3137 1571 35757 110 212 6298 61480 61397 6298 61480 61397 6298 61480 61397 11785 61480 61381 35358 93 61239 19832 61228 2221 61314 61223 58 19832 61228 2221 61314 3598 769 1571 40458 233 556 69 61228 8 224 19 9648 2004 61217 158 19 84 61289 61298 2953 1571 30075 110 1182 61490 1120 15566 61553 5309 958 61947 61455 22435 33613 61455 61491 6298 61480 61732 11785 61480 61381 61357 61852 61426 61223 1571 30075 110 118 84 33 471 61212 226 93 61247 125 23419 61314 61265 61287
201 19223 2974 56650 5309 40384 61473 55740 2227 3425 2418 61813 61342 15585 61868 3425 17057 8600 61320 12392 2309 6162 37636 20572 3705 2227 2678 57645 21849 3448 2309 15326 20276 4381 9272 17162 1250 61223 6041 38243 9399 1250 2375 6360 1325 38330 61421 1736 1325 38330 61421 1325 1822 61473 62305 10833 6307 51021 2309 15326 8005 61547 60655 4381 7137 61426 2227 61223 2856 61688 60656 61788 61868 61788 61868 3129 23682 61455 8600 2309 15326 1736 25478 3163 16158 61342 2309 20247 3129 61223 1736 6360 38128 61473 7814 21849 3448 61223 11366 11439 2309 59572 7137 61426 4703 2227 2678 6041 38243 9399 1250 17411 3701 17240 61995 38243 1259 61417 3163 8600 2309 20247 3129 13452 61320 17162 14157 15632
7247 19525 52028 2309 1643 49984 2324 2856 61688 15566 1822 3121 880 15859 61732 61480 61397 2227 2678 6298 62100 61320 22430 1250 61282
1736 8436 13105 21849 1704 1643 28669 2309 20918 5129 61411 24202 13105 6162 6107 9955 61372 21285 61705 4381 57673 29800 1250 61236
8005 19553 61553 4381 9362 671 61421 3818 61473 4381 2309 15326 21849 61947 61356 6041 61320 9757 8005 44221
140 50556 61260 2309 395 61547 61576 1704 61654 2227 2309 15326 8005 44221 24822 7720 2678 57418 15031 3425 10979 22925 12392 3425 8005 19553 61553 3163 1250 2375 8005 19553 61553 4381 20247 2820 73 8787 3494 40644 2309 8005 19553 61553 4381 20247 2820 73 8787 3494 40644 2418 61336 61688 61676 61336 5309 395 61480 10061 4381 1259 4247 16749 61480 7323 61487
201 1736 3022 27696 14932 2447 1250 2375 35484 21285 11541 34200 61372 2309 17720 61543 4659 3129 6298 20510 33887 5309 5484 5958 18808 4659 1736 50023 35139 2309 8005 61336 8578 61995 2309 6162 61223 18791 38537 35088 43938 27497 33415 2447 1250 2375 44142 35484 21285 11541 34200 35237 2309 17720 61543 4659 2309 6298 20510 33887 5309 5484 5958 18808 33800 61372 2309 37722 3129 20474 16177 2227 2678 8005 61336 8578 61995 10406 61487 201
8369 9391 52132 6107 12400 18518 23398 2820 6571 1259 61678 2678 61707 2227 2309 7483 61780 7105 61356 318 7137 61397 2227 2309 15326 45712 1226 1250 61216
201 61342 62431 61553 4805 61707 40644 2309 49515 6360 8005 8818 61947 61372 3349 2974 61421 5309 1344 2447 1736 1687 61480 17529 61336 395 61480 17529 61336 5309 2447 40929 3349 30018 20572 49851 5155 1736 8237 5086 5155 17411 3701 7385 61381 9955 61426 5309 1058 61480 10061 57645 2820 46799 4359 43206 1250 9362 598 28148 5236 61397 5309 34469 61676 11373 31987 61426 11373 61223 55322 61547 1700 61223 598 4805 13743 61473 8703 1388 61397 61223 598 4805 61473 8703 1388 61397 61223 36263 61417 61372 5309 6298 61480 61397 1802 3134 1250 1736 6360 35484 61480 61397 61336 1250 15632
201 61522 61417 30295 10957 28148 61426 2678 61336 3163 61768 61553 7105 61397 5881 10833 3307 93 9164 61207 61314 61265 93 61678 61342 6360 11148 6984 61654 29733 22430 1250 61223 43150 6228 6298 61480 61397 1802 3134 2227 3129 58096 15632
201 61397 61490 61725 61357 38593 2678 1259 61543 61336 2820 36820 2324 2820 2632 61576 2423 4928 8898 1250 61223 1736 2882 5309 4381 61357 8818 2820 5958 21849 61426 4381 5155 15632
201 61245 8787 3494 40644 2309 6320 1704 32325 1802 3134 2227 3425 20584 61732 61421 46799 2820 46799 6360 57645 61228 61397 61688 61654 5309 5484 5958 18808 4659 6975 1822 1226 9362 3022 61421 6228 61342 3349 2974 61421 5309 1344 61426 61372 3349 30018 14157 4109 49851 2227 3129 1182 61336 61688 7814 32026 2375 3679 61421 9520 61491 3129 3679 61480 17384 61725 61356 20305 3679 3420 61868 93 61788 61868 61788 61868 61265 93 7052 61332 3812 7739 2980 23288 9360 9362 2856 61688 61216 60656 61216 61678 61216 3129 1325 1822 61473 2447 61543 4381 1325 1822 61473 2447 61441 1325 1822 61473 2447 61441 93 9480 13539 3129 3522 19069 2980 25215 32751 3129 4888 4109 9866 2309 6162 1325 1822 61473 2447 61441 3425 49687 25923 61342 2447 4386 1250 1878 9612 61332 3812 500 1740 2086 4063 40777 61287
201 61543 61576 5236 61223 11136 10957 28148 61426 2678 61336 3163 61768 61553 7105 61397 2678 61336 61725 61356 61654 2227 2678 8005 8818 61947 4381 11948 5155 61282 2632 61490 1120 61654 2309 1325 19058 61336 5309 2678 61336 5309 2678 61336 61372 61417 21613 61372 7105 61397 6360 1687 1344 61417 61516 61417 61654 1344 5309 395 61480 61654 1120 61654 1344 4805 61654 5309 4002 61480 21613 61336 4805 61654 93 38964 61265 2309 16158 2309 16158 2309 57645 6360 1325 27056 1058 61480 10061 61455 61491 8005 1822 24285 93 61342 62431 61707 61357 61397 3425 958 7845 61576 5236 28673 61678 61725 2309 20247 3129 61265 2974 61421 5624 61455 24285 93 25657 61293 2309 16158 2820 58698 61320 61421 1250 15632
4002 61426 60656 7345 1428 61576 61547 19058 61336 2227 2309 6162 8005 8818 61947 61372 2974 30069 4381 9272 1250 2309 37722 3129 35484 5236 73 8787 3494 1804 2906
201 2811 2811 7137 1120 61676 3129 58 19832 61228 23419 61314 3598 2309 7385 61705 4659 46649 25516 21613 61397 846 61417 1822 61725 61356 3301 20305 1643 5958 40929 2309 6162 1428 8578 4659 2309 20247 3129 14477 61676 2324 9272 17162 798
201 61491 9536 6360 1436 4688 2324 3349 846 10061 61455 8005 8818 61947 4381 4247 41471 1250 61223 3669 10332 1687 61995 3163 30018 1700 20469 2678 8902 1307 60657 3129 47656 61356 9866 2678 6320 1704 3425 51399 39572 1250 2375 8237 15321 3812 61455 35139 9362 2882 1700 61480 21613 61372 3129 35946 1704 2309 6162 798
201 36641 1704 9362 10061 61320 17673 22080 40929 3425 8005 19553 61553 4381 1436 3085 61441 61480 62322 61372 12392 2309 6162 1058 61576 57253 55626 61223 56545 46424 20247 2820 18579 2776 8369 16177 61455 4928 12451 4247 15632
201 61426 61576 61480 8721 8237 59762 61397 9362 4002 61480 61654 5309 7814 61336 2227 3425 55322 1822 61473 7623 61372 3425 10725 14477 61676 2324 4386 1250 61223 2856 61522 4659 31365 3812 61455 8578 61995 8369 3420 61397 2115 12451 5155 15632
2974 61732 61417 61947 4381 846 61356 15439 61553 5309 1325 23131 2309 1182 61356 61372 61417 61426 5309 4002 61336 61678 61372 2418 61336 61678 61441 2227 2309 1182 61356 61372 61417 61426 4247 41471 1250 61216
201 61852 4659 17905 5309 2418 61342 62305 10833 6307 61223 1515 3818 61473 1700 2227 1736 17240 61553 61381 61372 1307 19058 4247 11752 8898 1250 61223 27500 61397 8256 5649 61688 31769 5390 61732 2227 3129 798
201 61397 61480 10061 2309 6162 11785 36547 61426 8369 27726 2324 1736 3679 61480 61543 5624 7105 18415 15031 3349 1428 55997 3349 42655 1736 846 10833 2447 61223 1182 62431 1984 61397 598 62431 61473 8721 1984 61397 2309 15326 45394 61372 2423 23105 1325 61522 4659 27408 2309 15326 61287
13064 140 50556 61260 2418 51311 15585 24822 7720 45128 61397 3129 2418 61336 9757 9757 3425 2418 61336 61480 10061 61995 3425 2974 1700 61480 61780 5309 20286 61543 2115 14590 1250 61223 28465 11148 27497 3022 42039 2632 62431 25015 61441 2632 62431 25015 93 61678 61725 60656 60656 61265 1736 1307 10419 61676 2227 3129 1515 61576 61441 37332 2227 2678 4928 45765 1388 93 61676 32663 682 1389 2906 54947
201 61659 14796 61320 61421 61223 73 8787 3494 40644 3425 14432 12151 61411 3425 6360 7137 61426 4703 3425 1182 3085 29154 36209 30909 1704 7345 17720 12151 28947 61491 8005 61543 3705 2309 1325 19058 61336 7247 6107 12400 18518 3425 1182 3085 29154 2820 7483 61516 61688 9272 1250 15632
201 61426 61336 50244 50244 3425 6107 24087 53194 7872 61676 2227 7345 90 18805 1259 4659 61688 61543 2309 15859 42125 1307 20454 28240 61441 6571 56680 4381 9272 61487
4002 61372 29622 3349 20474 61995 61491 7345 6360 1436 2447 61381 4928 61543 3022 56987 24431 2678 73 8787 3494 40644 2309 846 61417 15439 61553 5309 55322 1822 61473 7623 61372 3349 15859 61397 27869 9272 61216
201 2811 7137 1120 61676 3129 61223 54916 2309 21849 17529 2820 30018 21849 17529 61336 2227 2678 1307 19058 2227 2820 5649 61688 31769 15236 61223 5484 61342 10733 2227 2309 1072 61312 17720 12151 28947 61491 1307 19058 2227 2309 15326 15632
201 55180 3701 14042 6925 11136 1325 27056 9420 5309 61654 3022 7814 61522 1704 3425 8005 19553 61553 3163 1250 93 61646 3970 5213 61995 2309 6162 61223 6360 2882 13479 3425 9420 5309 61654 2678 35484 9955 61547 61417 61707 61417 61707 3425 22258 1736 6360 43150 6228 3349 9955 61547 61417 61707 61417 61707 61357 61543 3425 22258 56627 3425 22258 769 48620 6298 61553 61947 2324 14932 61417 2375 9680 3121 2882 1700 61421 1700 2227 3129 4386 14932 61356 9362 37133 2309 49245 8902 17696 61516 20286 1704 2309 6162 15632
395 61868 4002 61676 61788 61868 33325 2309 1515 5129 61417 61947 1643 5958 40929 1736 53194 1259 61678 1515 5129 61417 61947 61455 1643 5958 40929 2309 14949 2820 395 61868 3812 61455 8578 61995 9272 17162 1250 61216
140 50556 61260 2309 4002 61676 61788 61336 61678 30289 2309 15326 4002 61336 9757 9757 6107 12400 18518 4002 61725 61455 61678 2309 15326 5484 5958 18808 4659 3425 50023 35139 2309 20247 3129 17240 19553 61936 4381 9272 41471 1250 1058 61455 61397 5958 61491 54591 61480 10061 61995 93 61473 61576 5236 61654 2227 24822 7720 54591 61480 10061 61995 61265 7173 3129 61216
2678 61336 61372 62431 61372 62431 61397 6360 2418 61336 61678 61372 2309 6162 6298 3970 14412 3163 58498 61342 1307 1120 15566 15031 3129 27219 61381 4381 11948 5155 61216
395 62048 43206 73 8787 3494 40644 395 62048 43206 8005 8818 61947 61372 2309 15326 1325 1822 61473 2447 61441 4381 1802 3134 2227 3812 7483 61516 61688 12392 32325 37636 61421 6228 12151 28947 61491 6298 3448 27157 6298 3448 27157 2447 1736 2856 17905 61417 30289 61491 3812 61455 61491 3812 61455 8578 61995 3812 61455 8578 61995 2227 2678 1058 3085 29154 2820 33107 61947 4381 12392 2309 6162 2882 1700 15859 61780 61553 4381 2882 1700 4381 14412 3818 61473 4381 61357 61426 4381 61357 61397 4381 61357 61397 6307 2309 17240 61995 38243 2227 2309 17240 61995 38243 2227 2309 15859 42125 54985 1704 2309 6162 7483 61516 61688 11948 5155 61216
51699 46799 2115 22939 1736 8902 50270 6298 61725 10406 61223 59850 23398 2375 59118 5213 61356 2678 5649 61688 16749 61487
201 61646 8818 3448 27157 20247 2820 7137 61813 2678 2632 4659 61688 61654 61397 3129 2974 46424 61995 4386 1250 61223 7247 60674 20286 61543 2227 2678 13452 1704 2309 6162 49687 25923 61342 5155 2375 8436 1515 61455 61397 7345 30555 4703 50226 7720 2678 2632 24349 61480 61397 9272 1250 9362 5484 10061 20469 3425 30555 4703 61480 61654 1388 61654 2227 2678 1259 61490 61342 61397 2324 9362 1325 3448 27157 15236 15632
201 61491 61381 8902 8005 44221 2678 43150 6984 2309 15326 21849 3448 12392 3349 58822 61441 61547 1250 61223 28152 10738 15326 11136 51797 17384 9362 5649 61381 17696 61336 1643 61688 7814 1736 8005 42277 61381 2227 2820 30530 3307 5155 15632
201 61654 1344 61426 7345 17720 12151 28947 61491 4002 61426 7814 61543 1388 61397 4002 3301 61654 2309 15859 42125 20474 61995 61491 10310 30357 61223 53194 2974 49983 61705 61342 6107 24904 7720 44887 2227 2309 49245 798
201 61659 24185 61336 3307 24960 50270 3022 62204 61441 3307 24960 59664 1736 6298 61725 61356 2309 14042 35946 61417 61223 9815 15321 6298 11541 6298 11541 6298 11541 6298 11541 6298 11541 2115 3701 14932 61417 15632
201 61381 62431 61654 395 8578 2309 16320 61441 20493 61947 46649 25516 61397 2309 2418 22925 3812 61223 15733 21285 61553 7623 61372 1736 11752 53667 61372 1515 4805 61397 2678 4002 24777 61417 21613 61397 2309 49515 4002 24777 61417 21613 61397 2309 49515 21849 61947 61356 1515 61455 61336 7105 61441 24509 61473 61490 61372 2309 15326 7941 9955 61547 19250 61372 2820 21849 61947 61356 61397 3129 846 1388 61654 1704 3425 51399 39572 1250 61216 4247 36547 395 8578 3129 31410 61705 9399 46651 2309 6162 8237 61336 7105 61441 6320 1120 61654 61441 6320 1226 41471 1250 1736 21797 1182 61356 61372 61417 61426 2678 2820 61441 11785 61654 61473 2423 36547 61426 3129 846 61356 61654 1388 15632
4002 61372 61543 5624 51200 3818 61397 2227 3349 19724 9233 10406 40787 8818 2375 8237 5155 4888 16848 61480 62322 1344 61473 2678 19747 61342 1704 3425 51399 39572 1250 61216
201 61342 61522 4659 31365 39903 2974 61732 61411 8578 61995 27051 35484 61547 1704 61654 2227 3129 38128 61813 12776 4247 3163 44082 8005 8818 61947 61372 3425 50023 53033 8005 61547 60655 61372 2309 37722 3129 15859 1822 61426 1700 61342 2447 1250 61487
1643 24777 2309 2678 61336 61372 43206 61397 93 15616 61314 61265 1643 24777 2227 3129 4002 61480 21613 18415 22290 61397 3349 58567 39572 1250 61216
1643 8578 61411 61995 2678 61336 5298 3129 49851 40929 3425 15710 18518 24285 3349 15859 61397 27869 12392 2309 6162 6360 27733 58938 1643 8578 61411 61995 2678 61336 5298 3129 15733 61553 61576 61480 21613 61372 3425 1259 5129 14177 61336 2447 2678 19747 61342 1704 2309 6162 16320 21861 3301 2447 40929 1736 30018 1700 20469 2678 6360 29926 22628 61543 1704 2309 6162 14949 9272 41471 1250 61216
201 61553 4805 61336 61397 17167 20584 61732 61421 6360 2678 61336 61372 61417 21613 61372 7105 61397 2309 15326 2974 23625 61421 22430 14157 61223 7247 60674 6216 6041 62431 61553 61228 61397 61688 7814 2309 14042 6925 8902 6041 32697 61688 2678 6320 1704 3349 395 62048 43206 8005 61522 33066 1250 798
10725 38537 56987 2678 62246 33325 21439 40644 2820 1182 61490 18628 395 62048 43206 846 4805 61426 9520 3349 8369 3420 61397 4386 9272 1250 9362 958 62305 30489 61490 4386 1250 61216
201 61260 24587 2735 7345 9420 36752 1978 511 61223 33613 4002 61725 61678 61426 61678 61426 2309 60021 61342 2974 32210 61397 61342 61223 7345 15161 2375 201 61725 61455 61678 61426 61678 61426 2678 46193 5484 20572 3812 2974 61421 5309 1344 5298 3349 2974 61421 5309 1344 5298 3425 8005 21861 33887 3129 6360 38537 35088 43938 27497 3201 33065 26934 37176 22430 1250 15632
9823 8005 61516 62048 61372 2227 7345 11785 61480 62322 1344 61426 5309 6107 12400 18518 2309 6162 53279 19553 61516 4659 58938 12796 14590 1250 17411 11439 5086 17949 11785 61480 61547 61421 29800 8005 3701 61421 2115 29776 5155 61223 28465 20286 61543 2227 2678 73 8787 3494 1804 61311 2309 6298 61480 3701 61421 5309 395 1388 43757 2309 15326 30641 50123 3349 1120 61336 3134 24349 61397 12392 2309 6162 61216
201 43556 11501 30220 58645 3970 1058 61480 10061 671 10192 2447 61381 3129 11136 48145 40192 61320 1226 4928 28224 1250 61223 48620 6041 27831 61522 1643 13328 5309 9362 26780 2418 51311 15585 27051 1515 1120 61421 9233 8369 52028 55323 3163 44082 15632
201 61553 61490 61381 2324 6041 5213 44142 24341 2227 3812 6041 38243 9399 1250 61223 1736 1325 61947 26934 61480 61732 2309 1325 61947 26934 61480 61732 2882 13479 3425 6052 7419 798
201 61342 61868 17720 61543 4659 2227 61223 57113 1984 21613 22290 61397 1058 54407 1325 61947 7845 61320 61480 61732 2227 7345 39373 2309 6162 1325 15566 5958 13184 43449 2227 2678 6107 18932 61421 3425 4888 44142 1325 15566 19760 4381 1259 9817 5624 395 61480 61473 1700 2227 2678 1307 19058 12392 3349 6041 38243 9399 1250 15632
201 61491 61381 90 61311 2898 6298 61480 61397 9520 61491 7137 1822 61342 2227 2309 6162 7483 61516 61688 1250 61223 4888 1307 18628 6298 20510 33887 2309 6162 15859 61732 61480 61397 4381 4386 5155 61282 10332 6360 56545 46424 29806 61516 28947 1250 4888 1436 10419 61676 2974 19553 61553 2447 2309 6162 28556 2820 27219 21861 33887 9272 13452 61320 44082 15632
201 61397 61480 10061 20469 2678 6360 46193 3679 61342 22290 22467 12392 2309 6162 56680 3163 40929 61223 8005 3701 61421 3812 14412 25015 5309 846 61356 21285 15031 2227 2678 8005 42125 3129 8369 11191 61947 61372 2678 27219 18666 12392 2309 6162 8005 43938 27497 5155 15632
201 61491 9536 9680 46109 42372 61441 3163 23841 61223 53194 2227 2309 15326 46799 2820 46799 136 51797 17384 20215 17696 61336 61265 1643 61688 7814 14932 1704 3425 2678 61732 48111 15795 798
1515 1120 61421 9233 2882 5624 5309 61455 3812 61455 8578 61995 3349 8369 19553 61553 3163 201 61678 61342 39544 1984 61553 61421 61342 8369 44887 61287 2309 20247 3129 8005 61732 61417 61947 4381 9272 4928 28224 1250 18579 3812 61455 8578 61995 2309 1643 49984 2324 1182 3448 36046 24960 2418 51311 15585 40929 2678 2974 1700 61480 61780 5309 13452 52278 39572 1250
201 5236 25373 61441 3134 61455 1182 61372 61336 5309 7385 61705 4659 61426 8898 2309 37722 3129 38537 35088 43938 27497 13452 52278 56342 2115 11752 8898 1250 61223 1736 671 1388 21613 61372 61441 7345 61654 19109 61342 2227 2678 6360 1058 61480 10061 61455 61491 24822 7720 1182 3448 12392 3425 958 61480 10061 61320 56342 2115 11752 8898 1250 4888 15321 1643 5309 4381 61357 5958 61868 1736 17240 61995 38243 2227 2820 1182 61490 4688 29776 5155 15632
140 50556 61260 61228 27040 61247 2309 1182 1984 61426 8898 4002 31365 61707 61426 2309 6162 140 50556 61260 7345 61654 19109 61342 2309 14949 2820 8369 9391 52132 6107 12400 18518 1182 3085 29154 2820 15710 33800 4381 9272 17162 61487
201 1684 20918 5129 61411 24202 61223 4351 17240 61995 38243 2678 40192 61320 1704 2309 6162 1515 61455 61336 3134 24349 61725 5309 395 61547 61417 61654 2227 2309 14042 4109 44142 2678 30725 12392 3425 8005 19553 61553 3163 2678 3812 61455 35139 56470 15632
17720 12151 28947 61491 6052 1822 3701 61654 61547 62431 61441 8005 21861 33887 73 8787 3494 40644 2309 58567 671 10061 2678 19747 61342 14590
1736 13105 21849 1704 2820 1643 28669 1643 17905 2115 8898 1250 61236
201 61473 61576 24777 61356 61426 5309 6041 61411 8578 61995 2309 6162 416 1259 61426 61688 3163 2309 15326 1058 61576 57253 9272 31834 56299 20584 958 2923 1704 61265 6107 9955 61372 1515 36356 2227 3129 61282 815 2574 61339 500 1515 36356 61223 500 41734 1515 36356 61223 1676 11980 61312 1515 36356 1736 11549 1515 36356 2820 30018 61216 201
10332 8005 42055 40192 28224 1250 18579 12613 61247 958 62431 61707 61441 7845 2227 2678 30018 1259 61426 61688 3163 1182 44124 61421 1250 61487
201 61676 13479 1736 3679 61654 61441 5298 2820 40384 61473 55740 2227 3425 10979 62100 61320 61553 11948 5155 2375 73 8787 3494 40644 2678 6360 1687 61480 17529 61336 2974 1700 61688 61473 61995 12392 2309 6162 3022 20572 3163 35607 61342 2227 2678 57645 2820 5958 61868 5484 5958 18808 4659 6975 1822 1226 40929 3129 6041 38243 9399 1250 61223 48620 73 8787 3494 40644 2678 47373 1704 32325 56627 2309 57645 2820 5958 61868 5484 5958 18808 4659 2309 6975 1822 1226 40929 2309 8005 61547 60655 3129 10725 35960 4386 1250 15632
201 61659 17529 6872 20584 61732 61421 8005 18808 61320 40929 3129 598 3085 3701 11785 61516 61357 61426 2227 3349 42597 61473 22672 2115 8898 1250 61223 6052 7419 6360 1325 1822 61473 2447 61441 3349 1436 61780 1700 28224 1250 15632
201 61491 61381 1802 3134 2227 3425 9420 61417 45048 61707 1388 61397 61411 61654 61426 61576 61426 7814 17240 61995 38243 1325 61516 4703 1802 61473 61654 2227 2309 15326 671 61522 1822 8898 32026 4888 1325 61381 61480 61780 1700 4381 31987 61426 1700 2227 3812 10310 3307 15236 61223 1182 3085 29154 5484 20572 11456 2380 61320 1704 1515 18887 11456 2380 61320 1704 2309 36236 2227 2820 12796 3307 5155 15632
201 61659 17529 2820 23398 2820 23682 61455 8600 4381 1643 5958 2309 6162 93 61543 61576 5236 15308 61491 3301 61491 3301 14248 61336 3301 14248 3301 61491 42039 2309 6162 769 5135 61228 5019 10872 61576 61516 61357 61397 3425 3812 61455 8578 61995 2227 2678 73 8787 3494 40644 49515 8005 8818 61947 4381 598 61543 1700 2227 3812 10310 3307 5155 61223 73 8787 3494 40644 2309 49515 8005 19553 61553 3163 2309 6162 23398 2820 23682 21050 52132 1643 5958 2309 14949 2678 8369 9391 1700 12392 3425 8005 19553 61553 3349 20474 36959 11948 5155 15632
201 61491 61381 20474 61995 61491 7345 4002 61372 29622 9757 1259 4659 61688 2309 15859 42125 4002 61372 29622 61216
2678 61336 61372 61417 61553 7105 61397 93 1226 61522 61417 21849 61947 61356 8237 61336 7105 61441 846 4805 61426 9520 9362 43150 7814 33329 3301 17384 7105 61372 5309 846 4659 61688 9520 40929 61265 1736 1307 1344 61372 61676 4805 61654 2227 3349 58567 2115 29776 5155 93 61491 61381 61576 61480 21849 61947 61356 8237 61336 7105 61441 1307 1344 4805 61654 9362 43150 7814 33329 3301 17384 7105 61372 1307 1344 4805 61654 2227 647
