140 50556 61260 140 11701 61202 63291 62013 61756 61920 61202 0 61756 62248 61920 6663 61312 183 61202 62456 63109 62966 61985 6663 62053 63274 61985 6663 62053 63274 61985 5199 62088 4845 61911 62047 62487 62053 63274 61985 6663 62053 63274 61985 61202 0 61971 61971 0 4845 61911 62254 62088 0 61202 62697 61866 0 61202 62697 62248 15024 18700 62054 62373 61966 62701 62047 61747 61747
16370 55171 61202 61866 0 61920 62088 61202 0 61920 62047 63497 62054 61202 62701 61966 61202 61866 0 61920 4845 0 61920 63977 0 62047 61202 0 61756 0 62047 61202 0 61756 0 62248 61920 61202 0 61756 0 61920 62088 61202 0 61756 0 62248 61920 5199 62088 61202 0 61756 0 61920 4845 62926 62696 61202 0 62118 61920 5199 62088 61202 0 61966 0 61920 61202 0 62118 61920 38613 62456 62054 62559 62054 61920 61202 0 62118 62248 61920 18700 62054 62559 62054 63785 61920 61202 0 61756 40242 61756 3709 62638 47003 61202 62227 0 62248 61920 34587 73 4772 61253 61223 4845 0 62248 61920 61202 0 62248 61920 61202 0 62248 61920 61202 0 62118 61920 34587 61202 62227 61801 0 62248 61920 5199 62088 61202 0 61920 0 62248 61920
61202 0 61801 61875 61966 318 61202 0 61801 61875 61966 28119 62393 62118 62053 61801 61966 61202 0 61756 0 61756 61202 0 61756 0 62054 61920 3709 62393 62118 62393 62806 62054 61920 5199 62088 15533 62254 0 61920 4845 0 62013 62806 62054 4845 63291 62004 62393 61920 61202 0 62306 62966 61985 3833 62254 62004 0
4845 0 62118 62053 61801 0 62047 31552 62053 62254 0 61801
8036 61228 5046
140 50556 61260 140 11701 61202 0 61756 0 62806 15024 5199 62088 61202 0 61756 0 62343 0 61202 0 61756 62363 0 15024 3709 62023 62559 62013 61756 61920 416 5812 183 61202 0 62487 61920 4845 0 61801 0 61202 0 61801 0 61202 0 62306 61966 11028 61949 62697 62348 61747 61747
41095 61202 61866 63422 62248 61756 6663 63762 62053 62274 62389 61202 63762 62053 62274 62389 8881 62013 62539 61920 11028 61875 62047 62306 4845 62118 62053 62393 62806 15024 27834 62004 61920 4845 62118 62053 62393 62806 62054 61756 8881 62118 62053 62704 61920 11028 62373 61875 62047 61747 61747 3709 62393 62806 62054 61202 0 61920 61202 61866 0 61920 15533 62393 62806 15024 3709 63388 61971 15533 62393 62806 15024 61756 31938 8881 53890 62118 18700 62054 62349 62701 62363 62363 62363 0 14890 61747 61747
5199 61866 61949 62746 61801 61202 0 61920 0 61920 10559 62393 0 61920 3709 62588 61966 61801 27834 62638 62343 61202 63497 0 62325 11028 61985 61971 62047 61747 61747
3709 62389 63465 4845 61911 62254 62966 61985 4845 62325 62363 62343 61920 61202 0 62118 62053 61801 0 61985 28119 62274 61875 62349 36816 62926 61756 3709 55171 21263 0 4845 62248 61971 62588 61202 62905 62306 62966 61985 61202 62905 62306 61966 11028 62058 0 62047 61747 61747
4845 55171 61202 63679 62697 63977 61985 61202 61866 0 61920 6663 62118 62325 62118 61920 8881 62363 62370 44373 3833 62348
8881 0 62058 62806 62054 61756 8881 62118 62058 62343 61920 8881 62349 62701 61920 8881 62349 62701 61920 61282 28119 62013 62047 62704 34682 8881 62363 62370 15024 61756 12305 63465 55324 61801 61202 63762 62053 62274 62389 61202 63762 62053 62274 51312 61202 63762 62053 62274 62389 61202 63762 62053 62274 51312 3709 62265 62348 31938 4845 62456 62054 62118 62053 62393 62806 62054 61756 8881 62118 62053 62704 62058 62806 62054 61756 8881 62118 62053 62704 62058 62047 11028 62013 62047 62306 3709 61971 63674 14890 61747 61747
41095 61756 34152 61915 63164 62935 15533 62058 62053 62704 62487 62348 10559 62274 15024 4845 62254 62004 0 27834 62638 62343
4845 62274 62389 61920 8881 62389 61920 8881 62363 62370 62806 62054 61202 0 61756 62363 63419 61920 61202 0 61756 62363 63419 61920 61202 0 62638 61202 0 62306 61966 61202 0 62306 62966 61985 8881 62363 62370 62806 62054 61756 3709 62393 62118 62053 62605 62321 61920 4845 62926 61949 61202 0 61756 62363 63419 61920 4845 62926 61949 61202 0 61756 62363 63419 61920 4845 62926 61949 61202 0 61756 0 62047 15533 62058 62053 62047 0 62047 61747 61747
3379 61202 0 61756 62701 62806 62054 8881 61756 62363 63419 61920 31938 61756 61202 0 61966 62701 62806 62054 61756 61202 0 62393 62806 62054 61756 31938 61756 61202 0 61966 0 15024 62088 61202 0 61756 0 62343 61801 61202 62935 62701 61920 61202 62935 62701 0 62047 61747 61747
3709 651 61311 61202 0 61249 61251 61249 4845 62728 62349 0 61202 63679 62697 0 61202 63393 62325 62349 61920 8881 62926 62696 61756 4845 0 62013 0 61866 61202 0 62325 62047 61202 63393 62325 62047 11028 62058 0 61971 62047 61747 61747
4845 62954 62935 62389 3833 0 62806 62704 61756 61202 0 62393 62393 62806 62054 61756 5199 62088 61202 0 62393 62393 62393 62806 62054 61202 0 62389 61920 5199 62088 16719 62363 62389 61202 0 61920 11028 62455 62343 62047 61747 61747
73 8787 3494 40644 4845 0 62118 61202 0 61920 0 61920 61202 0 61801 0 61966 61202 0 61920 0 61966 16780 14890 61747 61747
6663 62053 62373 62393 62806 61801 4845 61911 62265 61756 8881 62118 62053 61801 62966 61985 8881 62053 62704 62058 62047 5199 62088 8881 50233 62325 8881 62274 62389 62118 4845 62274 62389 62274 62389 61202 62697 62248 61202 62455 62370 63320 14890 61747 61747
61202 0 61920 3709 63388 61971 11028 61875 62047 62306 62088 11028 61875 62047 62306 14890 1812 1812
11028 62047 62905 11533 16370 55171 61756 61202 63679 62697 63977 27832 55324 61801 61202 63291 62009 45945 4845 61911 62363 62370 62389 55324 61801 34304 61756 62614 61866 61801 8881 62363 62118 61920
4845 62393 62118 62053 62393 62806 62054 61202 0 61756 0 61966 5199 62088 4845 62393 62118 62053 62393 62806 62054 61756 8881 62118 62053 62393 62806 62054 61756 5199 62088 61202 63762 62053 62393 62806 15024 61202 62701 61966 8881 62363 62227 62806 62054 61756 8881 62227 61966 62227 61966
4845 0 62118 0 61966 61202 0 61966 0 61202 0 61966 0 61202 0 61966 0 4845 0 61920 4845 0 61920 4845 0 61920 4845 0 61920 4845 0 61920 4845 0 61920 61202 0 61920 61202 0 61966 0 55324 61801 61202 62227 61801 8881 62306 62806 62054 3709 62393 62306 62343 61920 61202 0 62118 0 61966 4845 38718 61747 61747
4845 62373 61756 63891 61985
21263 63465 4845 0 61966 0 5199 62088 8881 62325 0 61920 61202 63674 62638 62966 61985 10559 62053 62620 61971 62842 15024 61756 61202 62697 62248 61920 61202 63497 62054 62118 62254 63627 11028 62058 0 61971 62047 61747 61747
4845 62265 62004 61920 16719 62559 63078 15024 3833 61866 0 15024
500 61202 0 61756 61875 61966 500 61202 0 61756 0 62325 61228 19115 61202 62325 62363 0 15024 18700 62054 62254 0 7537 61202 0 62393 62806 15024 31938 3709 62609 62009 62088 3709 62456 62054 62254 0 61920 61202 0 62393 62806 15024 61202 62905 62306 61966 3709 1666 9656 61202 0 62456 63977 61985 61202 0 61920 63977 61985 3709 0 61920 1442 3396 61202 62456 63497 63977 61985 5199 62088 1740 3396 61202 62456 63497 63977 61985 45236 61747 61747
34304 62118 62349 0 15024 61801 61202 63078 63821 61985 61202 62227 62363 62118 62053 63288 61985 61202 0 61756 0 62248 61756 18700 62054 62118 62053 62704 62487 62348 36816 62926 61756 15678 0
61202 62935 0 62746 61756 3709 63002 61920 5199 0 61920 11028 62254 62370 62047 61747 61747
4845 0 62248 61920 8881 50233 62325 45963 62004 62013 62349 61866 3709 62456 62620 62053 62343 61866 61202 0 62487 61920 55324 61801 61202 0 62487 61920 11028 62004 62054 62047 61747 61747
61202 0 62638 61966 61202 0 62638 61920 61202 63274 18473 11028 62609 62118 62248 62047 61747 61747
21263 63465 3833 62254 62966 61985 8881 61966 62058 62389 61756 55324 61801 61202 62456 0 62325 61202 0 61966 61202 0 61966 62047 61756 15678 63441 3709 62118 62053 61866 8881 61966 62058 51312 5199 62088 61202 0 61966 61202 0 61966 61202 0 62966 61985 3833 40241 62254 49087 61747 61747
4845 0 62248 61920 61202 0 62118 61920 93 9164 61207 61314 61265 26730 62004 61920 61202 63291 62009 61949 44373 3833 23593 61747 61747
73 8787 3494 40644 58354 8335 4845 0 62248 61920 61202 0 62118 0 61920 61265 93 0 61966 61228 23419 61314 3598 61202 0 62248 61920 61202 0 62248 61920 18700 62054 62118 62620 62047 61202 63291 62009 45945 4845 0 62009 62047 8881 50233 62325 14890 61747 61747
1667 3709 62456 62013 62704 62058 61966 500 12573 61202 62559 62009 62053 62274 62389 61202 62559 62009 62053 62274 62389 4845 0 62325 61228 19115 61202 0 62248 0 62053 63288 61985 31277 3709 61249 11318 61332 27834 63274 61985 1902 29194 62970 62995 61202 63679 62697 63977 61985 61202 63679 62697 61920 11028 62047 0 62047 61747 61747
3833 62389 63164 63288 62995 3833 63195 62118 16719 61966 0 15024 93 61251 5340 61265 3709 62456 0 62620 62349 61866 8881 0 62806 62054 31277 61202 0 62487 62053 61920 3709 62456 62054 62118 62053 62370 61875 62349 61866 16719 62487 61756 62054 61920 16719 62487 61756 62054 61920 10559 62393 62118 62053 62254 0 61985 27834 62004 61920 61202 63233 62348 3709 63233 62348 4845 61911 63393 62325 61920 8881 62118 0 61920 16780 34304 62118 62349 0 14890 61747 61747
41095 61985 8881 50233 62325 4845 61911 62265 61756 4845 0 62118 61920 61202 62227 61801 61202 62227 61801 8881 62306 62343 61920 3709 62456 62455 62373 63233 61920 61202 62227 61801 62306 61966 3709 62456 62455 62373 62456 62054 61920 61202 62227 61801 62966 61985 61202 0 62118 61920 61202 63393 62325 62047 61202 63393 62325 63821 61985 61202 63393 62325 63821 61985 11028 62254 62370 62348 61747 61747
3709 62389 63465 61202 0 62254 62966 61985 31277 4845 62455 62588 62884 62009 55324 61801 8881 61756 62363 63419 61920 34152 61915 63164 62935 61202 61866 63422 61920 61202 61866 63422 61920 6663 62349 0 61202 0 61756 0 62053 63288 61985 25266 3833 62363 62370 62806 62054 4845 62254 62004 0 8881 61756 0 62343 61920 15533 62058 62004 62058 62047 55324 61801 61202 63233 62348 15533 62058 62004 62058 62047 61747 61747
1667 2815 10276 61256 61202 0 61801 93 2804 61332 417 61265 4845 0 62248 62053 63288 61985 4845 0 62248 61920 4845 0 62118 0 61920 5199 62088 4845 62935 62588 61920 8881 50233 62325 61202 63679 62697 61920 61202 63679 62697 63977 61985 61202 63078 63821 61985 4845 62248 62321 62373 61866 61202 0 62487 61756 63891 61985 93 0 61801 5199 62088 61202 0 61966 0 61265 61579
61202 63078 63821 61985 16719 61966 0 4845 63078 63821 61985 61202 63109 62966 3709 62343 62260 11028 62254 0 62047 61747 61747
3709 0 63977 0 62054 61202 62704 62704 61966 61202 0 63497 62047 15533 62393 62806 15024 15533 62393 62806 15024 3709 62023 62559 62013 61756 61920 3709 0 62047 0 61756 0 62118 0 61202 0 63497 62054 11028 62455 62389 62559 62348 61747 61747
3709 61911 62363 62370 62389 61202 0 61966 0 15024 3709 63388 61971 8881 62363 62370 61920 8881 62363 62370 61920 11028 62058 0 61971 62047 61747 61747
61202 63078 63821 61985 53027 4845 61911 62363 62370 62389 61202 0 62118 0 61920 61202 0 61756 0 61920 15533 62254 0
3833 61866 62966 0 62054 61756 41095 61756 24560 3833 63195 62118 8881 0 62058 62614 61202 40241 0 1812 1812
31938 880 61202 0 61920 61202 0 61756 62248 62053 63288 61985 31938 1336 41734 61202 0 62047 0 40039 63780 61985 5199 62088 6663 5602 55324 61801 3709 61971 62009 4845 61875 61971 62009 61202 0 61920 61202 0 61966 0 15024 11028 0 62047 61747 61747
4845 0 62013 62806 15024 62088 61202 0 62389 62248 61920 61202 0 61756 0 61920 25211 62004 63762 61920 4845 62248 61971 62588 61202 0 61756 0 61920 4845 62926 62696 61202 0 62966 61985 61202 0 61966 0 62054 61756 55324 61801 4845 62373 62325 63274 61866 4845 62373 62325 63274 61866 8881 62274 62389 61966 61202 63762 61920 18700 62054 62118 62053 62704 62487 62348 36816 62926 62696 61801 15678 0
61202 0 62118 0 62325 40644 3709 62393 62306 62389 21263 63465 4845 62248 62321 62588 61202 62487 62638 62966 61985 31552 62004 61866 61747 61747 40242 61756 4845 0 62013 62806 62054 61202 62697 62248 4845 55171 61202 0 62393 62248 61920 61202 0 61756 0 45945 5199 62088 61202 0 61756 0 45945 11028 61875 62047 62306 4845 0 62009 62047 5199 62088 61202 0 61966 62118 5199 62088 61202 0 61966 62047 11028 61875 62047 62306 4845 61875 62349 62248 62047 61747 61747
3709 651 61325 61202 63291 62013 62248 61920 61202 0 61756 0 61202 63291 38718 61202 0 61756 0 61202 0 61756 0 61202 0 61966 0 61202 0 61756 0 61966 61202 0 61966 0 61966 61202 0 61966 0 61966 0 61202 0 61966 0 61966 0 61202 0 61756 0 61966 0 61202 0 61966 0 61966 0 61202 0 61966 0 61966 0 61202 0 61966 0 61966 0 61202 0 61966 0 61966 0 61202 0 61966 0 61966 0 61202 0 61966 0 61966 0 61202 0 61966 0 61966 0 61202 0 61966 0 61966 0 61202 0 61966 0 61966 0
8881 0 62013 62806 62054 61202 62697 62248 61920 4845 0 62013 62806 62054 61202 62697 61866 0 61920 5199 62088 4845 62058 62559 61920 61202 62697 61866 62248 28119 62373 61875 62349 61202 62905 62306 61966 12305 62118 62254 0 62047 61747 61747 41095 61801 4845 0 62248 61920 61202 0 61920 0 61920 61202 0 62118 62053 61966 3709 62456 62620 62455 62349 61866 5199 62088 4845 0 61920 0 61920 61202 63679 62697 61920 18700 62054 62118 62620 62455 62349 34682 8881 62349 0 61920 11028 62254 0 62047 61747 61747
5199 61866 61949 62248 7537 41095 8881 50233 62325 4845 61911 62118 62343 0 61756 61202 62697 62248 61920 3709 62393 62363 62370 61920 18700 62054 62118 62053 62704 62487 62047 11028 62349 62701 62047 61747 61747 41095 4845 61911 61756 62373 62325 63274 61985 61202 0 61966 0 5199 62088 61202 0 62118 0 62343 61920 28119 62274 62455 62349 61866 61202 0 61920 61202 0 62393 62806 62054 61202 0 62393 62806 62054 61202 0 62393 62806 62054 3709 55171 61801 61202 63078 63821 61985 4845 0 62393 0 61920 8881 62349 0 61920 61202 63679 62697 61920 3709 55171 31277 4845 62697 62248 61866 61202 63679 62697 61920 5199 62088 3709 62343 62260 61202 63393 62325 62349 61920 10559 62013 62343 0 61866 61202 63679 62697 61920 15533 62254 0 62047 0 62047 61747 61747
4845 0 61756 0 61920 61202 0 61920 0 61920 4845 0 61756 0 61920 4845 0 61920 0 61920 4845 62053 62254 0 61756 4845 62053 62393 62806 15024 61202 62697 62248 61920 4845 62053 62254 0 61920 61202 62697 62248 61920 4845 0 61920 0 61920 61202 0 61920 0 61920 34587 61202 62393 0 62393 62806 62054 34587 61202 0 62393 62806 62054 34587 61202 0 62393 62806 62054 5199 62088 61202 40241 0 61920 521 1423 34363 734 5812 61468 61202 40241 0 5199 62088 4845 61971 62009 62393 62806 15024 61756 15533 62393 62806 15024 61202 62905 62306 62306 61966 15533 62373 62088 62047 61747 61747
4845 0 62009 62047 61202 0 62118 62047 61202 0 62118 62047 3709 62456 0 62118 61920 61202 62456 62118 0 62343 61920 10559 61911 33573 61202 0 62009 62047 61202 62456 62118 0 62343 61920 11028 62559 62054 62047 61747 61747
21263 63465 61202 0 62389 62561 61202 0 61971 62393 62806 15024 62088 61202 0 62343 0 15024 6663 63002 62348 61756 55456 62009 62620 62047 63679 61756 61202 56968 15024 3833 62254 62004 49087 61747 61747
28119 62254 0 61866 16719 62559 63078 15024 31938 4845 0 61756 0 61756 5199 62088 73 8787 3494 40644 61202 0 61756 0 16780 14890 61747 61747
58 19832 4845 0 62248 61920 61202 0 62248 61920 62088 4845 0 62248 61920 4845 0 62248 61920 8881 50233 62325 18700 62054 62227 61966 8881 50233 62325 4845 61239 19832 4845 62053 62254 0 61202 0 62248 61920 3709 61911 62363 62370 61920 31277 3709 62539 61801 21263 63465 24560 61202 63393 62325 62349 61920 15533 63516 61801 62343 62047 61747 61747
3709 62935 0 16780 15533 62227 62701 0
61202 0 62363 62343 61920 61756 3709 62456 62054 63465 61920 61202 0 62254 62966 61985 15533 62373 62370 61875 62047 41095 61756 61202 61866 0 62248 62047 3709 62456 62054 62118 62053 62370 61875 62349 61866 4845 0 62966 61985 61202 0 61756 62363 62966 27832 11028 62254 0 62047 61747 61747
4845 0 61920 0 61202 0 62393 62806 15024 61202 0 61756 0 61966 3709 61971 63674 6663 2811 61202 62227 63320 62884 61756 15678 62697 61920 61875 62047 62638 28119 63254 62004 14890 61747 61747
61202 62456 0 62393 61920 3709 63388 61971 3709 63388 61971 6663 62053 62393 62806 15024 62088 61202 63762 62053 62274 63193 33021 61801 4845 61875 62363 62389 61202 62227 62389 61202 63679 62697 62009 45945 11028 62254 0 62047 61747 61747
4845 0 62389 61920 61202 0 62118 61920 5199 62088 61202 63679 62697 62248 61920 5199 62088 61202 0 62389 61920 55324 61801 61202 0 62389 61920 5199 62023 62053 62254 0 61866 4845 0 62325 62325 644 61202 0 62248 62053 63288 61985 11028 62254 0 62047 61747 61747
4845 61911 62265 62696 61756 61202 0 61756 62248 61920 61202 0 61920 0 61920 10559 62013 62455 62373 61801 4845 55171 61202 63516 61801 61966 16719 61966 0 15024
4845 62053 62393 62806 61866 4845 62343 62260 61202 0 62009 62248 61920 3709 62393 62118 62053 62393 62806 62054 61202 0 61756 62363 62343 61920 3709 62393 62118 62053 62393 62806 62054 61202 0 61756 62389 61920 3709 62393 62118 62053 62393 62806 62054 61920 4845 62343 62260 61202 0 61756 62389 61920 5199 62088 4845 0 62013 61866 62588 61202 61866 62373 61920 16780 36653 62053 62704 62487 62047 61747 61747
3709 62393 0 62013 62806 62054 55324 61801 61202 63679 62697 63977 61985 8881 0 62013 0 61202 0 62013 62806 62054 24560 10559 62274 15024 3709 62274 62389 62274 62389 31277 61202 62227 62180 45945 34587 61202 61866 0 62009 45945 34587 61202 0 62009 62047 61202 63393 61866 62373 61920 5199 62088 61202 63393 61866 62373 61920 11028 62373 62325 62047 61747 61747
3709 61911 62254 62343 61920 31277 4845 62697 62248 61756 10559 62393 62559 62023 61920 5199 62088 4845 61911 62254 62343 61920 31277 4845 62274 62393 62009 61202 62697 62248 61756 10559 62013 62638 62455 61966 5199 62088 42198 61756 62620 62455 61966 62701 49670 4845 62697 62248 61920 61202 62697 62248 62697 61920 5199 62088 61202 62227 61801 0 61920 8881 62306 62343 61920 11533 10559 62456 62054 62274 61875 62349 61866 4845 62697 61920 61202 62697 62248 61920 61202 0 62638 63821 62248 61756 5199 62088 0
5135 61202 62487 62638 61920 4845 62248 61971 62588 61202 0 62325 62325 5199 62088 61202 0 62325 62325 644 10559 62053 62254 62088 0 61985 10559 62393 62349 62701 0 61202 62227 62180 45945 62088 16719 62363 0 61920 14890 61747 61747
6663 61911 62254 62966 61985 3709 62118 62053 62373 61966 4845 63291 62004 62393 61920 61202 63291 62004 62393 61920 3833 62389 63164 62614 4845 61911 62254 62966 61985 5199 61866 61949 62746 61756 61202 0 61756 0 61920 12305 62118 62053 62254 0 62047 61747 61747 27839 61949 10575 61202 0 61756 0 61920 61202 0 61756 62363 62343 61920 61202 0 61756 62363 62343 0 34587 61202 0 61756 62363 63497 62054 61756 34587 61202 0 61756 62363 61756 62614 61202 0 61756 62363 63497 62118 61202 0 61756 62363 63497 62118 61202 0 61756 62363 62047 61747 61747
10559 55171 61756 61202 62343 62373 61920 10559 62013 62248 62053 62704 62487 62348 10559 62393 62118 62053 62704 62058 62004 61866 8881 62884 62325 10559 62013 61866 62539
5199 61966 62697 44373 62088 61202 0 62389 62248 61920 61202 0 61920 0 61920 4845 62456 62054 0 61920 61202 0 62393 62248 61920 11028 61875 62047 62306 61202 0 61920 11028 62373 62047 62306 5199 62088 61202 63274 61920 11028 61875 62047 62306 14890 61747 61747
41095 61801 4845 0 62248 61920 61202 0 62118 61920 61202 0 62118 61920 61202 0 62393 61920 61202 0 62118 62047 34587 58 19832 5199 62088 72 16486 5199 62088 28119 62004 62013 62227 61202 0 61756 0 61985 3833 62348 61747 61747
61202 0 61966 0 15024 61756 15533 62455 62373 62559 0 93 62023 0 61801 0 15024 61265
21263 63465 4845 55171 61202 0 62248 61920 3709 61911 0 62806 62704 31277 15533 62254 62047 62704 49087 61282 3709 1432 61332 4845 61949 62638 0 61866 61202 62697 62248 61920 3709 61875 62697 62248 16780 4845 0 62393 62806 62704 61202 40241 0 15024 31277 4845 0 62248 61920 61202 0 61920 0 61920 3709 4238 1055 61350 61202 62704 0 61920 61202 62227 0 61920 31938 4845 61911 0 62806 62704 61202 0 62248 61920 93 62023 63078 63821 61985 4845 63078 63821 61985 61202 62227 0 62248 61920 61202 62227 61801 61920 36816 62373 61966 61265 3709 10884 61202 63291 62013 62248 61920 61202 62227 62701 61920 3709 10884 61202 62325 62349 61920 14890 61747 61747
61202 63291 62013 62248 61920 815 2574 61339 19115 61202 0 62325 0 4845 0 62325 644 61202 0 62393 62806 62054 61756 4845 63762 61920 8881 62363 62370 61920 14149 8372 55324 61801 14735 61298 4845 62363 62370 61202 62905 62306 61966 61202 62905 62306 61966
10559 61801 62559 63078 3833 62389 63164 62614 61866 8881 62704 62058 62004 0 61202 61756 62363 62697 61920 6663 62609 62009 62088 25266 3833 0 62806 62704 61202 0 62966 61985 61202 0 62966 0 15024 29568 62321 63365 61801 93 0 61971 62588 61202 0 61971 0 62054 61756 10559 62013 62363 62370 61966 10559 62393 62325 62349 62118 10559 62393 62325 62349 62118 14890 61265
4845 0 0 62325 61228 19115 61202 0 61756 0 61920 61202 0 61966 0 61202 0 5199 62088 140 50556 61260 140 11701 4845 61911 62265 62696 61756 4845 0 62696 61756 61202 0 61756 0 61756 61202 0 61756 0 61756 61202 0 61756 0 61756 61202 0 61756 0 61920 61202 0 62966 62363 62343 0 61202 0 62966 62363 0 61202 0 62363 62343 0 61756 10559 55171 61202 0 62349 0 62248 3833 40241 62254 49087 61747 61747
3833 63195 62118 61202 0 62248 61920 93 61245 8787 3494 1804 8335 3833 61866 62539 61920 61282 61202 0 61756 62363 63497 62614 61866 61202 0 61756 62363 62343 0 61202 63393 62325 0 61920 61202 63393 62325 62349 61920 61202 0 61756 62363 62343 0 61202 0 61756 62363 62343 0 61202 0 61756 62363 62343 0 61202 0 61756 62363 62343 0 61202 0 61756 62363 62343 0 61202 0 62343 0
41095 61202 61866 0 62746 3709 62047 63780 33021 62088 61202 63762 62053 62274 63193 33021 16780 3709 62393 62118 62053 62393 62806 62054 61202 62905 62306 61966 34587 61202 62227 62363 61801 61202 63679 62697 61920 34587 4845 0 62389 61920 8881 62455 61875 62588 61202 63679 62697 61920 34587 6663 55171 61801 61202 56968 61202 63762 62053 62274 62389 28119 62013 62539 7537 61756 4845 0 61756 0 62389 61202 63762 62053 62274 62389 61202 62487 62118 61920 11028 61875 62047 0 62047 61747 61747 10559 62393 62118 62393 62806 62054 61202 0 61920 61202 62935 61801 0 61920 10559 62393 62118 62053 62370 61920 10559 62393 62118 62053 62373 61801 8881 62363 62118 62053 61920 5199 62088 61202 63679 62697 61966 8881 62118 62053 62393 62806 62054 61756 5199 62088 8881 62118 62053 62393 62806 15024 61756 10559 62393 62118 62053 62393 62806 62054 61756 10559 62393 62118 62053 62704 61920 10559 62393 62118 62053 62704 62058 62047 10559 62393 62004 62455 61966 61747
41095 61756 34152 61915 63164 62935 61202 0 61966 63821 0 62054 61756 25211 62004 63762 44373 61756 8881 62455 61875 62588 14890 61747 61747
15678 0 61756 6773 61202 0 61801 61875 61966 1072 61202 0 61756 0 4845 0 61875 62343 0 61202 0 61920 0 15024 5199 62088 61202 0 61920 0 62325 61202 0 61920 0 4845 62620 62349 61756 62614 4845 62274 62389 61202 0 62118 61920 3833 62349 62701 62254 61866 61747 61747
4845 0 62118 0 62118 61202 63674 62638 62966 61985 15533 62321 62254 62227 61747 61747
41095 61756 61756 61202 63679 62697 61920 10559 62393 62254 0 61920 61202 62701 61966 0 15024 61202 62609 62009 62088 61756 61756 61202 0 61756 0 61966 28119 62254 62004 0 61866 4845 0 61756 0 61920 61202 63674 62638 61966 61202 0 61966 0 61756 6663 62053 62004 62054 61202 0 61966 0 61966 11028 62455 62588 62393 62348 61747 61747
644 61202 0 61756 61875 61966 644 61202 62325 62349 62118 61202 63291 62004 62393 61920 3186 29194 62970 61202 0 62393 62806 15024 61202 0 61966 0 61756 61202 0 61966 0 15024 61756 15533 62254 0 15024 15533 62373 62013 0 62047 61747 61747
61202 63393 62884 61971 61920 3709 62456 62054 62118 62373 61801 24560 3833 63195 62118 4845 62118 0 62325 4845 0 61756 61202 0 61756 63891 61985 3709 62456 62054 62118 62373 61801 61202 0 61756 0 61966 11028 0 62047 61747 61747
10559 61801 62559 63078 16719 62559 63078 4845 61911 62118 62053 62370 61875 62349 61866 61202 0 62389 61920 61202 0 62389 61920 61202 0 61756 0 61202 0 61756 0 61202 0 61756 0 61756 61202 0 61756 0 61756 3709 62393 62118 62053 62274 62455 61866 3709 62393 62118 62053 62274 62455 61866 61202 63078 63497 62054 61202 0 61756 0 61756 61202 62325 62349 62118 61920 10559 62013 0 61801 61966 61202 62325 62349 61920 10559 62013 62349 62701 0 61202 62325 62349 61920 11028 62274 62539 62047 61747 61747
3833 63195 62118 55324 61801 4845 0 62248 61920 61202 62325 62363 62343 61920 3709 62456 62054 62118 62254 63627 50462 61202 62701 61966 61202 62559 62009 62248 62806 62054 3709 62118 62053 62373 61966 61202 62701 61966 61202 0 62638 62884 0 34304 61756 62614 61756 55324 61801 61202 0 62009 62047 61202 0 62009 62047 61202 0 62009 62047 61920 34304 62118 62053 62254 0 61920 16780 3709 63002 61920 12305 62047 62053 62373 62013 62306 61202 0 61756 0 61756 93 61875 0 61920 34587 61202 0 62118 62053 61801 62053 61801 0 62047 61265 34304 62118 62053 62704 61801 61202 0 61920
34304 62118 62349 0 16719 11533 4845 0 62013 62325 61202 0 62325 61228 19115 61202 0 61756 0 61756 61202 0 61756 0 61756 8881 62455 61756 0
3709 62609 62009 62088 31277 4845 62321 62274 61866 61202 62227 62363 61801 61202 0 62393 62806 15024 15533 62373 62013 62455 49087 61747 61747
61202 0 61966 61228 0 61228 0 61228 0 61228 0 61756 0 3709 62013 62704 62058 62004 62614 61866 8881 61866 62539 61920 3709 62274 15024 16780 15533 62321 62539 0
4845 62053 62254 62088 0 61920 3709 63388 61971 2683 15750 63291 61920 31277 4845 62053 62254 0 61866 4845 0 62325 62325 61228 19115 61202 0 62456 62118 61920 11028 62455 62009 62884 62047 61747 61747
1667 25266 6594 61245 28119 62013 62349 62227 61866 3709 8702 2335 13738 61301 61202 0 62248 62053 63288 61985 801 10276 61256 27834 63274 61985 93 2804 61332 29194 62970 61866 61265 4845 0 62248 61920 61202 0 62248 61920 18700 62054 62254 0 62047 61747 61747
4845 0 62248 61920 16780 4845 62349 0 61920 61202 63393 61866 62248 61920 61202 61866 0 61920 31552 62053 62254 62047 63197 61801 61747 61747
40242 61756 3833 62265 61756 61202 63291 38718 61202 63291 38718 4845 55171 61756 8881 61756 62363 63419 61920 4845 61911 62363 62370 62389 8881 0 62013 61966 61756 10559 62393 62118 0 62559 61920 4845 61875 62884 4845 62697 62248 61202 62697 62248 61202 63497 62274 62455 61966 29568 62227 61966 62363 61801 61747 61747
21263 63465 12305 62047 62053 62274 63627 61202 0 62118 0 61920 4845 62389 63164 61920 4845 62389 63164 61920 4845 62389 63164 61920 61202 0 61756 0 61228 0 61756 0 61920 93 13192 61245 61265 11028 62274 62539 62348 61747 61747
61202 62456 62363 62370 61866 61202 62456 63164 61920 8881 62363 62370 61920 3709 61911 62588 61966 62389 3833 62588 61966 62389 3833 62588 61966 62118 61202 62487 62047 61202 0 61756 0 15024 61202 0 61971 61920 61202 0 61971 61920 61202 0 62013 61966 61920 61202 0 62013 62349 61920 61747 61747
1667 6663 55171 61202 0 62118 61920 61202 63393 62325 62047 3833 33573 93 1666 24326 2335 50126 61325 29194 62970 62995 61265 6663 0 62118 61920 4845 0 62227 61920 55324 61801 61202 63679 62697 63977 61985 3833 62348 61747 61747
8881 0 62806 62054 27832 93 62023 0 61966 0 15024 61265 3833 62265 61756 28119 62349 62701 62254 62455 14890 61747 61747 3709 62389 63465 61202 62487 62638 62343 61920 61202 62487 62638 63821 61985 3709 62539 61801 11028 61875 62047 62306 4845 61875 63164 61920 8881 62349 62697 61920 11028 61985 61971 62047 61747 61747
3709 61911 0 62806 62704 31277 61202 0 62389 0 11028 61875 62047 62248 62047 61747 61747
3709 0 62047 61202 0 62393 63497 61920 61202 0 62393 62806 15024 3709 63388 61971 3709 63762 61920 61202 63497 62373 62013 62561 3709 63388 61971 61202 63497 62373 62013 62306 3709 63388 61971 61202 0 62704 61202 0 62393 62393 61202 0 62393 62393 61202 0 62389 61966 61202 0 62009 62047 4845 0 62009 62047 61756 61202 0 62009 62047 61202 0 61756 62363 62343 61756 61202 0 61756 62363 62343 61756 61202 0 61756 62363 61966 61756 61202 63497 62054 62118 0 62047 61202 0 61756 0 62047 61756 61202 0 61756 0 62047 61756 61202 0 61756 0 61756 61202 63497 62054 62013 62539 62047 61747 61747
6663 63388 61971 61801 61202 0 18473 12305 62935 1812 1812 60738 5199 63780 33021 61756 12305 62728 1812 1812
15149 62487 93 62023 62373 61756 61300 61911 62306 62389 61920 61265 61202 62487 62620 61920 93 62023 61300 61801 0 62047 870
34304 62118 62620 62343 62806 62054 62088 34304 62274 61875 62047 34304 62118 62053 62704 62058 62047 11028 62254 62370 62047 61747 61747
3709 63388 61971 16370 55171 4845 0 62054 61202 0 63109 61920 61202 62487 62638 63821 61985 61202 0 62088 61202 63393 62325 63274 61985 3709 62456 62054 62118 62053 62704 62058 62348 61920 61202 0 62393 0
61202 0 61801 61875 61966 1686 61202 0 61801 61875 61966 16757 4845 61911 62254 62806 62054 61300 61911 36491 8881 61756 62363 63419 61920 61202 62935 62701 0 61756 55324 61801 61202 0 61756 0 61966 61202 0 61756 0 62047 55324 61801 3833 62254 62004 0 62047 61747 61747 27839 61949 10575 10563 61202 0 62254 62966 61985 61300 62487 62047 61202 62487 62047 62047 3709 63233 62348 61202 63291 38718 3709 63233 62348 61202 63291 38718 8881 62118 62393 62806 62054 61920 61202 0 62966 61985 3833 40241 62254 0 62047 61747 61747
61202 63291 62013 62248 61920 4845 0 62118 61920 4845 0 62118 0 61920 61202 0 61920 0 61920 61202 0 61966 0 61202 0 61966 0 61202 0 61966 0 61202 0 61966 0 61202 0 62013 61966 61202 0 62013 61966 0
10559 41289 61202 0 62970 15149 62487
48020 24560 3709 55171 31277 3709 62389 63465 61202 62487 62638 62053 63288 61985 61202 62487 62638 63821 61985 16719 62487 61756 62054 61920 16719 62487 61756 62054 61920 41095 61202 62456 62058 61875 62349 61866 61202 0 62393 61920 11028 61985 61971 62047 61747 61747
3709 62058 63002 62348 61202 63679 62697 63109 61985 3709 63233 62348 61202 63233 62348 8881 53890 62118 15678 0 3709 62047 62389 61920 4845 62363 62047 62370 61756 5199 61966 62363 61202 62455 62009 62588 61202 62455 62009 62588
61202 63291 62009 45945 61202 0 61228 0 61920 61228 0 62248 61920 1878 61202 0 61920 61228 0 62248 61920 61265 61202 0 61756 0 61920 61223 4845 62274 61866 61202 0 62248 61920 61202 0 62393 61920 61202 0 61966 0 61920 61202 0
10559 55171 8881 0 62013 62806 62054 61202 63679 62697 63977 61985 31277 4845 62487 62180 62053 61920 61202 62697 62248 61920 10559 62393 62118 62053 62704 62058 62047 5199 62088 12305 62047 62248 62321 62373 61801 4845 62704 62047 62053 62274 62389 4845 63762 62053 62274 62389 61202 0 63374 62248 5199 62088 55456 62009 62254 62370 61920 4845 62023 62274 61875 62349 61866 4845 61911 62638 0 61920 61202 63679 62697 61920 38613 62456 62004 62054 61202 62905 62539 61920 11028 62455 62373 61801 61747 61747
4845 61911 62455 62370 61875 62614 61866 61202 63393 61866 62373 61920 3833 62363 62370 61920 3709 55171 24560 31277 880 61202 62905 61966 0 15024 61756 15750 62455 62349 0 61282
4845 62254 62088 0 61920 61202 0 63374 62248 16719 11533 61236
15533 62455 62343 62455 61966 55324 61801 61202 0 62118 0 62053 63288 61985 3709 62373 62306 61202 0 61756 0 61966
4845 61274 50556 61260 140 11701 61202 0 61756 0 62343 0 61202 0 61756 0 62343 0 61202 0 61756 0 62343 0 61202 0 61756 0 62343 0 61202 0 61756 0 62053 63288 61985 28119 62254 0 61866 61202 0 61756 0 62343 0 61202 0 62325 0 62325 61756 10559 62456 62455 62343 62455 61966 61202 63497 62054 62455 62343 62455 61966 61202 63497 62054 62118 62248 62047 61747 61747
6663 62053 62373 62393 62806 62054 61756 4845 0 63497 63977 0 62054 61756 4845 62254 62004 0 62054 61756 61202 0 61756 0 61756 5199 62088 61202 62227 62180 45945 10559 62393 62455 62389 62588 61202 63233 62348 4845 0 63497 63977 0 62054 61756 61202 63762 62053 62274 51312 4845 62954 62935 62389 61202 0 61920 0 62325 61202 40241 0 61756 4845 62321 62349 62227 34682 34152 61915 63164 62935 5199 62118 62455 62389 61971 62004 62265 61747 61747
4845 62373 62325 63274 61866 61202 63679 62697 61920 3833 63195 62118 61920 15533 62455 62373 62393 62047 61747 61747
73 8787 3494 40644 61202 0 61756 0 61920 62088 61202 62487 62389 62248 61920 5199 62088 61202 62487 62389 62248 61920 5199 62088 28119 62058 61875 62349 61866 4845 61875 61971 62009 62746 61202 63393 62325 62701 44373 55324 61801 4845 62047 63193 33021 61756 61202 62227 61801 61920 4845 62456 62054 62118 62348 61920 55324 61801 4845 62047 62389 61202 62227 62393 61920 4845 62926 61949 61202 62227 0 61920 34587 4845 62638 47003 61866 8881 61756 0 62248 61920 5199 62088 61202 0 62013 0 62248 61920 61202 0 62118 61920 14890 61747 61747
26730 62004 62746 61202 63291 62009 45945 61202 0 62248 61920 93 9164 61207 61314 61265 93 62023 61911 33573 61202 63679 62697 61920 93 0 61756 0 62248 61920 61265 3709 61911 61756 62363 62370 61920 4845 61911 62118 62053 61801 62343 61920 31277 15533 62254 0 61265
29194 61966 62058 62389 16780 61202 61756 62363 62325 11028 62227 61966 62701 62047 61747 61747
1667 4845 61911 63195 62118 8881 0 62013 62806 62054 61202 63762 61920 93 7052 2821 8337 2980 23288 769 4845 63762 62053 62274 62389 8881 62363 62370 61920 5199 62088 4845 63762 61920 8881 62363 62118 62248 61920 40242 61756 4845 0 61801 62389 61920 4845 62254 62370 4845 0 62389 61920 25211 62009 62620 62047 63679 61920 26733 13539 2040 19069 2980 25215 9360 61202 0 62393 62806 62054 61756 3709 62456 62254 63627 50462 61202 0 61756 0 4845 0 62118 0 62325 55324 61801 4845 0 62325 61202 0 62325 0 62325 61228 19115 61202 0 62393 62456 62054 61920 3709 62456 62054 62118 62053 62254 0 61920 3709 61971 62009 62248 7537 3709 61971 62009 3709 62638 47003 15533 62058 62004 0 62047 61747 61747
38613 62053 62013 0 61866 4845 0 62248 61920 61202 0 62248 61920 26730 62004 61920 61202 63291 62009 61949 44373 3833 62348 61920 61282 4845 0 61920 61202 0 62248 61920 61202 0 62118 61920 18700 62054 62118 62254 62047 61747 61747 5199 30692 4845 61911 62363 62370 62389 8881 50233 62325 61756 61202 0 62393 61966 61920 18700 62054 62118 62254 62325 62047 61747 61747
4845 0 61920 4845 0 62325 0 62325 644 8881 0 61920 38613 62456 62054 62118 62620 62343 62349 61866 61202 62455 61756 0 62349 0
26176 61202 0 62118 61920 61202 0 61966 61202 0 61966 0 61228 23419 61314 3598 4845 0 62248 61920 4845 0 61920 4845 0 61920 61202 0 61756 0 61920 3709 63388 61971 61202 0 61756 0 62248 61920 61202 63393 62884 62047 12305 62227 61966 62701 62047 61747 61747
41095 3709 62456 62054 61756 61202 0 61920 0 61966 16780 4845 62926 61949 37065 10559 62393 62363 62118 62248 61920 61202 63497 62054 62118 62053 62704 62058 62047 11028 61985 61971 62047 61747 61747
5199 62370 62487 63204 61801 24560 36879 62704 61801 61202 0 62966 62363 61756 61202 62487 62638 62343 61920 3833 62728 62701 63780 61985
3833 62265 62696 61756 61202 62227 0 62248 61920 55324 61801 61202 0 62118 62248 61920 8881 0 62456 62054 61920 3709 62393 62363 62370 61920 61202 62559 62009 62248 62047 61747 61747
28119 62013 62349 62227 61866 4845 62926 61949 61202 0 63109 61920 61202 0 61756 0 61202 0 62088 61202 0 61756 0 61920 61202 0 61756 0 61920
8938 62306 62389 34587 61202 61756 62363 62325 61801 62088 8881 61756 0 62325 8881 61756 0 62343 61920 11028 62058 0 61971 62047 61747 61747
61202 0 62696 62118 61202 0 62118 62118 0 61756 0 4845 0 62118 62053 61801 61202 0 62118 62053 61801 61966 5199 62088 61202 0 61756 62363 62343 61920 8881 62704 62058 62047 45963 62274 62455 61866 16719 61966 0 61920 62088 59123 0 62306 62053 63288 61985
61202 0 61966 0 61966 0 61202 0 61966 0 61202 62697 62248 8881 0 62013 62806 62054 31277 61202 0 62013 62806 62054 61756 56374 62047 62058 61920 3709 0 62013 62806 62054 15024 62088 40039 63780 61985 61202 63233 62348 61202 62227 61801 0 61920 61202 62905 62306 61966 93 61293 18805 61265 61202 62905 62306 63821 61920 62088 34304 0 62013 62349 61920 682 1389 2906
29194 63516 62349 63254 62009 62393 4845 0 62325 61228 19115 61202 0 62393 62248 61920 4845 61911 62349 62701 62254 62455 61866 61202 0 62393 61920 3709 62265 62348 61202 63291 38718 61202 0 62966 62248 31277 41095 61756 61202 0 62966 62363 62343 0 61756 3709 62609 62118 34304 62118 62620 62343 61920 15533 62349 62701 0 62047 61747 61747
4845 61251 18805 3833 63195 62118 61202 0 62456 62054 61202 0 62456 62054 61202 63078 63821 61985 3709 0 61801 62559 61920 28119 62274 62455 62349 61866 61202 63078 63821 61985 15533 62373 61801 0 62047 61747 61747
4845 0 62370 61202 0 62118 0 62806 62118 61202 0 62393 62806 61866 4845 0 62325 0 62325 644 61202 0 62393 61920 3709 63388 61971 41095 61756 60481 62349 62325 61756 12305 62274 62539 62047 61747 61747
1328 61202 0 61756 61875 61966 5199 62118 62058 62053 62704 62058 62561 61202 63291 38718 8465 29194 62970 61202 0 62393 62806 15024 61756 4845 0 61920 61202 0 61966 0 15024 61756 18700 62054 62254 0 61920 61202 0 61966 0 61202 0 62966 61985 61202 0 62966 61985 61202 0 61966 0 61300 61911 62254 62966 61985 61202 62487 62047 0 62047 61747 61747
61202 63078 63821 61985 61202 63291 62009 45945 26730 62004 61920 28119 62004 62054 63785 61202 0 62966 61985 61202 63497 62054 62118 62620 62047 62363 11028 62058 0 61971 62047 93 61801 62559 63078 6663 62609 62009 62088 61202 0 61756 0 61966 61202 0 62966 61985 5199 62088 3833 33573 61202 0 62806 62704 61756 61202 0 62966 0 61920 61202 0 62638 62966 61985 11028 62254 62370 62047 61747 61747
21263 63465 8881 62455 62373 62456 62054 61756 5199 62088 61202 63078 63821 61985 3833 63195 62118 3833 63195 62118 61202 0 61920 0 62054 61756 61202 0 62325 61228 19115 8881 62363 62118 62248 61920 11028 0 62325 62343 62348 61747 61747
140 50556 61260 140 11701 61202 62701 61966 12613 61247 61202 62701 61966 4845 62274 62389 61920 61202 0 61756 0 61920 93 62023 0 62389 61920 8881 62349 0 61920 61202 0 61756 0 62047 61265 61202 0 61756 0 61920 61202 0 61756 0 61920 61202 0 61756 0 61920 61202 0 61756 0 61920 61202 0 61756 0
4845 0 62248 61920 61202 0 62118 61920 3709 61920 62487 62487 62004 61866 4845 0 62088 61202 0 61756 0 62325
61202 0 62118 0 62325 40644 61202 63762 62053 62274 62389 61202 63762 62053 62274 51312 61202 63291 62004 62393 61920 61202 0 61756 0 62248 61920 5199 62088 3833 61866 62966 0 61866 62054 61756 61202 0 62487 0 62054 61920 61202 0 61756 0 61966 61202 0 61756 0 62054 61920 15533 62455 62373 61801 61747 61747
3128 61228 2653 41 61228 5046
28119 62004 62013 62227 61866 5199 62088 18473 29568 62321 62254 62325 61801 61747 61747
5199 30692 3709 62274 61866 61202 62701 61966 61202 0 61966 61202 0 61966 55324 61801 136 61202 0 61920 61202 62343 62905 61756 8881 63705 62023 61920 62088 28119 62274 61875 62274 63627 14890 61747 61747
61202 0 61920 0 61966 4845 61911 62254 62343 0 61202 0 62389 61920 61202 0 62389 61920 5199 62088 61202 63078 63821 61985 4845 61911 61756 62363 62370 61920 61202 0 61756 62363 62966 61985 11028 63300 62343 62047 61747 61747
61202 62905 61966 0 61756 62088 61202 61866 63649 5199 63780 61985 15533 62455 62373 61801 1812 1812
28119 62455 62373 62274 61866 25211 62004 63762 61920 3709 62456 62455 62373 62274 61866 16719 62047 62487 61920 3709 62456 62054 62118 62373 61875 62349 61866 5199 62088 8881 62389 61920 62373 61801 8881 62363 62118 61920 3709 61911 62254 62370 61920 55324 61801 3709 0 62118 61920 3709 62363 62047 8881 62363 62370 61920 55324 61801 3709 62393 62806 62054 3709 62363 62047 8881 62363 62370 61920 3709 62363 62370 61920 8881 62363 62370 61920 11028 62254 62370 62047 61747 61747
38613 62456 62058 62004 62058 62047 61202 62227 61801 62248 38613 62456 62058 62004 62058 62348 36879 62704 61801 16719 62325 62349 61920 11028 62227 61966 62701 62047 1812 1812
40242 61756 61202 61866 0 62248 27832 3709 62456 62455 62373 62274 61866 4845 62456 62455 62373 62456 4845 62926 61949 61202 63538 62306 47003 8881 62363 62370 62806 62054 5199 62088 4845 61911 62363 62370 62389 8881 62363 62370 62806 62054 61756 61202 0 61756 0
4845 61915 62559 61920 61202 0 62118 61920 93 15616 61314 61265 5199 62559 18473 3833 62054 62118 63159
4845 0 62118 11028 62455 62373 61801 4845 0 62118 11028 62455 62373 61801 61747 61747
41095 61756 61202 0 62248 61920 62088 61202 0 62248 61920 3709 0 62248 61920 3709 0 61920 3709 6953 417 14890 61747 61747
73 8787 3494 40644 61202 62487 62389 61920 55324 61801 61202 63274 61920 61202 0 62487 61920 31552 62053 62254 0 61801
61202 0 63497 0 62054 61202 0 62456 61801 8881 62088 61756 0 61202 0 62456 61801 61202 62456 62118 0 61202 0 61966 0 61202 0 63497 0 61202 0 61966 0 3709 61911 62393 62393 62349 62118 61920 4845 61875 61971 62588 61202 0 61966 0 61756 3709 62363 62363 62343 61920 16780 36653 62620 61971 62842 61202 0 62638 62047 11028 62088 62638 62047 61747 61747
41501 61756 62373 0 15024 61202 0 61756 62363 62370 61920 10559 62393 62118 62053 62704 62058 62004 61866 4845 0 62118 0 62047 10559 62456 62455 62373 61801 8881 62363 62370 62806 62054 61756 8881 62455 62373 61801 61202 0 62966 61985 11028 61985 62348 61747 61747
4845 61911 62265 62696 61756 36816 62118 62053 61801 62970 62609 27832 3709 62023 62559 62013 62561 26730 62004 61920 61202 62227 62638 61202 63497 62054 62227 61966 50462 11028 61985 61971 62047 61747 61747
3709 62265 62348 61801 61202 0 61966 0 15024 61202 0 61966 0 15024 61202 0 61966 0 15024 61202 0 61966 0 15024 61202 0 61966 0 15024 61202 0 61966 0 15024 3833 62254 62370 7537 61747 61747
21263 63465 61202 62487 62638 62966 61985 5199 62088 4845 62058 62053 62393 8881 61756 62363 62370 61920 61202 62487 62047 62487 61920 4845 63762 61920 34152 61915 63164 62935 12305 62274 62539 62348 61747 61747
3709 23463 62539 7537 4845 62053 62004 62013 62227 61866 8881 62455 62373 62456 62054 61756 61202 0 61971 61920 4845 7583 61202 0 62638 63821 61985 12305 62118 62053 62704 62487 62348 61747 61747
6663 63649 62009 62393 63109 61920 25266 61202 62325 0 62393 0 61202 62905 61966 0 61202 63291 62004 62393 61920 28119 62004 62054 63785 61756 4845 62248 61971 62588 61202 0 61971 0 15024 61756 61202 0 61756 0 62248 61756 61202 0 61756 0 61920 10559 62393 62363 62370 61875 62047 11028 62274 61875 61971 62047 61747 61747
61202 61866 0 61920 55841 62254 62370 61920 61202 63497 62321 62539 61920 61202 62701 61966 61202 62701 61966 61202 0 61920 61202 0 61920 93 61325 61202 0 61966 61265 61202 62343 62373 61920 11028 62455 62009 62884 62047 61747 61747
4845 62013 0 62013 62806 62054 61202 62697 62248 28119 62254 62004 0 61756 61202 63393 62009 62248 55324 61801 4845 61911 62306 63159 61920 61202 63393 61866 62373 61920 55841 62274 62455 61966 12305 62118 62053 62254 0 61866 4845 0 62013 62806 62054 61756 61202 61866 0 61920 11028 62053 62704 62047 61747 61747
4845 62227 61801 8881 62306 62343 61920 4845 61911 62389 61971 0 61866 4845 61911 62389 61971 0 61866 8881 62349 0 15024 11028 62274 62539 62047 61747 61747
61202 0 62487 0 61202 0 61966 0 61202 0 61966 0 61202 0 61966 0 61202 0 61966 0 61202 0 62966 62363 62343 0 61202 0 62966 62363 62343 0 61756 10559 62013 0 62013 62349 61920 8881 62455 62373 61801 61202 62609 0 62047 61747 61747
6663 62053 62373 62393 62806 62054 61202 0 61920 0 61920 8881 62118 62053 62393 62806 62054 61202 61866 0 61756 31938 11533 61202 61866 0 18473 10559 62013 63516 61801 61966 15678 61985 62047 61747 61747
4845 61911 62363 62370 62389 3833 62363 62370 62389 3833 62363 62370 61966 73 8787 3494 40644 5199 62088 61202 0 62487 62047
41095 61756 8881 0 62058 62047 15533 62321 62539 61236
16719 62559 63078 62697 61866 61202 63291 62013 61920 61202 62487 62638 62966 61985 10559 62013 62349 0 61920 10559 62013 62349 0 61920 10559 62013 62349 0 61920 10559 0 61920 93 62023 62013 62274 61966 2600 3833 62023 61920 61265 4845 651 16719 62559 63078 61202 0 62638 63821 61985 11028 62373 62325 62054 62047 61747 61747
12613 61247 61202 0 61756 0 15024 21263 63465 8881 63197 63479 62638 11028 62620 62047 62701 62047 41095 61202 62905 62306 61966 11028 62058 0 62047 61747 61747
6663 62609 62009 62088 61202 0 61920 62047 63497 62054 28119 62321 62349 61866 61202 63679 62697 63977 61985 4845 0 62325 61228 19115 61202 62227 62701 0 61756 61202 0 61756 0 61920 61202 0 61756 0 61920 61202 0 61756 0 61920 12305 62118 62053 62254 62370 62047 61747 61747
3709 61911 62588 61966 62389 6872 61202 0 62248 61920 61202 0 61756 0 61920 61202 0 61756 0 62248 7537 61202 63497 62363 62118 61920 11028 62058 0 61971 62047 61747 61747
4845 55171 61202 0 61920 0 61866 62053 61866 61202 61866 0 15024 3709 62373 62325 63274 61866 25211 62004 63762 61920 61202 63679 62697 63977 61985 61202 63679 62697 63977 61985 61202 63393 62325 62349 61920
10559 61911 62265 62696 61920 16719 62363 62343 61920 93 62023 62456 62248 62254 0 61866 8881 62455 62373 62456 62054 61920 61265 10559 62306 62306 62966 61985 5199 62118 62058 4845 0 62325 61228 5019 61202 0 61756 62248 62053 63288 61985 3709 62456 62054 62254 0 61920 16780 61202 0 62325 62343 61920 3709 62456 62054 62118 62053 62254 0 61920 16780 15533 62455 62373 61801 62248 62047 61747 61747
4845 61251 18805 3833 63195 62118 61202 0 62456 0 61966 61202 0 62363 62343 0 61202 0 61756 62363 63419 61920 4845 61911 61756 62363 63419 61920 61202 0 61756 0 61756 61202 0 63497 63977 61985 61202 0 62806 15024 61756 61202 63516 61801 61966 61202 0 61756 62728 62389 18700 62054 62118 62373 62325 62047 61747 61747
4845 0 62248 61920 61202 0 62118 62248 61920 93 62023 0 62248 61920 61202 0 62248 61920 55324 61801 61202 0 62389 61920 61202 0 62389 62248 61920 61265 5199 62088 4845 0 62389 61920 8881 62363 62370 62806 62054 61756 93 62023 62053 61801 62696 61202 0 62389 61920 8881 62363 62370 61966 61265
