140 50556 61260 140 11701 21307 671 10192 2447 61381 10684 7483 61705 2820 30018 1307 1822 6307 45132 1736 1687 52488 6041 5213 128 61260 2309 11148 6984 17720 12151 28947 61491 2974 61421 5624 61411 52028 2309 14432 9391 61342 3129 16158 24285 28949 7720 10310 2447 1250 61487
19223 17240 61995 38243 2227 2309 15326 2882 13479 1736 3679 61654 3705 5298 2309 15326 6360 6320 1226 17162 1250 61223 4888 2375 8005 3701 61421 61342 2227 2309 20247 3129 2418 22925 5309 31987 61426 11373 1736 3022 61421 6228 61553 3163 61342 5155 61223 6041 38243 9399 1250 61223 48620 1436 10419 61676 3022 42039 61223 21849 30289 21439 61223 3022 42039 1802 3134 4659 61223 3022 42039 1802 3134 24349 61426 1802 3134 2227 61223 1182 61372 61336 5309 1802 3134 2227 1736 1058 54407 73 8787 3494 40644 3425 1687 62048 43206 9362 958 62305 30489 61490 3425 1643 1120 14638 30018 4247 28224 1250 61216
318 7137 61480 17372 7345 8005 45583 24202 6041 61411 8578 61342 8005 61516 62048 61372 7345 5484 61342 10733 1307 19058 1736 2974 19553 61553 4381 6041 61411 8578 61342 2227 2309 37722 3129 2974 30069 4381 9272 61487
31987 61426 1700 3425 8005 19553 61553 4381 4386 1250 61216
6041 61411 8578 61342 2227 2678 2974 46424 61995 3349 44169 61372 12392 2309 6162 39602 61543 1700 2227 3349 61132 12392 2309 6162 61223 39373 29635 2678 11136 52260 3201 1700 7483 1704 2309 6162 61223 1436 3970 5213 61995 2309 6162 15321 6041 61411 35139 1736 22628 61543 1704 2309 17589
140 50556 61260 140 11701 17589 61397 61688 61676 11373 1736 4002 3301 9757 61547 61441 395 1704 3301 21613 61372 2820 15439 15031 2678 21307 671 10192 2447 61381 416 5812 183 671 10192 2447 61381 6360 11148 6984 17720 12151 28947 61491 3425 23471 3425 8005 42055 2678 8005 61547 60655 4381 56470 61216
7247 28472 3425 2974 19553 61553 17240 50244 2227 2309 5484 10061 20469 2820 2418 1704 2309 6162 30018 395 62048 43206 1250 61223 30754 8721 8237 5484 61342 10733 2309 46109 6041 61411 8578 61995 3425 17241 10192 6307 2678 46799 1250 61487 5484 61342 10733 2309 1307 19058 46651 2309 2974 19553 61553 3129 61223 5484 10061 2227 3425 6041 61411 35139 40192 61320 61868 56313 30754 8721 5484 61342 10733 2309 30987 10332 10979 15566 19760 4381 1250 2375 44142 5484 10061 2227 2678 5484 61342 10733 1428 62204 61654 2115 29776 5155 61216
8002 9391 61553 3129 9680 395 4127 6925 4928 29776 5155 61223 1802 3134 24349 61426 2309 6162 61223 54916 3129 23348 2820 25478 9274 61490 1307 19058 4247 17162 1250 61216
23348 2820 5390 61732 2227 3129 2882 5309 4381 61357 8818 1058 61480 10061 4247 17734 3420 1250 61223 11366 5236 3679 61421 9520 46193 8005 42055 3349 3201 61490 61516 51930 4386 2115 11752 8898 1250 61223 2856 61522 4659 31365 8005 61780 61553 61421 62817 2820 5958 23006 1700 20469 61223 7483 61516 61417 9362 52647 23829 2309 49515 846 39544 18666 1250 61487
7247 40384 61473 55740 2309 17240 61995 38243 46799 2820 46799 5649 61381 19525 18808 61320 40929 3425 21849 3448 1250 61216
10979 15566 19760 4381 12392 2309 6162 2974 3134 24349 61397 2974 3134 24349 61397 61282 7483 61516 61688 12392 2309 15859 61342 10733 2227 2678 10310 1704 2309 6162 10979 15566 19760 4381 22430 1250 2375 8005 28240 61441 61372 1307 61381 61372 61732 18887 9362 2418 1704 2309 17240 50244 2227 2820 2418 1704 2309 44142 8369 61522 3818 23131 2227 2678 21849 61947 61455 6041 61411 35139 2974 54348 23682 61455 8600 2115 11752 1388 61223 30018 45047 21849 3448 2309 6360 598 28148 5236 2309 6162 8005 42055 58498 61342 52647 23829 56342 12392 2309 6162 61216
39279 19223 395 3448 24777 2227 3349 846 3705 61372 10406 61223 9866 2309 395 61868 6298 20510 33887 5309 59119 61381 3812 29443 61216
958 2661 61936 4659 30018 1700 8005 61516 62048 61372 7345 23398 2820 9823 1687 6307 45132 3349 8369 61947 2324 9272 1250 61223 32379 8600 2309 1515 5129 61417 61947 2115 12451 5155 2375 395 61480 61473 61490 61342 8005 42055 58498 61342 1058 7814 61342 2227 2309 1428 7105 61356 3022 61455 45765 1704 2309 6162 61216
1259 4659 61688 12507 61441 5298 61868 32379 8600 7345 1259 12507 12507 61441 5298 61868 5484 61342 10733 2227 61223 6052 61543 1700 1736 395 61480 61473 9520 6925 1307 19058 2115 23529 47428 61223 39373 2309 1307 10419 61676 2227 2678 39373 2820 46109 19747 61342 14590 61487
5272 3129 84 61249 61251 61249 8369 13218 61995 3425 15859 61780 61553 23398 2820 671 61421 3818 61473 4381 1250 2375 90 20571 8005 61780 61553 61421 62817 8369 13218 61995 3349 38537 35088 43938 27497 56680 3163 1250 61216
10243 12400 5309 2227 7345 1325 61426 61336 5309 61455 5390 61732 2227 2309 8369 61522 4659 10733 1736 1325 61522 4659 61688 29154 61491 1325 17529 6925 6041 61411 35139 1736 3201 61417 33887 3349 3022 1120 61676 11948 5155 61487
73 8787 3494 40644 3425 2974 42802 4381 1802 3134 24349 61426 1325 17529 6925 8369 3420 61397 3425 2418 61336 61480 61780 5309 26780 3812 1250 61216
43174 20918 5129 61411 24202 11752 53667 1058 61480 10061 2227 2678 54985 1704 2309 20247 3129 1736 1058 7814 3701 2820 9866 2309 2418 61813 61342 15585 8005 42277 61381 6925 23348 2974 19553 33325 1250 61216
7385 61813 61381 1307 19058 2309 846 10038 12776 61421 1058 54407 1182 3818 3970 14412 61688 61473 3163 44082
4351 6925 19223 31755 40929 3349 15859 61397 27869 2115 29776 5155 9362 8005 61547 60655 61342 3425 2974 19553 61553 5309 2447 9362 10725 6925 35206 2974 61421 5309 1344 5298 2115 29776 5155 61216
2974 3134 24349 61397 6041 61411 8578 61995 54591 61426 1058 54407 6041 61411 8578 61342 2227 3425 6041 61411 35139 2974 61516 6307 20474 36959 10406 61282 17240 50244 1736 5484 10061 20469 2309 15326 2974 54348 6041 61411 35139 54591 61426 12796 11455
6360 6041 38243 9399 682 16158 2227 2678 73 8787 3494 40644 38537 56987 2309 24146 21613 1307 6228 17372 25314 1226 17162 1250 61223 1259 61678 1182 1984 61426 2309 1307 10419 20304 9362 1802 24202 6298 61725 31833 3129 10725 58 19832 61228 61245 8787 40644 4386 1250 61223 48620 1259 61678 1307 10419 20304 1802 24202 6298 61725 31833 3129 6041 7814 61336 6320 1226 17162 61223 4888 11136 1307 10419 20304 3129 54700 12507 61678 61426 2678 58096 1250 61216
1436 61676 4381 2632 61441 61342
23348 2820 30491 30289 1736 2418 22925 5309 2882 5309 4381 61357 8818 1643 61441 6041 27831 61522 1259 4247 28224 1250 2375 38537 35088 43938 27497 8005 61547 60655 4381 2418 51311 15585 40929 2309 6162 4928 11752 8898 1250 61216
11136 1436 3970 5213 61995 40384 61473 55740 10406 1307 10419 20304 2418 61480 20572 5309
500 958 4381 1344 61688 29154 2678 73 8787 3494 40644 1182 3448 61553 61654 2227 3425 2974 19553 61553 4381 3425 47428 30018 20572 8369 61522 3818 23131 2227 2678 2882 13479 3129 5155 61223 2974 19553 61553 4381 6041 61411 8578 61342 2227 3425 8005 42055 2098 9656 7483 61705 2227 3129 1250 61223 11366 11439 4928 61473 18518 2309 1442 3396 7483 61705 2227 1736 1740 3396 7483 61705 2227 3129 5155 61216
10725 44769 25314 2447 1250 2375 25478 3163 18808 25376 6925 31987 61426 1700 4247 31834 61223 15308 2423 61480 8721 23795 1687 61995 3163 1325 17529 6925 4928 45765 3129 1250 61216
1307 19058 61336 2820 23398 50270 1643 13550 11455 61223 1307 19058 1307 19058 2309 30987 1307 19058 31570 1250 61216
31987 61426 11373 8369 52028 6298 3448 27157 20247 2820 3812 61455 8578 61995 46799 6984 3129 3022 61455 45765 9362 846 61356 61654 20469 3349 8369 19553 61553 4381 12392 2309 6162 10979 15566 19760 4381 1250 61216
6041 6228 61547 2632 61455 3085 61397 1182 3085 29154 958 62305 30489 61490 2678 55752 1704 3425 1182 3085 29154 1250 61223 48620 1259 4659 42039 45047 26780 30220 61421 1250 61223 3669 7247 60674 46799 2820 46799 1328 1307 19058 61336 3425 49687 25923 61342 2447 1250 61223 4888 10979 15566 19760 4381 22430 1250 2375 54106 47305 1307 9399 2227 2678 14412 61688 61473 14590 17162 61223 9815 46799 2820 46799 6360 958 5624 61654 3679 58000 61543 1700 2115 12451 5155 61216
23348 2820 5390 61732 2227 7345 1307 19058 9362 31094 3085 61491 54591 61480 10061 61995 1307 19058 9272 1250 61223 1182 4866 61543 2309 59572 1736 56033 11501 846 55740 61223 56545 46424 20247 2820 2418 1704 32325 30641 50123 61223 1182 4866 61543 2309 59572 1058 54407 56033 11501 846 55740 61216
6041 1120 18808 61320 1802 3134 24349 61426 93 9164 61207 61314 61265 3129 11136 28472 5155 61223 6360 2309 6162 3679 61480 13923 7105 61372 1802 3134 2227 2678 29733 44761 61223 1736 6360 28472 3349 6298 61480 61397 11785 36547 61426 1802 3134 2227 3349 29733 2115 28224 1250 61216
73 8787 3494 40644 58354 61311 6041 1120 61421 9233 1802 3134 61455 61265 58 19832 61228 23419 61314 3598 2309 49515 31987 61426 1700 2227 2820 29733 9272 17162 1250 61223 6360 23471 2820 3163 61342 6298 61480 61397 2418 5958 9757 1802 3134 1250 61223 10359 778 61311 3129 1072 958 2923 30295 3129 14477 13340 48145 18605 9520 2820 3163 2820 3163 3425 14432 12151 61411 3425 47428 61487
201 41649 61441 3163 3129 61223 10812 61249 8980 16158 2227 2309 17057 61543 61547 1700 4381 73 8787 3494 40644 1643 1344 2447 40929 3129 3522 11318 61332 16158 60513 9360 3425 1802 61473 61654 3129 46799 2820 46799 6360 958 10733 61455 1802 3134 1250 15632
1325 61947 26934 61480 61732 1259 61678 36236 93 61251 5340 61265 8369 25706 2447 2309 1643 49984 2324 2974 54348 3129 8369 25706 4247 31834 61223 30754 8721 10725 1325 1822 61553 21050 52132 56545 46424 2447 1250 61223 30754 8721 11148 7814 23471 1428 8578 4659 1802 3134 4659 1802 3134 2227 3812 671 61421 3818 61473 4381 4386 2115 28224 1250 61223 19223 19525 18808 61320 40929 2678 2096 61228 18682 19525 52028 3129 2974 42038 4247 31834 61216
19223 8369 52028 2227 2678 1325 61516 4703 8005 8818 61947 61372 1058 61480 10061 1736 42372 61654 19109 8898 3022 42039 6298 61725 61320 61868 2309 8369 52028 2227 3129 14949 9272 41471 1250 61223 11366 11439 6320 45765 19525 61491 61553 5155 61282 6172 2418 22925 61491 2882 5309 4381 61357 8818 61339 8342 1802 3134 4659 3134 61455 6041 61411 8578 61995 61339 11727 20276 61553 1802 24202 6298 61725 61320 61868 61339 15291 31987 61426 11373 3425 19525 52028 1802 24202 6298 61725 61320 61339 1736 19694 2418 61813 61342 15585 2974 61547 60655 61372 61216
23348 2820 5390 61732 2227 3129 61223 1182 61336 61688 7814 395 3448 24777 9362 32379 8600 3349 2974 19553 61553 1250 61223 1428 61480 29622 1687 1344 9817 61342 671 61553 11373 2820 15710 18518 61491 6298 20510 33887 5309 9420 1344 4805 61553 61372 2678 1307 19058 9362 11148 7814 23471 19747 61342 14590 17162 1250 61487
201 2980 10276 61256 16158 93 2804 61332 9360 8005 61732 61417 61947 61342 2227 3425 2418 61813 61342 15585 6041 38243 9399 1250 2375 30220 61543 31544 2418 22925 1802 3134 2227 1736 6298 61480 61397 2309 395 62048 43206 8005 61397 61688 61676 3163 2309 53194 58698 2324 4381 3022 61421 6228 61725 61320 40929 93 61543 61417 61223 1058 54407 1058 3705 26934 15970 1250 61287
18579 9680 3701 14042 53194 36236 4386 1250 61223 39279 23682 49098 4381 4928 45765 10406 61223 1736 26780 8902 1428 8578 4659 38884 2309 8005 61547 60655 1325 61522 4659 27408 35960 61216
2856 62431 61491 62431 61372 3301 3420 3129 61223 1307 4659 17905 8369 61522 4659 10733 2309 671 10192 2447 61381 846 62431 61473 61411 15031 1822 61397 3129 46799 2820 46799 10684 7483 61705 5922 62431 61441 61336 3022 1120 61676 22430 1250 61216
30641 50123 8369 9233 3129 1325 17529 6925 19223 61473 61490 61654 3425 21849 3448 1325 17529 6925 27219 18666 4247 31834 61223 18579 9680 24514 6571 3129 30641 50123 2820 16848 51790 31769 5155 61223 9823 5390 61732 2227 2678 9680 3701 6162 8369 9233 2820 5958 56342 56470 61216
53194 5086 15710 18518 61491 2820 24185 5484 61342 10733 3349 2974 19553 61553 4247 8898 1250 61487
2856 17905 61417 61473 7247 48145 3425 1259 61678 13452 52278 2309 395 1388 43757 4247 17162 1250 61487
54106 47305 880 598 4359 1700 2974 61732 61417 61947 61342 2227 3129 1336 41734 1307 10419 61676 2227 1736 5786 1307 3705 9362 1182 3818 3970 1307 10419 61676 2227 3129 30018 45047 61223 1736 734 13520 1307 10419 61676 2227 1736 1676 47625 1307 10419 61676 2227 3129 60569 1259 4659 42039 45047 93 61732 61417 682 1389 2351 647
1307 61688 18125 33800 61356 9362 10061 61455 1736 2418 22925 61780 53257 1802 3134 2227 2309 6107 24904 22467 44887 20469 2678 30018 45047 4247 3163 44082 61223 40787 5236 1428 61480 13550 61868 8369 9233 9362 31986 61818 4703 49851 2678 55056 61473 9520 61491 8005 42277 61381 4381 59119 61381 61223 27500 61397 3425 49687 25923 61342 2447 1250 61223 2856 61522 4659 31365 8369 13218 61995 3201 11373 30641 50123 3129 4386 4247 3163 44082 61216
73 8787 3494 40644 2309 37722 3129 15308 2423 61480 8721 4351 1325 17529 6925 23348 1325 38330 61421 59119 61381 5155 61223 48620 2974 1700 61480 61780 5309 2418 51311 15585 25314 2447 1250 2375 10332 31987 61426 11373 8005 26671 61522 61372 8005 26671 61522 61372 1736 8005 26671 61522 61372 3425 41649 61441 3163 3129 40192 5958 1250 61223 8005 61732 61417 61947 61342 58 19832 1736 72 16486 3812 1250 61223 3812 58000 61490 6041 23829 61732 18887 1250 61216
1515 36356 7638 3129 42733 28472 3425 1515 61576 61342 31191 5309 1515 62305 10833 6307 3425 6975 61455 35139 3129 61223 6360 39373 20474 3448 2447 2678 5135 19525 52028 2309 7137 61947 4659 61426 2309 7137 61947 4659 61426 2309 7137 61947 4659 30725 12392 2309 49515 4467 7483 61705 5922 62431 61441 61336 2309 1307 6228 17372 2115 14590 93 61426 61336 61688 7814 1515 36356 2820 5922 62431 61441 61336 3425 1687 61995 3163 1250 769 21307 1515 36356 6908 27407 2309 20584 61732 61421 40192 61320 2447 1250 61216
23398 61223 19223 2418 61813 61342 18628 2418 61336 61480 10061 20469 2678 2418 61336 61480 61780 5309 1250 1736 1307 20454 28240 61441 598 1700 24822 7720 21849 3448 40929 3425 21849 3448 2820 35546 2447 1250 61223 10332 31987 61426 1700 2227 3425 1182 3818 3970 5484 5958 18808 4659 2820 13218 2227 3812 3201 61336 61547 1700 2227 3425 1182 44124 61421 1250 1736 1802 3134 4659 3425 4928 45765 3425 49687 25923 61342 2447 1250 61339 1182 3818 3970 24822 7720 30725 12392 2309 6162 19223 17240 61995 38243 36635 4247 11752 8898 1250 61216
8002 9391 61553 5309 2447 1250 2375 7247 28472 10001 22621 1681 2418 51311 15585 2678 15710 18518 61491 8005 61780 3705 2115 28224 1250 61223 10332 11148 57474 14248 57725 30491 30289 1736 30412 61553 18808 61441 1307 61381 1700 2227 2309 49515 19724 61426 9399 4381 6360 2974 8898 61342 1250 61223 54700 61678 61441 61788 61868 1736 53194 1802 3134 4659 2227 2309 37722 3129 40384 61473 55740 9272 4928 17100 1250 61223 19223 7137 61426 61441 2227 3129 61223 40787 5236 2418 61813 61342 15585 3425 1515 61576 5236 6975 1822 1226 1736 1259 5129 61417 8578 61995 2974 54348 2678 23682 61491 61480 10061 4381 12392 3425 49687 25923 61342 2447 2678 671 25706 4247 17734 3420 1250 61216
8005 45583 24202 6041 61411 8578 61995 8005 61516 62048 61372 8005 18808 33800 61372 7345 73 8787 3494 40644 2974 19553 61553 3129 2974 19553 61553 4381 8369 61522 3818 58498 61342 2418 51311 15585 56342 3425 1250 61223 10332 2418 51311 15585 2678 23682 61455 8600 2447 1250 61223 5484 61342 10733 61223 17241 56650 5309 1058 54407 1436 10419 61676 61411 22672 6041 61411 8578 521 1423 34363 734 5812 61468 1736 1436 10419 61676 61411 22672 6041 61411 8578 61995 521 1423 34363 500 7909 61468 6041 61411 8578 2227 3425 8005 42055 2678 6975 2324 61421 22430 1250 61216
13050 61015 1058 1822 33325 61336 3129 1802 3134 24349 61426 3425 8005 28240 61441 61372 6360 2309 6162 13050 61015 395 61688 61654 61732 45509 2309 6162 39158 61732 4381 22430 1250 61216 1802 3134 24349 61426 2309 49515 8005 61516 61426 4381 1250 61223 6041 38243 9399 93 61246 61265 1736 8005 62322 36356 93 61239 61265 8005 61336 61676 3163 2678 10738 49245 20474 36959 1250 61216
23348 2820 1325 2447 61543 1736 32379 25213 2227 2678 6925 9823 1182 61336 61688 7814 17589 61342 20469 2678 6107 45583 24202 9272 1250 61223 9823 8005 49098 61372 11148 7814 23471 2820 19747 61342 31769 5155 61487
6320 1704 32325 44142 958 7845 3705 61372 2974 42802 4381 8005 26671 61522 61372 1736 73 8787 3494 40644 2678 32508 17100 1250 61216
58 19832 6041 1120 61421 9233 1802 3134 24349 61426 1058 54407 6041 1120 61421 9233 1802 3134 2227 3425 8005 19553 61553 4381 1436 22672 61421 61342 29090 25314 8898 1250 2375 58 19832 2309 8005 61547 60655 4381 19525 18808 61320 40929 2678 1182 61490 4688 2227 3129 6360 6298 62100 61320 2309 6162 23348 1428 61480 45128 26780 40192 61320 14590 1250 61216
23295 37332 5958 29124 3129 35206 61216
7247 23471 2309 53279 11030 2309 7137 61947 4659 61426 2820 1436 10419 61676 3812 17324 22080 2974 61547 60655 61372 1643 1120 32210 6320 61678 61480 7323 3425 41649 61441 3163 61421 5390 61732 2227 2309 41649 61441 3163 3129 61216
24146 21613 8369 61522 3818 23131 5309 6041 61411 8578 61342 2856 17905 61417 57288 20572 1328 958 5624 61654 2820 30018 1259 4247 3163 44082 61223 958 61947 4659 8369 61522 3818 23131 5309 6041 61411 8578 61342 2856 17905 61417 57288 20572 4088 958 5624 61654 2820 30018 1259 4247 3163 44082 61216
5484 61342 10733 1307 19058 46651 2309 846 10038 12776 61421 46799 2820 46799 16741 7483 61705 5484 10061 2227 1736 10738 17240 50244 2227 2678 3201 61417 33887 50023 35139 2309 6975 1822 1226 3349 2974 19553 61553 4247 11752 8898 1250 61487 1325 61426 61216 3129 5484 61342 10733 61455 11136 61473 5213 61995 17673 22080 3425 43150 6228 1515 5129 61417 61947 61320 3349 2974 61421 5309 1344 5298 1250 61216
30220 61543 31544 2418 22925 1802 3134 2227 1736 1436 3970 5213 61995 61223 1182 61490 4688 9362 8002 45583 1436 3970 5213 61995 73 8787 3494 40644 51021 3129 19525 18808 33800 61342 2227 2678 1058 10833 3420 61441 2820 5958 2820 19724 44221 31570 44082 61216
1515 1120 61421 9233 3129 61223 2974 61676 61491 8005 8818 61947 4381 1802 3134 24349 61426 958 7845 3705 2309 6162 7247 8005 27056 35358 20276 61342 3349 6107 26671 61522 61372 22430 1250 61216
8369 61522 3818 61342 2227 2309 23682 61421 62817 2974 61547 60655 61372 30641 61426 2447 40929 2309 2418 22925 3812 2974 54348 2309 6162 15710 27831 61455 26780 6107 24087 10406 61282 6041 61411 8578 61342 2227 2309 23682 61491 61480 10061 61995 30641 61426 2447 1736 33613 14477 61676 2324 30641 61426 2447 2309 2418 22925 3812 61223 26780 8005 61516 62048 61372 14932 1704 2309 6162 10332 15478 21849 61947 61356 2974 54348 3129 38537 35088 43938 27497 1250 61216
2974 1700 61480 61780 5309 19525 52028 3129 1259 4659 61688 61216 9757 61216 61397 61216 2309 6162 958 2661 61936 4659 2227 3129 50023 53033 2447 61223 1436 13780 16177 4659 2447 61223 20584 18808 33800 4381 6041 23829 1058 54407 2974 61421 5624 61411 61947 27726 2447 3425 46799 11948 5155 61216
4351 6360 43896 3349 20474 36592 56470 4888 11148 6984 5390 61732 2309 1325 19058 61336 2418 51311 15585 25314 1704 2309 6162 1736 6360 9420 4805 61473 61441 12796 1704 2309 6162 61223 4888 3679 61480 17384 61725 61356 61397 2309 37722 3129 8005 61547 60655 4381 2418 51311 15585 58871 2309 6162 1736 1802 3134 4659 3134 61455 1736 3022 42039 6298 61725 61320 61868 958 62431 61707 61357 61397 10310 1704 2309 6162 61216
5135 19525 52028 6360 46193 21849 3448 51311 1307 19058 1250 4888 73 8787 3494 40644 8005 8818 61947 61342 2227 2309 6162 50023 35139 1736 2974 19553 33325 2447 3349 20474 36959 12392 2309 6162 14949 9272 17162 1250 61216
46799 5390 61732 2227 2309 1325 2423 5958 61223 54613 61553 5309 1325 61947 26934 61480 61732 5390 61732 2227 2678 8002 9391 61553 5309 31987 61426 1700 2227 3425 1802 61473 61654 11948 5155 61223 17411 11439 2820 30018 20572 1802 3134 2227 3129 1325 61426 1700 5309 61223 45428 61356 61397 61223 3679 61654 1344 61576 61441 5298 61223 1182 25015 61372 61223 2632 24349 61480 61397 61223 18605 9520 17720 61543 4659 61688 61223 1307 24349 61480 12507 1736 1325 15031 19250 12507 5155 61216
1428 8578 4659 2309 6162 7247 1643 61688 7814 2678 1643 17905 12392 2309 6162 9680 3701 15326 50270 47770 61441 3163 12845 29776 5155 61216
1307 61688 18125 33800 2227 1736 958 10733 61780 53257 1802 3134 2227 2309 1643 49984 2324 2227 2678 1687 61480 17529 61336 1736 1515 62305 10833 6307 2820 36820 18518 2820 42372 61441 2447 1250 61223 958 62305 30489 61490 6925 30018 1250 61216
10332 6360 23471 3425 51021 31987 61426 11373 1250 61223 6975 7542 61491 1802 3134 2227 1736 6925 58 19832 61223 72 16486 1736 9823 6298 3448 27157 8005 8818 61947 4381 2882 61336 61216
3679 36303 3448 61441 2418 6228 61426 2820 5958 93 61426 61688 61788 61868 2418 22925 2309 6162 61265 1058 61455 61553 62305 10833 6307 51021 2678 54613 4703 61936 4381 2115 29776 5155 61216
23348 2820 19223 2418 22925 5309 31987 61426 1700 2227 2678 1325 61426 7814 3420 3129 1325 24185 61336 15117 3307 5155 61282 778 61332 2309 23682 61491 61480 40384 61473 55740 3425 2418 51311 15585 40929 3812 61223 56627 2309 1307 10419 61676 2227 3129 31987 61426 1700 2227 3129 880 1055 19288 56627 2309 44142 395 61480 9757 61491 1802 3134 2227 93 61659 61553 13479 2309 20918 5129 61411 24202 43150 6984 2309 3022 42039 3022 61688 61654 2227 2309 33044 61265 1515 36356 61455 61491 1802 3134 61357 61397 3425 1515 36356 2227 3129 6522 54539 3129 1250 61216
1515 36356 61455 61491 815 2574 61339 19115 3129 21849 61553 4805 61707 40644 2678 1687 1344 61381 4381 6041 5309 1700 2227 2678 40384 61473 55740 22430 1250 14149 8372 9362 54700 9757 57240 34846 3425 2418 61480 10061 61455 3425 8005 42055 46799 61216
1436 3970 5213 61995 2309 6162 61223 1325 61947 26934 61480 61732 958 61947 4659 1515 3818 61473 1700 18605 9520 2820 1325 61426 7814 3420 8369 9233 2227 2820 46109 4386 42372 61441 21496 93 61543 61417 15585 21849 3448 40929 2309 1515 5129 61417 61947 61455 12392 2309 6162 61223 1687 1344 9817 61342 46109 42372 61441 1704 2309 58567 19747 61342 14590 17162 1250 647
73 8787 3494 40644 2309 8369 1822 61725 61417 61654 2309 15326 61223 12613 61247 1736 140 50556 61260 140 11701 7345 73 8787 3494 40644 2309 6975 7542 61491 8005 62322 36356 61995 2309 6162 30220 58645 3970 2974 42802 4381 8005 8818 61947 2324 2227 2678 8005 61732 61417 61947 4381 9272 61223 7247 2974 3134 24349 61426 7247 28472 2309 6162 2418 22925 20474 36959 9272 1250 61216
1259 61678 51021 1802 3134 24349 61426 93 61245 8787 3494 1804 8335 2974 42038 61282 1325 15031 19250 12507 8369 61522 4659 61688 61676 5309 11148 27497 8369 27726 2324 6041 61411 35139 2309 15326 1325 15031 19250 12507 6298 20510 33887 5309 6041 61411 35139 2820 5958 61868 2309 61132 3129 2974 3134 24349 61426 2309 15326 8005 61547 60655 4381
7247 2974 19553 61553 1307 10419 61676 2227 1736 10738 17240 50244 2227 2309 6162 30018 395 62048 43206 4247 8898 1250 61223 6041 61411 35139 5309 6041 61411 8578 61995 61223 21766 61480 3420 61441 2447 61223 1307 10419 61676 6041 61411 61553 18808 61320 2309 6975 1822 1226 61223 1736 7247 60674 4888 17240 50244 2227 2678 21766 61480 3420 61441 4386 7483 1226 17162 1250 61223 1736 7247 60674 5484 61342 10733 1307 19058 12392 2309 1307 19058 12392 2309 6162 8005 19553 61553 1250 61223 8005 61516 62048 61372 8005 61516 62048 61372 7345 2856 61688 3163 61768 61480 21613 61372 2974 3134 24349 61397 3349 61132 12392 2309 6162 2974 3134 24349 61397 1058 54407 7385 24202 6041 61411 35139 2974 3134 4659 2974 54348 3349 61132 12392 2309 6162 6041 61411 8578 61995 1736 6041 61411 8578 61995 2309 6162 6041 61411 8578 61995 8005 61547 60655 4381 12392 2309 6162 2974 61732 61411 8578 61995 61216
7247 395 3448 24777 2974 30069 4381 12392 2309 6162 1250 2375 35484 4703 21285 35237 2309 16771 1704 54778 3425 1802 35139 12392 2309 6162 61216
15308 2423 61480 8721 61223 6773 2309 1072 7137 61480 17372 61223 2632 24349 61480 61397 6298 3448 61543 5309 671 20510 33887 5309 1736 5484 5958 18808 4659 2820 61707 61441 7345 2632 24349 61480 61397 3129 6360 1436 3970 5213 61455 9866 2309 1802 3134 2227 2678 671 61421 3818 61473 4381 9272 61487
5484 11191 61676 9420 61455 61426 3425 41649 61441 3163 1802 50470 9272 17162 61223 1736 18235 61947 50244 3425 6360 46109 61455 90 15682 3425 41649 61441 3163 3129 61223 1259 61678 15967 3085 61397 61417 61372 2309 20584 17720 61543 4659 3349 17720 14638 6925 41668 14590 17162 61216
7247 23471 2309 31327 41006 62356 1704 2309 6162 61223 1515 61576 27726 2324 5309 2227 7345 6169 3129 6169 3129 2974 30069 4381 1182 61372 7105 61372 55370 7247 7385 61705 4659 671 61725 61356 61522 1515 5980 4805 61654 2820 1325 27056 2115 12451 5155 61487
644 7137 61480 17372 20665 19747 61342 1704 2309 6162 61223 1515 61576 10038 61553 5309 3186 61350 8369 61522 3818 23131 2227 2678 5484 61342 10733 1307 19058 2974 19553 61553 3349 2974 19553 61553 30725 26711 61223 880 61256 5390 61732 61300 8578 50123 2309 11148 27497 17720 12151 28947 61491 1325 19058 61336 5309 5484 61342 10733 61223 1339 5390 61732 61300 8578 50123 15710 18518 61491 5484 61342 10733 2227 2678 15710 18518 61491 1307 19058 1250 61223 6908 61309 1307 10419 61676 2227 1736 1307 10419 61676 2227 2678 2974 19553 61553 4381 9272 61487
1436 13780 16177 4659 10332 1250 2375 10359 8237 14949 2115 29776 5155 3669 1259 61678 57255 1955 2456 21849 27013 8005 28240 61676 61372 20665 47373 2447 1250 61223 9815 2820 8005 61547 60655 4381 2418 51311 15585 2678 1802 26934 42655 12392 3425 51399 39572 1250 93 61659 61780 61411 24202 8005 27056 35358 61342 15970
1436 3970 5213 61995 2309 6162 20918 5129 61411 24202 4002 61372 61678 61372 61678 8005 61336 61676 3163 58498 61342 140 8131 2309 1643 49984 2324 140 8131 2309 1643 49984 2324 140 8131 8005 61516 62048 4381 5484 61342 10733 2678 54591 61480 10061 61995 2309 6162 20918 5129 61411 24202 50023 53033 2447 56342 3425 1250 61216 7247 8005 61516 62048 2309 7385 61705 4659 30641 50123 2227 3129 2820 6360 1250 2375 1802 3134 4659 3134 24349 61426 2309 55370 3349 54591 61480 10061 61995 1250 61216
2309 20918 5129 61411 24202 2375 1259 61678 6041 1344 5298 9362 1802 3134 4659 3134 61455 29806 61516 28947 2678 1182 61336 61688 7814 3425 49687 25923 61342 2447 1250 2309 20918 5129 61411 24202 61223 42597 31495 61342 2227 2678 6925 10979 15566 19760 4381 31570 23841 2375 10725 1428 61480 13550 61868 9362 1182 3818 61372 5309 56545 46424 2447 2678 45428 12151 17240 19553 61936 4381 4247 17734 3420 1250 61223 6041 38243 9399 1250 61223 11366 11439 23398 1325 61516 4703 1259 4381 24643 61223 1182 61372 61223 1182 61372 61223 1058 61480 10061 1058 61480 10061 3812 2974 19553 61553 61216
24881 61780 61516 10725 44769 73 8787 3494 40644 8005 8818 61947 61372 2309 37722 3129 8005 19553 61553 4381 17240 61995 38243 30725 4247 28224 1250 61216
18605 9520 3129 8369 16177 61455 2678 6041 62431 1120 61654 61547 62431 61441 17589 61342 6041 38243 9399 9272 17162 1250 61223 1736 8369 16177 61455 16771 1704 32325 93 61397 61490 61397 61336 27500 61397 3129 61265 39373 33613 2309 37722 3129 1325 61947 7845 61688 61676 3163 30725 9272 17162 1250 61216
72 16486 61228 23419 61314 2309 7137 61947 4659 61426 2309 7137 61947 4659 61426 2309 31201 5309 958 2661 61936 4659 2227 3129 2974 42038 39498 1250 61216
1436 3085 4703 61705 61356 2309 2683 11456 61480 21613 3129 1802 61473 55740 3425 6107 26671 61522 61372 73 8787 3494 40644 2678 671 61421 3818 61473 4381 1250 61216
201 21849 21439 9757 2309 40384 61473 55740 3129 1072 2335 13738 61301 31987 61426 1700 2227 3129 5917 1442 61256 16158 93 2804 61332 9360 8005 61547 60655 4381 2418 22925 1802 3134 2227 3425 13452 52278 30725 4247 28224 1250 15632
31987 61426 1700 2227 3425 1428 61480 13550 61868 2974 19553 61553 6925 45428 12151 4386 1250 61223 48620 10725 1643 13340 61441 1250 2375 598 28148 5236 61441 2227 3425 50945 61372 46799 4247 8898 1250 61216
48620 4351 1325 17529 10979 15566 19760 4381 4386 1250 2375 7247 23471 3425 54591 61426 2227 2678 15710 18518 61491 54591 61480 10061 61995 2678 48912 61688 12392 2309 6162 846 39544 18666 24822 7720 56342 2115 11752 8898 1250 61223 9362 10332 40384 61473 55740 27051 13452 52278 26780 3425 49687 25923 61342 2447 2678 35546 2447 1250 61216
23348 2820 1325 61372 8005 61336 61676 3163 25478 61725 61356 61522 8005 45583 24202 395 61868 671 61725 61356 61522 54591 61480 10061 61995 61228 61397 61480 10061 93 13192 61245 61265 12796 3307 5155 61216
1259 4659 42039 45047 31094 3085 61491 21849 3448 40929 2309 6162 1325 61522 4659 27408 2309 6162 9362 10061 61320 40929 2309 6162 21849 3448 1250 61223 3812 58000 61490 30018 5390 61732 2227 7345 23398 6571 19223 21849 3448 40929 2309 6162 7483 61516 61688 2115 14590 1250 61216
201 61491 61381 16320 18808 25376 2227 3129 2820 24881 61780 61516 1058 13479 598 28148 5236 93 2335 24326 2335 50126 61325 9360 3129 2820 46799 2820 46799 6360 958 10733 61455 61491 1802 3134 9362 3022 61421 6228 61491 61342 5155 15632
27051 1687 61480 17529 61336 395 1388 43757 93 61547 61417 61654 61265 1325 17529 15710 5129 1250 61223 18579 30018 1802 3134 2227 2309 30641 50123 2227 3129 3679 36303 3448 61441 2115 28224 1250 1182 3818 3970 3679 36303 3448 61441 4247 11752 8898 1250 61216
1325 61426 61336 5309 61455 3129 1307 4805 61547 61411 15031 1182 3818 3970 35546 2447 1250 61216
1182 25732 2309 8369 61522 4659 10061 3349 20474 61995 61491 9272 2375 5484 10061 2227 2678 8902 16848 18666 46651 2309 846 10038 12776 61421 39373 3129 16771 1704 2309 6162 1182 11373 16771 1704 2309 6162 1736 6041 61411 35139 2309 6162 54985 1704 2309 846 10038 12776 2309 30987 61223 1325 61947 2324 25213 7345 201 61659 61547 10833 3420 61441 6041 23829 57274 8005 62322 61320 61868 3349 1120 61336 5958 61868 10310 1704 52 52 1307 19058 61455 61441 8369 61522 4659 61688 61342 4351 11501 2974 19553 61553 2309 6162 395 62048 5624 2974 19553 61553 7483 30595 6838 15632
28673 62048 2820 6107 61676 61441 846 61342 4688 61417 1736 846 61342 4688 61417 61487
2974 46424 61342 93 13719 61300 61397 61480 61780 1700 4776 1687 61995 3163 1250 93 13719 61300 61522 61490 3085 61491 4776 18579 10332 1250
59118 2447 61553 9520 1736 21849 61426 4381 2974 19553 61553 2309 6162 61223 9680 8005 61780 61553 61421 62817 1436 13780 16177 4659 59119 61381 2309 3679 61480 17384 61725 61356 61654 3812 1182 3818 3970 395 62048 5624 23841 61216
43174 30987 61223 19223 1515 5129 61417 61947 4002 61397 2324 5298 61868 1687 5624 55370 140 8131 19525 61491 61553 10738 15859 42125 21849 61947 61455 16 61274 8131 2309 20247 3129 5155 61216
1686 7137 61480 17372 7345 16757 17720 61543 4659 61300 8578 50123 3425 32379 8600 7345 1307 19058 5484 61342 10733 6041 10061 2227 2678 2974 30069 4381 9362 7483 61516 61688 9272 61223 17411 11439 10563 5390 61732 61300 8578 50123 7345 11148 6984 5390 61732 2309 1325 19058 61336 1307 19058 5484 61342 10733 61223 3149 5390 61732 61300 8578 50123 2309 15710 18518 61491 5484 61342 10733 8369 61522 24349 61426 2227 2678 7483 61516 61688 9272 61487
1515 36356 61455 61491 8005 26671 61522 61372 1802 61576 24185 30289 2418 61336 60656 61678 61441 6041 38243 9399 46651 3349 6041 38243 9399 46651 3349 4002 61441 61788 61336 27013 61788 61868 19525 18808 61320 40929 3129 2820 23398 2820 2974 1700 61480 61780 9272 17162 1250 61216
8834 43150 6984 2678 6360 22166 22628 61543 1643 41006 6838 61216
9815 2820 61223 7247 19525 52028 2309 1643 49984 2324 23348 61228 5236 30641 50123 3812 61455 8578 61995 2309 15859 61342 10733 2447 3425 21849 3448 1250 61223 10332 54613 4703 61936 61995 1182 3818 3970 1687 61480 17529 61336 1802 3134 2227 3425 22258 10310 4928 28224 1250 61223 1736 3812 61455 8578 61995 46799 61336 2678 1182 3818 3970 55323 1704 3425 2678 61732 48111 22430 1250 1736 54613 4703 61936 61995 17240 61995 38243 36635 4247 11752 8898 1250 61216
9823 19525 18808 61320 40929 3129 6925 11148 7814 23471 2820 39373 1428 62204 61654 3163 4386 4928 28224 1250 61223 2856 61522 4659 31365 6041 7814 61336 6041 7814 61336 5309 395 2324 42039 3425 49687 25923 61342 2447 1250 61216
10957 28148 61426 61282 23 61228 51021 31987 61654 3134 61455 61678 61441 61678 61426 61678 61441 61678 61426 61678 61441 61678 61426 61223 20276 61553 62431 61372 18808 25376 61678 61426 61678 61426 61678 61426 61678 61426 61678 61426 61678 61426 61678 61676 3301 57240 61249 61223 5484 21613 61707 4659 61688 27013 61678 61426 61576 61223 5484 21613 61654 61426 7623 61372 4002 61676 3701 57240 61309 61223 2974 19553 61553 5309 5484 21613 3301 20305 4002 61676 3701 57240 61311 61223 1687 61480 17529 61336 5309 6298 61480 61547 61480 61780 5309 6298 61480 61397 8005 61547 60655 4381 19525 18808 25376 93 61239 19832 61228 23419 61314 61223 58 19832 61228 23419 61314 61228 17158 61223 51021 4002 61676 61336 9757 57240 61312 61223 958 61947 61455 22435 22435 2309 19724 55867 4381 6298 62100 61455 61491 19525 18808 25376 61223 6041 1120 6307 118 93 61247 125 23419 61314 61265
19223 2418 61336 61480 61780 5309 40384 61473 55740 3129 1687 6307 45132 3425 2418 51311 15585 40929 2678 1307 1226 61372 12392 2309 6162 61223 6975 2324 3129 3679 36303 3448 61441 2115 12451 5155 4888 1325 38330 61421 1736 1325 38330 61421 2418 61426 9399 1736 54700 9757 61788 61868 2309 2418 54558 51021 2678 6107 9955 61372 2309 20247 3129 1058 49984 2324 3425 21849 3448 2309 20247 3129 3679 36303 3448 61441 9272 41471 1250 61223 11366 3701 49515 1325 38330 61421 37636 56986 51021 3425 51021 2678 54613 4703 61705 4381 21849 3448 2309 20247 3129 14949 10406 61216
8005 45583 24202 6041 61411 8578 61995 8005 61516 62048 61372 7345 7247 19525 52028 3129 880 10979 62100 61320 61553 8369 19553 33325 3425 61282
8436 8369 24777 61417 3129 10725 6107 9955 61372 51021 1250 61236
8005 61522 33066 9362 10979 15566 19760 4381 31987 61426 1700 2309 15326 21849 61947 61356 6041 7814 61336 8005 44221 1250 61339
140 50556 61260 140 11701 2309 8005 44221 31028 40929 2820 30725 13452 52278 2309 6162 6041 23829 43938 20510 61342 73 8787 3494 40644 2309 8005 19553 61553 3163 2309 6162 8005 19553 61553 3163 3129 8005 19553 61553 3163 3425 8005 19553 61553 3163 1250 2375 31987 61426 1700 2227 2678 46799 9272 17162 1250 61216
43174 20918 5129 61411 24202 61223 11148 6984 35484 4703 21285 35237 2309 6298 20510 33887 5309 5484 5958 33887 1736 50023 35139 3425 1802 35139 12392 2309 6162 61223 18791 24881 2447 1250 2375 11148 6984 35484 4703 21285 35237 2309 16771 61372 20469 2678 6298 20510 33887 5309 5484 20572 2820 2974 30069 4381 12392 3425 49687 25923 61342 2447 1250 61216
8369 9391 1700 61342 2227 3349 16320 21861 3301 2447 23398 2820 6571 3679 36303 3448 61441 9272 1250 1736 318 31987 61426 1700 2227 2678 40384 61473 55740 3425 1250 61216
73 8787 3494 40644 2678 8005 8818 61947 4381 1736 395 62048 43206 1058 54407 1182 3818 3970 1436 10419 61676 1250 61223 6041 23829 6107 9955 61372 9362 34469 1802 24202 1802 3134 2227 61223 1436 10419 61676 3022 42039 61223 6298 61480 10061 61995 6298 61480 8818 61491 1802 3134 2227 1736 1436 9955 22435 61336 5309 2418 22925 1802 3134 2227 2309 5155 61216
11136 2375 1822 61426 2227 2309 6298 3448 27157 51021 31987 61426 1700 93 9164 61207 61314 61265 93 61678 61342 2375 1822 61426 3349 1436 61780 1700 8898 1250 4888 6298 61480 61397 11785 36547 61426 1802 3134 2227 3129 6360 28472 58096 647
1182 4866 61543 3812 1515 3818 61473 1700 1436 61676 4381 4247 8898 1250 61223 1736 2882 5309 4381 61357 8818 3425 6041 1120 61421 1388 21849 61426 4381 1250 61216
201 61788 61868 9757 57240 61265 2309 1802 61455 5236 61654 1802 7845 4805 61654 1325 1822 61473 2447 61441 93 2613 61298 61265 3129 2418 1704 1515 18887 93 7052 2821 8337 2980 23288 9360 1736 1307 1822 6307 61441 6041 5309 1700 2309 2882 5309 4381 61357 8818 3425 49687 25923 61342 2447 1250 48620 2418 1704 2856 61688 61788 61868 57240 3425 49687 25923 61342 2447 4386 1250 26733 13539 2040 61223 19069 2980 25215 9360 3129 2820 46799 2820 46799 6360 958 10733 1802 3134 4659 9362 3022 61421 6228 61491 61342 2227 3349 73 8787 3494 40644 1643 1120 61654 61342 2227 2309 20584 61732 61480 10061 2227 3425 20584 61732 61480 10061 61995 3129 1436 10419 61676 4381 1250 1878 11318 2821 2898 12911 2589 4063 9360 2309 20584 61732 61480 20572 1250 61487
7247 61455 23471 61223 8005 8818 61947 4381 6041 1120 18808 61320 1802 3134 2227 2678 6925 11136 28472 5155 61282 846 61852 61417 61441 5309 51021 31987 61426 11373 61223 4888 7247 3420 6360 23471 17720 61852 61455 61491 8005 62322 36356 61342 12796 28224 1250 61223 30641 50123 5309 1687 6307 3420 3349 42655 2309 6162 93 38964 61265 2309 6162 61223 1736 6360 23471 3425 1182 3818 3970 20748 61705 4659 61732 18887 11148 27497 1802 3134 4659 61426 11373 93 61543 61576 5236 4002 61725 61788 61868 30289 61265 2309 20247 3129 61223 11148 27497 14477 61676 18518 51021 93 61293 11701 61265 2309 6162 61216
1515 62431 60656 61788 61868 7345 51200 3818 61397 395 8578 2309 6162 2974 30069 4381 9272 1250 2375 35484 5236 73 8787 3494 40644 2678 8005 8818 61947 61372 9272 4928 17100 1250 61216
26176 2309 318 958 2923 1704 61223 58 19832 61228 23419 61314 3598 2309 7385 61705 4659 1307 61357 61441 61576 61516 61357 61397 2678 8005 8818 61947 61372 2309 846 10038 12776 61421 1436 13780 16177 4659 2309 20247 3129 20474 36959 9272 31834 61216
10332 6360 7483 61705 2227 3812 6360 8369 9233 3812 19776 2678 8005 8818 61947 4381 9272 17162 1250 61223 30018 1700 20469 2678 8902 47656 61342 2227 2309 42372 61654 1687 1344 9391 2227 2678 9420 1344 61576 61441 2115 29776 5155 9362 1643 17905 12392 2309 6162 61216
39279 1643 49984 2324 19196 61455 23471 2820 6107 24904 31495 61372 17673 22080 2678 19747 61342 1704 2309 6162 1058 61576 57253 10406 61223 56545 46424 20247 2820 37636 61421 6228 12151 28947 61491 2974 54348 61216
1515 1120 61421 9233 3129 3022 42039 1802 3134 61455 9362 6041 7814 61336 2309 7137 61947 4659 61426 2820 1802 24202 1802 3134 24349 61426 1058 7814 3701 2820 4386 1250 61216
54591 61480 10061 4381 1259 3818 61491 1182 3818 61372 5309 55370 140 8131 1307 10419 61676 2227 2309 1802 3134 2227 3349 1182 61356 61372 55370 55323 17162 61216
25478 9274 61490 61223 1515 3818 61473 1700 1736 9420 24349 61480 61397 17240 61553 61381 61372 6041 27831 61522 1307 19058 4247 17734 3420 1250 61223 27500 61397 8256 8369 13218 61995 5390 61732 3129 61216
1182 62431 61491 62431 61372 4002 10192 10192 61397 61725 5624 8369 61522 4659 61688 29154 61491 11785 36547 61426 8369 27726 2324 1736 3679 61480 61543 5624 61455 395 1388 43757 3129 5390 23529 47428 1687 1344 9817 61342 1736 2418 61480 10061 61320 51311
4351 140 50556 61260 140 11701 24822 7720 45128 61397 3129 23398 2820 23398 2820 2974 1700 61480 61780 5309 20286 61543 9272 1250 61223 1182 61372 61553 20469 1736 1307 10419 61676 2227 3425 11148 7814 3022 42039 3425 1687 61995 3163 93 61293 18805 61265 3425 8005 42055 1736 5881 61441 3425 41649 61441 3163 93 61732 61411 61725 682 1389 2906 853 647
37636 61421 3129 61223 6360 10979 15566 19760 4381 73 8787 3494 40644 1802 3134 2227 3425 1182 3085 29154 6041 61411 35139 23398 2820 11148 6984 17720 12151 28947 61491 6975 61356 35139 3129 7247 23471 3425 958 61543 61547 53257 2974 3134 24349 61426 3349 1182 3085 29154 49898 1226 1250 61216
4002 61372 29622 9757 27219 44887 2309 15859 42125 61223 6041 15566 50244 2309 15326 9272 17162 43150 6984 41649 61441 3163 1182 11373 12451 5155 61216
90 15682 7345 6360 24341 3129 8902 5484 11191 61676 61547 62431 61441 3022 56987 24431 2678 73 8787 3494 40644 31987 61426 11373 2309 846 10038 12776 61421 10332 20474 61995 61491 9272 61216
1328 7137 61480 17372 20665 19747 61342 1704 2309 6162 61223 54613 61553 5309 8465 20584 61732 61421 8369 61522 3818 23131 2227 2678 5484 61342 10733 1307 19058 51200 5298 61372 3349 2974 19553 61553 35546 2447 1250 61223 1072 5316 5390 61732 61300 8578 50123 2678 11148 6984 5390 61732 2309 1325 19058 61336 5484 61342 10733 1307 19058 1250 61216
6360 28472 3425 49687 25923 61342 2447 1250 2375 11136 8369 61780 61411 22672 8369 61780 61411 22672 8369 9233 2227 3425 49687 25923 61342 2447 1250 93 61646 3970 5213 61995 2309 6162 2375 6360 2882 13479 2820 3679 61480 17384 2820 3679 61480 17384 1736 6360 8369 9233 2820 1325 61426 7814 3420 2309 8369 9233 20665 769 48620 6298 61553 61947 2324 14932 3163 1250 2375 8369 9233 1643 17905 9362 20286 14590 17162 1250 61216
23348 2820 16320 21861 3301 2447 40929 1736 53194 1259 61678 1802 3134 4659 3134 24349 61426 2309 2882 5309 4381 61357 61397 73 8787 3494 40644 3425 4928 51700 1250 61216
140 50556 61260 140 11701 2309 15326 12613 61247 2309 15326 5484 5958 18808 4659 2820 5958 93 61397 61480 10061 61995 13452 52278 54591 61480 10061 61995 61265 2309 2418 4703 61705 3129 318 2678 201 61397 61480 61473 1700 50023 35139 61287 2309 20247 3129 17240 19553 61936 4381 9272 17162 61487
19525 18808 25376 1802 3134 24349 61426 6041 38243 9399 1250 1515 3818 61473 1700 140 8131 1182 13479 55370 61216
73 8787 3494 40644 2309 20584 1515 61576 10038 61553 5309 671 61522 1822 61491 2447 1736 2856 17905 61417 30289 61491 5922 28148 3121 26671 59762 2309 6162 1515 61576 61342 31191 5309 55322 61543 55997 3349 14949 9272 1250 61223 2882 1700 8005 61780 3705 2309 17240 61995 38243 2309 2418 22925 3812 61223 1058 3085 29154 8005 61732 61417 61947 61372 8005 38919 61995 61216
39279 58871 11456 7720 11455 8369 19553 33887 2820 23398 50270 6298 61725 10406 61216
6298 3448 27157 20247 2820 7137 61813 3349 1182 1984 61426 4386 39498 1250 61223 7247 60674 1182 61336 61688 7814 3425 1182 61336 61688 7814 3425 1182 44124 61421 1250 2375 8436 31987 61426 1700 3349 598 61522 2820 16848 51790 4928 8898 1250 61223 9362 7247 1643 32210 3129 1307 10419 61676 5484 10061 29800 1325 9391 4381 24643 9362 6298 3448 27157 1250 61216
1736 10332 6925 1250 2375 8902 49851 2309 15326 682 29363 61336 9362 136 51797 17384 1643 61688 7814 14932 3163 1736 8005 42277 61381 4381 12392 2309 6162 8005 19553 61553 3163 3129 8902 49851 2820 8005 44221 46799 4247 61216
9420 1344 61576 61473 7345 17720 12151 28947 61491 7385 10038 8721 61441 61372 51021 395 2324 42039 1736 53194 2974 61547 60655 61372 4002 61553 61480 61397 2227 2309 15859 42125 10332 20474 61995 61491 9272 1250 61487
5735 61417 24431 3349 14949 2115 22939 1058 54407 59664 3349 50270 3349 14949 10406 61216
2974 45583 24202 2974 32210 61397 2309 2418 22925 3812 61223 1802 3134 2227 2678 1325 19058 61336 5309 17589 9362 1802 3134 24349 61426 2309 7137 61947 4659 61426 2820 21849 61947 61356 8005 61547 60655 4381 12392 3425 51399 39572 1250 9362 1802 3134 24349 61426 2309 7137 61947 4659 61426 2309 15326 19724 61426 9399 4381 22430 1250 61216 2974 61553 7623 12392 2309 846 10038 12776 61421 1802 3134 2227 2678 6041 38243 9399 4386 9272 17162 1250 61216
40787 5236 19747 61342 1704 3349 25992 61553 3163 61223 19196 61455 50945 61372 3349 17240 61995 38243 4247 41471 1250 61216
48620 39903 8005 61732 61417 61947 61372 3425 1436 9955 22435 61522 1250 4888 8005 61547 60655 61372 3129 4351 7623 61320 14949 9272 4928 3307 5155 50023 35139 2974 61547 60655 61372 1736 2974 19553 61553 4381 54591 61480 10061 61995 3425 15859 1822 61426 1700 61995 61216
37447 3425 51021 31987 61426 1700 93 15616 61314 61265 37447 1436 61780 1700 8898 1250 61216
2856 61688 61788 61336 61678 61372 30491 30289 60656 2309 61132 3129 2974 54348 2678 1325 27056 38884 2309 15326 2974 54348 3349 14949 31570 44082 28465 1643 17905 18808 2324 54591 61426 2227 3349 1515 5129 61417 61947 4386 10979 15566 19760 4381 12392 2309 6162 61223 18579 10725 10725 53513 30641 50123 2820 42372 61441 2447 1250 61223 2974 54348 7247 16320 21861 3301 2447 2678 1736 19724 55867 4381 2820 13218 2678 59118 2447 61553 9520 22628 61543 50620 61216
7247 31987 61426 11373 2309 15326 19525 18808 61320 1802 3134 2227 3425 8005 61336 61688 61473 61421 17167 61350 1250 61223 7247 60674 5086 2418 20884 49984 3812 10332 6925 23682 61421 61480 10061 2447 3349 8005 61522 33066 11948 5155 61216
1687 61480 17529 61336 73 8787 3494 40644 9362 958 62305 30489 61490 3349 1436 3970 5213 61995 4386 61216
846 61417 61441 7845 61417 7345 2632 61455 61678 61426 61678 61426 2309 33613 2974 61421 5624 61411 61947 61455 2974 61947 2324 9420 36752 958 13328 61411 15031 3349 45712 1226 1250 61223 201 61725 61455 61678 61426 2678 1182 3818 3970 36263 5298 2309 37722 3129 38537 35088 43938 27497 3201 33065 26934 2974 19553 61553 2974 19553 61553 4381 31570 44082 3056 201 61491 9536 521 61491 9536 61468 1182 61441 8898 1250 61223 151 48659 3129 6041 38243 9399 46651 3425 1182 44124 61421 1250 15632
9823 8005 61516 62048 61372 2227 7345 19525 18808 25376 2309 6162 8005 3701 61421 2309 6162 8005 28240 61441 61372 2309 14949 2820 2974 54348 3349 14949 2115 29776 5155 61223 9866 2678 51699 40384 61473 55740 51021 3349 61132 2115 29776 5155 61223 28465 17589 31028 2678 73 8787 3494 40644 2678 15710 5129 30641 50123 2309 54591 61480 10061 61995 12392 3129 57611 2115 29776 5155 61216
27051 30220 58645 3970 1058 61480 10061 54106 47305 671 10192 2447 61381 11136 48145 40192 61320 29776 5155 61223 48620 6041 27831 61522 21307 15498 9362 21307 11456 61480 21613 24822 7720 4351 1325 61516 4703 1058 7814 3701 4247 9520 44082 61216
44142 1058 3705 26934 3129 1307 19058 61688 61342 5155 61223 1736 30018 20572 1058 3705 26934 3129 6925 2882 13479 3425 1307 18628 30641 50123 2227 3129 6041 38243 9399 1250 61216
23348 2820 6041 5213 61223 6041 5213 1736 1259 12400 2974 32210 31849 30641 50123 7345 6925 2418 6228 61426 3349 43449 2974 30069 4381 9272 1250 61223 1058 54407 44142 1325 15566 5958 13184 8005 54348 2227 2678 19747 61342 1704 2309 6162 37447 1344 61381 9272 61216
19223 11439 2820 6298 3448 27157 1307 18628 3679 36303 3448 61441 90 7583 7385 61813 61381 2678 6041 38243 9399 1250 61223 10332 6360 56545 46424 1802 35139 52647 23829 1250 4888 6107 24904 13540 7105 61372 3129 30018 45047 2974 19553 61553 1250 61216
1643 1344 12151 2820 8005 17904 61421 6975 10061 20665 61223 54916 7345 8369 61780 61411 22672 1307 18628 54591 61426 20469 2678 36263 5298 40929 2678 8005 42277 61381 4381 2115 14590 1250 61223 28465 1802 3134 2227 2678 54591 61480 10061 61995 12392 2309 6162 2678 61732 48111 12392 2309 6162 61487
18579 46109 48263 3425 1182 44124 61421 1250 61223 8005 61780 61553 61421 62817 43150 6984 49851 2309 15326 46799 2820 46799 136 51797 93 61325 2632 61455 14248 61265 1643 61688 7814 14932 3163 1250 61216
18579 958 61947 4659 2418 51311 15585 2678 8005 61547 60655 4381 14412 3818 61372 9362 6107 24904 13540 7105 2447 3349 1182 3085 29154 15117 1704 3349 2974 33257 61553 56342 3425 1250 61223 3669 1515 61417 32508 17100 1250 55322 61543 55997 2678 201 61659 61372 5309 1344 61491 55322 61543 55997 61287 2820 54985 28224 1250 61216
3022 42039 6298 61725 61320 61868 19724 55867 4381 49851 3425 6041 23829 3425 38537 35088 43938 27497 13452 52278 56342 2115 29776 5155 1736 11148 57474 14248 57725 59118 2447 61553 9520 6360 1058 61480 10061 3349 24822 7720 8005 42277 61381 1058 61480 10061 2227 2678 56342 2115 11752 8898 1250 1736 1802 3134 2227 1736 1802 3134 2227 1736 37636 61421 2309 15326 8005 44221 61216
140 50556 61260 140 11701 61228 27040 61247 2309 61132 2820 2418 61336 61480 61780 5309 2974 1700 61480 61780 5309 73 8787 3494 40644 2678 8369 1822 61725 61417 61654 12392 2309 1428 7105 61356 2974 3134 24349 61426 2309 6162 1182 3085 29154 2820 12796 14590 17162 1250 61216
43174 20918 5129 61411 24202 4351 1802 3134 4659 3134 61455 8369 61522 4659 61688 61676 61491 2820 44142 19223 13452 52278 2678 42597 31495 61372 40192 61320 1704 2309 6162 51386 56470 61216
30412 61553 8818 61947 61455 1307 62431 61547 61441 395 1704 3301 20305 2678 73 8787 3494 40644 2974 19553 61553 2309 6162 19747 61342 1388
8436 7247 23471 2309 8369 19553 61516 2820 47770 61441 17162 1250 61236
1259 61426 61688 3163 2309 15859 42125 6107 9955 61372 1515 36356 61455 55370 2309 6162 416 958 7845 41498 2309 6162 11148 57474 14248 57725 2309 6162 3679 36303 3448 61441 9272 41471 1250 93 5213 958 2923 1704 2820 2600 20584 61265 61282 815 2574 61339 61309 671 1388 61654 61223 500 41734 1515 18932 61223 1676 11980 61312 1736 11549 9362 30018 61216
18579 12613 61247 20474 36592 31028 40929 2678 1182 3818 3970 1182 3818 3970 31833 3425 49687 25923 61342 2447 1250 61223 3669 10332 8005 42055 40192 61320 11752 8898 1250 61216
18605 9520 1736 3679 61654 3705 5298 2820 2418 1704 3425 1802 61473 61654 2974 30069 4381 3425 47428 1250 2375 73 8787 3494 40644 2309 3022 61421 6228 61342 56680 61342 2678 6041 38243 9399 1250 61223 48620 1325 61426 7814 3420 73 8787 3494 40644 2309 958 61947 4659 61426 4381 31987 61426 1700 2227 3425 2418 51311 15585 4386 40384 61473 55740 4386 1250 61216
24881 61780 61516 6872 417 8005 8818 61947 4381 51021 1250 61223 23795 8005 8818 61947 61372 8005 61780 61553 1250 2375 1325 1822 61473 2447 61441 3129 2974 61553 7623 61216
19223 395 48017 4659 61688 17384 2227 3425 1687 61995 9520 61491 17240 61995 38243 2309 15326 31986 61818 4703 1325 38330 52278 2227 2309 40384 61473 55740 6360 6975 61356 61421 1250 61223 6041 38243 9399 1250 1182 3085 29154 2882 32663
2309 6162 23398 2820 6571 2882 5309 4381 61357 61397 4381 61357 61397 93 61646 3970 5213 61995 2309 6162 3679 36303 3448 61441 9272 41471 1250 769 8005 42055 2309 6162 8005 42055 20665 16158 73 8787 3494 40644 8005 8818 61947 4381 12392 32325 5135 61228 5019 19525 52028 3129 61223 21849 62246 33325 21439 40644 2678 8005 8818 61947 4381 12392 2309 1428 7105 61356 1182 11373 14932 28224 1250 61216
4002 61372 29622 9757 27219 44887 2309 15859 42125 61223 10332 51200 61411 42124 23829 7345 8005 62322 61480 61780 32379 8600 2227 2678 30018 1700 4381 12392 2309 37722 3129 7694 7483 61705 5922 62431 61441 61336 2820 20918 5129 61411 24202 17696 8818 2678 10310 1704 2309 6162 2418 30595 61487
19525 18808 61320 1802 3134 24349 61426 93 61659 23006 1802 3134 24349 61426 5309 8005 61336 61676 3163 9362 6107 24904 13540 7105 8005 26671 61522 61372 61265 1736 846 62431 61516 61357 61397 2974 61547 60655 61342 93 61659 23006 1802 3134 24349 61426 5309 1182 61490 61707 61357 61397 61336 9362 2974 46424 61342 2974 61547 60655 61342 2974 61547 60655 61342 61265 29733 2115 28224 1250 61216
