32 61228 61274 50556 61260 140 11701 91 418 45 1219 362 36 203 49574 19615 61228 61274 11701 463 3922 1064 24 30372 2391 1064 24 88 6 517 8 6805 61277 455 1825 278 273 75 83 4015 20629 61228 61283 61260 2913 425 61228 369 425 18038 258 203 3802 529 91 47432 1597 529 1064 24 47432 4404 516 61208 1939 61206 61228 61211 4180 4404 61216
201 61271 24 14757 46936 172 3591 2566 74 14757 46936 42 858 61228 8945 8524 155 61228 6156 4927 950 172 348 27126 30 1825 2984 29397 505 232 4116 21023 41502 4180 1825 1316 14757 83 273 7604 46 9312 7843 581 10007 30902 1166 2653 115 881 30902 61223 115 61228 61245 4772 61253 61223 115 61228 61245 1896 476 61228 881 2219 2761 61223 115 61228 881 2982 61223 115 61228 61210 232 15926 21023 710 59599 61223 115 61228 61210 232 63 61228 61233 232 63 28 3730 115 61228 61205 94 61226 642 642 968 1316 348 227 959 1166 3510 156 36 203 1594 3802 968 61223 278 10007 30902 172 88 38984 61228 61245 8787 3494 40644 2636 4116 28 3730 115 881 30902 115 881 30902 61216
201 61234 480 5812 1166 61246 9623 844 18848 61223 115 61228 5193 60310 93 5193 60310 61265 2984 199 61211 113 1825 505 188 756 968 1316 14757 124 860 3510 1316 14757 124 959 37791 13896 19615 61233 188 32895 1316 14757 124 959 61216
6065 36600 156 30372 2069 9372 61222 1119 9372 61222 1119 115 61228 61314 605 110 61216
498 858 2984 491 31581 505 19 1205 289 61233 15146 21023 110 7452 9629 127 61217 273 2391 31644 348 227 39 2391 149 61233 188 756 950 1964 61203 60 61233 576 258 1197 32895 2984 845 46936 91 348 227 2391 149 61233 188 32895 10341 29397 60 283 124 959 91 348 227 2391 537 348 299 18848 537 36 203 49574 7110 199 36 6407 61216
3116 61219 38984 20 696 1028 24648 61228 61274 50556 61260 140 11701 28 45014 7624 1775 21743 301 258 425 18038 86 61228 651 5812 183 1302 4059 1064 24 30372 2391 1064 24 88 6 517 1616 163 59157 505 35557 21023 2822 11685 91 348 299 2391 4390 188 756 61211 1369 61216
201 61271 24 225 225 2525 156 225 225 225 968 156 36 61217 61226 7452 156 16983 1064 827 61226 10193 258 1197 756 529 1316 348 227 968 47179 19615 7608 1280 505 232 4116 1316 188 756 19 7604 1316 16983 8 16983 46 614 950 61216 34646 60 61277 871 115 61228 24 88 25076 1166 61277 840 61206 529 61223 505 188 756 968 46125 505 188 756 968 156 225 88 6 399 41254 7164 42 6805 58754 1825 9372 58754 1825 61223 115 61228 61215 14757 2080 7624 2822 756 968 10341 2822 756 968 1064 143 1197 756 968 1064 143 1197 756 968 798
201 61534 529 26088 4404 61223 6013 9708 124 517 2176 30 827 1720 61212 4529 20629 7608 270 1316 3668 61206 61223 1064 9998 2984 386 61226 827 278 10007 22563 31910 19521 4175 789 2984 386 61226 3140 9372 881 113 3591 19615 7608 270 21023 19521 4175 15894 83 418 798
201 61289 529 61233 225 529 1316 3668 61206 61223 2643 61211 2391 15894 24 145 83 273 2391 4390 145 83 273 19 2391 504 5249 4180 1597 529 37791 4529 46 2594 19 88 18848 172 88 20167 55502 59157 45 1219 362 14757 83 59 11872 61223 29 29397 27370 5090 6407 11587 278 425 13870 1708 1109 19521 1136 61223 505 19 7452 28 3730 505 19 1205 289 61233 15146 5878 5 61277 1418 3802 529 1064 4116 1064 2688 9 4404 61216 201
1642 14757 46936 4378 348 83 2391 516 920 950 61282 278 10007 30902 2636 10007 22563 19615 7608 5249 2391 61216
201 61534 8816 227 1825 9372 42492 968 19615 7608 5249 2391 21023 2822 756 1825 1166 55846 858 61282 34646 4309 258 35 188 756 968 57830 126 3901 19 1205 289 61233 15146 537 36 143 299 439 61223 278 1197 32895 258 10121 1708 529 20629 61233 225 6014 28 3730 505 225 6014 1316 225 6014 1316 14757 59961 28 3730 1316 225 225 6014 1316 14757 59961 1166 61233 188 756 968 1166 61233 188 756 968 46125 505 188 756 968 1166 61233 594 13870 4404 1316 51421 55846 858 31 6805 58754 1825 9372 58754 1825 1709
201 61298 40 12 1825 245 61233 65 10515 2391 61223 1964 61203 191 1308 61226 2902 9372 881 6014 61228 881 83 273 968 798
3116 5249 4180 4404 154 61233 36 30 581 2391 258 14761 258 273 594 13870 594 9372 43212 1825 9372 43212 1825 91 348 27126 30 1597 149 61228 6730 7894 27375 24 348 27126 30 1597 149 61228 61215 127 858 1064 24 348 27126 30 1597 149 61233 225 968 156 871 61233 225 145 29397 61216
201 61251 471 61228 61246 2705 3379 283 61223 45 61277 124 654 154 61251 187 6980 605 61220 605 60 61277 871 46125 505 36 61217 273 1708 1316 11008 61228 61251 187 6980 2983 1496 61223 278 127 61217 61226 3140 46 9312 53689 5 61277 5328 61223 29 29397 258 203 38984 258 1197 756 529 9372 61277 1418 3802 1179 9372 52656 227 968 2566 36 950 61216 201
201 61247 369 170 47312 6014 1166 61228 61254 61249 61251 61249 278 127 858 2373 61228 61254 61249 61251 61249 3056 22383 4116 8 42203 44467 439 2984 386 32263 1263 61215 4411 154 61228 61251 20571 1709
201 61298 61215 5249 4180 1597 1631 5249 4180 1597 202 61203 61228 61246 39 751 46 9312 7843 2822 756 1825 505 188 756 1597 2984 380 4990 47129 9372 61222 11685 61223 7843 2822 756 968 46 9312 10923 67 482 798
32 61228 61245 8787 3494 40644 2373 61228 61245 8787 3494 644 5878 14351 4175 838 61216
201 61289 61226 59 9312 61223 10341 529 5249 4180 15146 10341 2822 12 7604 2984 9371 132 1552 132 396 2566 20794 2391 7186 113 61226 1218 61226 2362 2228 61226 59 3210 1709
201 61298 532 91 65 127 858 1042 61227 1597 529 61223 20701 19 7285 1964 61203 60 999 3651 6 798
58 88 20167 2984 113 142 1179 1263 159 54640 20 871 61233 225 22568 28 3730 1263 61221 14302 8340 28 3730 28 3730 28 3730 28 3730 908 184 8340 42 696 1311 39 301 61216
87 827 303 6639 23081 7624 2822 756 1825 627 61214 55846 858 29 29397 6011 9 1825 8685 1311 4404 7624 2822 756 1825 19615 61233 188 32895 61282 60 1155 61233 576 258 1197 756 950 1964 61203 60 5249 1179 303 6639 23081 7624 2822 756 1825 27909 55846 858 61216
201 61325 32 61228 61245 8787 3494 40644 258 6781 9711 529 20629 61233 76 61217 273 968 1316 1283 950 1316 26676 18274 529 1166 61233 232 968 505 36 950 1316 19 110 110 515 28 3730 1166 61228 61239 19832 61228 61245 8787 40644 1166 61228 61239 1067 61245 8787 40644 1316 348 27126 30 5328 61223 48380 1166 61233 36 950 1316 7590 1129 1316 7590 1129 1316 14757 83 273 19 301 1316 14757 83 273 19 301 1316 14757 83 273 19 227 439 798
32 881 124 2262 1041 61228 881 2982 20697 115 881 30902 115 881 30902 115 881 30902
32 61228 61283 61260 1316 3668 61206 155 61228 61283 61260 46 9312 155 61277 819 61214 1021 47432 4404 156 50772 1616 88 20167 2984 29397 303 5 3668 37575 1316 42203 44467 439 1616 348 227 968 61216
6630 365 61226 827 19615 61233 7590 1129 156 985 27504 15146 2984 3413 27504 15146 61216
201 61251 471 9636 1166 61228 61246 2705 61223 115 61228 61245 8787 3494 40644 258 203 3802 860 155 61228 61245 8787 3494 40644 1316 14757 124 860 155 61228 61245 8787 3494 40644 1316 14757 124 860 155 61228 61245 8787 3494 61228 61234 93 61245 8787 3494 40644 769 258 1197 756 1597 258 14761 258 14761 258 14761 258 14761 258 14761 258 14761 258 14761 258 14761 258 83 2761 968 1166 61228 5756 61301 278 1197 756 1597 61223 14405 61207 91 61206 61228 61299 5290 61223 12368 418 91 188 756 1597 258 1197 756 1597 86 881 83 959 61223 1964 61206 61228 2666 61309 59 147 2881 61214 61216
201 61289 61212 1136 278 1418 456 61204 258 14761 258 83 418 172 88 418 278 273 348 27126 30 4404 61223 28 3730 1166 729 1166 729 1166 5249 75 968 61223 1166 61220 10121 75 968 798
288 299 2362 91 348 2798 5832 418 37791 13896 7110 3483 52506 295 91 348 27126 30 1597 1964 61203 10326 61226 3140 9372 838 60 283 62 515 91 65 127 858 61216
201 61298 480 5249 75 968 19615 61228 2161 110 91 145 18274 968 10341 9386 61227 607 227 439 91 348 199 61211 1369 28 3730 91 348 27126 30 1597 8 145 30111 968 1064 24 348 27126 30 1597 61223 537 348 10121 113 529 9629 159 54640 154 61228 2161 110 1709
201 61229 61228 30 559 61212 12432 42 6805 61277 7140 968 61228 61221 1939 61214 61228 19 6 13708 61223 48380 7186 4049 5878 19 1937 515 61223 1064 83 418 1166 61220 108 9715 9372 61222 1119 303 225 1845 25268 7485 418 1166 838 115 61228 2811 303 225 1845 1845 25268 66 5249 4180 19 7604 61223 14405 61207 1166 58754 1825 2984 29397 1263 283 1311 61214 1064 18246 1280 60 61277 1418 3802 968 61223 1964 61203 60 61277 871 2984 29397 7028 232 959 10341 386 61217 61226 959 115 61228 30 559 9737 59 5759 61216 201
201 61298 61215 273 529 258 3668 61206 4 61277 1418 3802 529 9372 61222 1119 505 35557 1316 14757 124 23676 529 10341 845 439 61223 278 10007 30902 278 147 1028 61223 46 9312 155 7608 61277 6 21023 199 61211 113 1825 91 276 3802 18848 28 3730 156 348 3106 3802 529 44757 61277 455 439 1709
201 61264 2907 2688 1129 2643 29629 31 3591 61228 61245 874 9 194 357 110 93 9164 61207 61314 769 18226 108 968 1720 61212 170 58390 1263 881 142 63 31910 19521 4175 789 46 9312 155 7608 1280 1316 145 75 83 827 1263 61221 2761 115 881 30902 31 2457 23984 1709
201 61239 19832 61228 23419 61314 3598 11163 110 61223 73 8787 3494 40644 93 61206 61228 61245 21 9 194 357 110 61265 91 225 32658 149 61228 1432 8335 115 881 30902 245 3510 115 881 30902 31 2688 9 4404 245 2653 8 6805 61277 273 968 46 50772 115 61228 61298 299 61212 4368 61214 61223 1166 61228 61254 3109 85 1369 61223 115 61228 8945 8524 798
8379 203 29777 2607 61227 2798 61223 1166 9636 1055 8980 61332 60513 9360 115 61228 61245 8787 3494 53011 9360 1316 225 276 2761 3510 1316 528 142 23676 5328 1316 225 145 75 18848 61223 1166 2653 1166 2653 156 36 10007 22563 91 1361 516 881 83 273 19 2391 172 985 27504 15146 798
201 61298 61221 845 142 968 2228 845 1311 439 278 35 515 278 35 515 93 61251 5340 61265 41254 7164 42 4116 41254 7164 42 8087 42 8087 42 5090 83 418 1316 14757 232 17337 439 28 3730 1064 9998 5878 88 14302 2687 396 2566 184 2430 1369 7624 365 50 348 2047 61223 27375 9998 91 985 27504 15146 9629 5249 4116 149 61228 3918 61228 18682 1316 14757 83 273 18848 61223 156 14757 845 299 439 4309 115 881 845 299 1597 529 798
148 124 5249 2391 154 61228 61293 1028 1681 789 42 696 61211 2391 61228 61211 75 581 2391 15894 59 3210 31 20794 2391 31 6805 61228 61293 1028 789 505 75 581 11137 529 28 44938 537 1205 289 61233 15146 9629 5249 4116 31644 88 38984 61228 61211 4180 4404 61228 61211 20167 15894 59 3210 29 29397 1166 61222 4383 968 505 940 2881 61212 4185 5759 1316 940 2881 61214 61282 1166 7608 61212 4185 5759 61339 6172 91 47432 4404 8 6805 61277 170 23676 12 1825 27909 61277 871 61339 8342 6011 9 1825 1263 61224 22568 61228 61226 6286 61228 61224 299 4015 61339 11727 6630 365 9 1825 91 348 27126 30 1825 91 348 2798 516 369 61217 273 19 2391 516 881 83 273 19 2391 61228 61211 4180 4404 61339 15291 91 594 54640 516 61221 14302 2687 559 516 61221 14302 8340 61339 29 29397 19694 2984 19521 845 3965 61216
201 61251 61221 9998 46 614 950 91 50 2391 28 3730 60 2142 30 2391 28 3730 1263 61220 2798 20 74 273 576 61223 9372 61222 1119 1263 85 890 1018 1839 46 1839 1166 838 1166 7608 270 28 45014 61223 2984 199 61211 113 15146 19615 61233 188 756 968 1316 3668 61206 28 3730 9670 576 529 10341 386 61217 61226 959 1709
201 61229 881 30902 245 7608 270 1316 14757 124 860 28 3730 9372 881 232 83 273 968 19615 61233 232 2430 1369 1316 36 10007 22563 46 9312 10923 14757 124 14757 46936 1316 14757 124 7604 1316 14757 124 7604 1166 7608 1280 505 14757 7906 21023 581 61207 1041 968 1316 4015 968 5917 10276 61256 93 2804 61332 9360 115 881 83 4015 3510 93 61206 61228 61205 4726 61265 1709
34646 2176 104 83 418 2984 17273 61207 61223 1064 83 418 2643 61211 2069 29 29397 28 3730 12368 418 60 1496 1614 1136 61223 49 2069 303 5 3668 37575 4378 1361 5204 184 2430 1369 61216 201
201 61229 61228 61247 283 1211 61223 16995 61228 16661 6040 61223 91 188 756 1597 149 61228 61245 223 61211 1116 66 61228 61245 223 63 47 17 51 1229 18435 13627 110 18848 149 61228 61237 1229 18435 1064 10121 2391 1064 24 30372 2391 1064 24 6 517 61228 5249 1708 1064 858 61228 61312 59 1219 798
201 61298 480 61273 21743 301 28 45014 66 881 124 439 22383 4116 1064 4116 7843 581 1044 653 492 61223 29 29397 4309 60 517 8 16983 537 6033 18848 537 14757 124 860 28 1140 61223 15229 1280 505 529 1616 170 3867 124 959 2984 2604 60916 505 348 85 890 1709
35240 61222 11685 19615 7608 1280 505 36 950 5281 61277 1418 3802 529 1064 45014 42 45014 61216
770 348 27126 30 1597 537 22980 149 61228 61286 10533 4049 61216
201 61229 61228 795 391 7624 41502 4180 1825 1263 61221 3057 517 1166 1804 2244 1567 278 127 61217 145 61207 66 881 83 273 529 1166 61228 61242 13520 278 127 61217 950 258 1197 12 1369 258 1197 301 155 37440 47625 278 127 858 362 276 6 281 258 59 127 61217 61226 827 19615 29905 41734 278 127 61217 950 258 59 127 61217 61226 827 1166 1804 5602 28 3730 31952 24964 93 19 47456 517 682 61282 2351 647 61287
201 61298 61215 61225 124 85 1708 258 425 61267 2604 2675 46 9312 258 143 14761 258 273 232 2430 1369 258 10007 22563 258 205 10007 22563 258 205 10007 22563 61223 29 29397 258 273 276 6 396 9372 61222 1119 27909 61222 1119 61223 1517 11069 61233 232 2430 1369 258 85 890 258 614 5 950 61223 9372 61222 1119 505 35557 1316 196 44056 61233 7604 61223 46 845 142 83 827 505 35557 1316 196 44056 61233 7604 61223 28 3730 46 29397 156 16983 156 45014 1316 14757 124 61221 439 61216 201
34646 1166 61220 4015 968 20629 61228 61245 8787 3494 40644 1166 61220 4015 968 2228 104 36365 61223 20629 7608 3668 37575 156 50772 5281 61220 4015 968 2984 29397 7186 4049 115 881 30902 10341 581 203 24964 19615 61228 61293 1028 61223 46 614 950 155 61228 61239 19832 155 61228 61246 16486 10341 581 203 24964 48380 8 594 13870 19 6407 2228 581 203 24964 61216 201
201 61251 61218 10007 22563 46 6805 5249 75 968 2566 74 14757 83 273 2391 66 881 83 273 18848 1166 1041 61226 59 127 858 1166 8763 61242 1166 8763 2299 2984 386 61217 10596 968 2566 74 76 22988 418 2373 61228 61222 85 4971 2373 61228 2086 2984 24569 278 127 61217 273 1708 2373 61228 1666 61325 278 147 424 93 12538 278 147 2881 61214 61265 212 1552 61277 113 1179 115 61228 2949 27407 66 881 113 1825 10341 2822 83 968 2566 74 76 22988 418 2373 61228 2086 61287
201 61289 50772 61223 1021 5 3668 37575 42 6805 61277 170 58390 61223 29 29397 91 30372 2362 45 1219 245 7608 61212 4185 5759 1316 14351 113 7604 66 881 113 7604 46 9312 7843 386 61217 61226 2902 2566 74 76 61217 273 2391 7624 386 61217 10596 968 2566 74 76 61217 273 2391 42 74 76 61217 273 2391 37582 61277 143 2391 61223 41254 7164 42 6805 61277 170 61212 1311 39 301 7843 845 75 968 2566 74 76 61277 113 2391 42 45014 7624 710 55604 968 2566 6286 61277 143 2391 61339 27375 9998 303 5 3668 37575 212 471 5524 39 7604 61223 156 36 8098 61277 113 529 798
201 61289 75 983 15926 115 61228 2031 22621 1681 91 594 13870 1179 10341 710 3802 39 7604 9629 61208 3668 37575 31910 113 9 1825 115 61228 2031 22621 1681 61223 2643 61211 2391 24648 61228 61283 61260 46 9312 155 61251 706 258 425 18038 258 273 348 27126 30 7604 1166 61228 3526 61229 46 9312 155 7608 1280 505 35557 1316 232 2430 1369 61223 12368 418 1166 22936 61208 3668 61204 42 6805 61277 113 2362 27909 1234 11994 30 1179 155 7608 3668 37575 42 2688 9 4404 5281 61220 10121 113 529 1064 9176 46723 2391 61216 201
201 61229 61228 5193 60310 93 5193 60310 61265 115 61228 5193 60310 93 5193 60310 61265 115 61228 5193 60310 93 5193 60310 61265 2643 61211 4180 1825 45 1219 245 7608 1219 245 61233 188 32895 1316 14757 124 959 16995 61228 61245 8787 3494 40644 1316 348 27126 30 7604 61223 505 9715 1316 225 9715 1316 1283 21559 61223 505 36 10007 18258 61228 881 59961 93 881 59961 61228 881 59961 61228 881 18258 61265 1316 348 227 1825 521 61206 61228 1423 34363 505 9715 734 47591 1166 5812 61468 155 7608 5249 4180 1825 505 9715 7186 2822 756 968 521 61206 9636 61468 6011 9 1825 45 1219 245 61233 188 32895 1316 348 227 968 1166 61228 61245 8787 3494 22555 61468 798
201 61298 480 61222 4209 968 19615 61228 74 348 5149 42 819 9 4404 42 819 9 4404 42 696 1028 115 7298 1825 115 61228 10 3335 2653 42 696 1028 1316 76 61217 61226 959 1316 76 61217 61226 959 61216 2479 348 4990 19 18848 537 348 299 18848 537 348 299 380 1129 149 61228 61271 276 840 61206 1166 3510 1166 3510 115 881 30902 93 61246 769 91 348 5149 93 61247 61265 155 61228 61247 61221 3057 1576 61265 115 881 30902 93 61239 61265 86 480 5249 4180 1825 115 61228 1752 446 61212 1775 61212 968 798
201 61264 2907 3668 61206 278 127 48337 258 425 18038 46 9312 155 7608 61212 1028 1316 324 113 54576 156 594 13870 1708 1316 36 1197 12 7604 61223 15229 1280 2519 61211 113 529 10341 710 3802 959 1709
148 41502 75 968 505 47432 4404 46125 1316 145 75 299 439 9372 61222 11685 155 61228 61245 8787 3494 40644 46 9312 155 61228 61245 8787 3494 40644
32 61228 61239 19832 5380 2107 194 1662 46 9312 7843 19521 845 3591 19615 61228 61245 2107 194 357 110 212 1782 61233 6407 2984 845 845 299 1825 19615 61228 61245 2107 194 357 110 1316 196 581 439 115 61228 61239 19832 258 147 1311 227 439 1166 61228 61245 2107 194 357 110 537 1839 61216
37577 4049 15497 418 37791 22563 58859 348 5149 5832 418
37577 418 91 348 127 273 2391 14550 113 232 1825 2984 52717 19615 61233 529 61233 529 1316 19 108 968 1064 871 28 61273 3958 61207 1316 225 9998 7843 710 59157 19615 7608 270 61216
201 61298 480 61225 44467 439 2984 29397 91 88 38984 4390 88 38984 4390 188 756 968 4390 9255 30 2391 172 36 203 49574 2566 74 225 1845 25268 61223 29 29397 505 188 756 968 61228 61215 10007 22563 93 61215 10007 22563 61265 505 188 756 968 1064 858 61228 5850 303 225 19401 798
201 61229 881 30902 31 2688 61212 2798 31 2688 61212 2798 31 2688 61212 2798 31 2688 61212 2798 31 2688 61212 2798 31 2688 61212 2798 31 2688 61212 2798 2636 203 3802 26142 1064 858 61228 26084 2244 1567 258 1197 756 968 46 9312 7843 2822 756 968 61216 4584 5 5249 2391 7186 2822 756 968 19615 61228 3958 3958 61204 16995 61228 61246 39 751 61223 91 30372 2391 149 61228 881 30902 149 61228 55 203 2761 1316 14351 4175 1316 14351 4175 156 50772 798
201 22502 14761 258 83 418 15894 45014 7624 41502 827 27909 881 22563 172 348 27126 30 7604 172 348 27126 30 7604 61223 28 3730 278 127 61217 348 642 2047 154 61228 61245 8787 3494 40644 1316 14757 232 529 10341 110 1937 515 28 10193 258 143 143 88 1708 20 273 83 273 83 871 32434 418 61216 201
201 61289 61226 59 3210 61223 2984 113 41502 2069 19615 61228 61293 1028 860 789 4 5249 39 301 155 5249 2391 15894 74 61225 2861 61228 61226 6286 61277 61226 6286 61228 61210 47432 4404 61228 61226 6286 61277 61226 6286 61228 5249 4180 4404 1709
201 61271 581 1825 91 88 38984 14550 2822 756 1825 19615 61233 188 756 1597 1316 188 756 19 7604 1166 42492 968 19615 61233 188 756 968 1316 51421 55846 858 61282 6011 227 1825 91 88 38984 14550 2822 756 15146 19615 61233 188 756 968 28 6805 61277 455 968 2566 74 1929 283 18848 7624 2822 756 968 2566 74 1929 283 18848 7624 2822 756 1825 61223 10341 2822 83 968 19615 61233 188 756 968 156 696 1028 7186 2822 756 968 798
201 61247 480 43212 1369 19615 61228 61237 227 2761 28 3730 278 94 205 143 3965 61223 1166 61228 61251 5340 1166 61228 61251 5340 172 4015 968 46 614 950 61223 9372 5249 4180 1825 61223 9372 5249 4180 1825 61223 9372 881 30902 19615 61228 881 62 999 85 890 46 9312 7843 386 61217 10596 1825 798
58 225 5697 505 35557 21023 380 9 1825 303 5 3668 37575 653 9623 844 18848 28 45014 7624 2822 756 1825 9372 5249 4180 1825 303 5 3668 37575 42 8087 155 7608 5249 4180 4404 61228 61211 4180 4404 61228 75 61226 1939 61206 61228 75 3413 289 61233 15146 7843 41502 4180 1825 505 47432 4404 61228 61211 4180 4404 61228 75 20167 7186 710 21743 301 155 7608 5249 4180 4404 61216
201 61298 480 5249 2069 19615 61233 30372 2069 19615 61228 61245 8787 3494 40644 258 14761 258 10121 4180 1597 529 10341 7480 959 9372 5249 1179 2984 365 9715 7843 710 6 12887 7843 710 14302 2687 396 61223 1263 5249 2069 798
201 61229 61228 61239 8094 642 61223 91 61206 61228 61239 8094 642 61223 91 61206 61228 61229 4966 950 61223 91 61206 61228 61293 6248 61223 91 14351 1136 61223 91 14351 4175 149 61228 11369 85 563 61223 115 61228 5348 61234 46 9312 155 61228 61298 61221 5249 4180 1597 61228 61215 18233 4175 172 273 348 273 968 1166 3510 61223 91 642 642 1775 113 2391 172 188 33724 950 156 36256 505 188 756 529 156 594 13870 594 798
201 61298 369 127 4169 959 46 2594 88 1839 10341 110 29627 7604 61223 1007 143 1179 2984 29397 22383 301 253 7608 1280 1263 61233 12432 2984 199 61211 113 1825 91 348 2798 5832 418 1166 1280 36645 61216 201
4584 9715 245 61233 232 63 1316 14757 30902 1316 14757 232 10007 439 1316 14757 30902 1316 14757 30902 1316 14757 232 10007 439 1166 2653 258 14761 258 14761 258 10007 22563 61216
201 61271 24 14757 30902 149 5249 12432 149 61228 61245 21 1136 61226 605 110 61223 362 36 1197 12 7604 1166 3510 115 61228 61239 19832 61223 72 16486 46 9312 155 61228 61432 170 61212 5668 362 196 607 17337 439 1709
6630 77 59157 115 61228 1467 35 22 4193 75 93 19 225 65 1939 61206 61265 22383 844 2069 2984 365 10007 2362 1064 24 348 227 19 18848 61216
201 61271 75 75 75 170 4015 15894 45014 7624 41502 4180 1825 27909 881 22563 19615 61233 225 145 83 273 2391 1316 36 10007 22563 1316 36 10007 22563 91 36 25088 529 91 36 61273 170 1597 61228 61215 5249 4180 1597 61228 61215 5249 4180 1597 61228 61215 5249 4180 1597 61228 5249 4180 1597 529 1166 61228 1432 61332 14405 3591 1166 61228 1432 61332 14405 3591 1166 61228 1432 61332 1166 1041 968 61223 1166 61228 4238 1055 61350 66 881 83 576 529 1166 529 1166 61228 61298 61221 299 61226 10007 22563 19615 61228 61246 39 751 1166 8763 61332 1166 8763 61335 29 29397 42 36256 2643 29629 15894 24 145 142 2391 61228 881 30902 93 369 203 29777 19615 7608 1280 115 61228 61210 145 142 2391 2373 61228 61210 145 142 2391 647
6630 386 61217 10596 968 2566 858 61277 22527 66 881 18258 19615 61245 8787 3494 40644 258 10007 18258 19615 61233 14757 232 860 1316 76 163 3802 1369 14149 8372 28 3730 115 61228 2613 61298 1316 188 4383 529 93 61206 7909 647
201 10719 47432 2391 61223 26808 1219 258 83 48337 258 83 515 258 83 418 9629 85 39 301 14405 3591 1166 61228 8945 8524 93 61221 581 5090 6407 2984 386 61226 2902 9372 61222 1119 2566 74 14757 83 273 1708 1964 61203 10326 61226 3140 9372 61222 1119 9372 61222 1119 1263 61221 14302 4857 647 61287
201 61251 471 61228 61245 8787 3494 40644 2373 61228 61245 8787 3494 40644 61223 12613 61247 155 61228 61274 50556 61260 140 11701 258 83 6 396 91 348 27126 30 1597 149 61228 61245 8787 3494 40644 1166 61228 61245 8787 3494 40644 1166 61220 83 515 1263 159 54640 154 61228 61293 1028 789 56026 3210 29 29397 31 871 115 881 30902 31 985 27504 1825 91 9255 30 2391 4390 348 27126 30 2391 1709
335 5249 4180 4404 2373 61228 61251 222 39 5380 1136 61226 605 110 93 61245 8787 3494 1804 8335 61282 115 61228 61274 746 30 227 2761 115 61228 61274 746 30 2857 47 17 82 4209 959 154 61228 61260 14585 2829 47 9646 150 64 58 552 39 304 155 61228 61254 39 283 14814 42 696 1028 42 696 1028 1109 19521 113 1825 91 348 27126 30 7604 61216
201 61298 61215 369 950 258 7334 2604 439 46 9312 258 61204 61228 40 40 40 1369 1785 729 191 61277 1418 3802 529 46 9312 505 14757 30902 21023 2822 756 968 61223 9372 881 83 273 15146 61223 278 127 61277 455 61206 258 203 38984 258 203 38984 23 10121 170 61212 170 61212 529 29 29397 46 29397 258 1197 83 2761 529 2566 225 232 2430 1369 258 83 418 258 205 7334 1164 2984 491 13870 1179 2566 74 14757 46936 7624 491 13870 15146 19615 61233 188 756 424 61216 8379 74 61225 1293 7624 2822 756 968 58859 88 25076 61223 115 61228 5193 60310 2984 19521 1136 505 594 31581 505 594 13870 4404 21023 2822 756 968 1316 14351 113 1825 1316 14351 113 2362 1316 65 147 1311 19 7604 1316 225 22568 1316 65 61222 4209 959 9372 61222 4209 1179 505 188 756 19 18848 1316 188 756 19 18848 1316 188 756 1825 258 1197 756 1825 258 1197 32895 258 1197 299 858 61216
116 41 9672 2391 154 61228 61289 30 188 1550 1496 31 594 31581 2984 386 32263 115 881 83 273 439 37582 881 22563 154 61228 24596 188 1335 61216
90 205 1044 61223 91 348 27126 30 1597 149 61228 61293 6248 91 9255 8816 227 1597 529 91 348 27126 30 1597 516 881 83 273 1597 61228 61210 145 83 4015 154 61228 61293 6248 91 9255 8816 227 529 1064 858 1804 2811 1166 61228 61293 6248 61228 61210 145 827 172 36 25088 529 61216
201 61298 61215 41004 2798 154 61228 61299 10845 31 985 2761 529 61223 1964 61203 1540 61227 2798 60 61271 28742 145 32658 115 61228 61251 15682 653 5249 827 46982 19615 61239 2627 59 2508 481 181 11069 155 61228 61251 61214 61228 61234 12633 631 155 61228 61251 15682 61228 61260 39 50 631 29 29397 968 798
201 61298 61221 845 2069 115 61228 10 61227 890 61223 27 2957 61217 61226 6286 258 425 31581 115 61228 47410 6942 66 5249 1708 529 115 61228 1752 175 61220 1708 1316 14351 4175 1316 14351 4175 1166 61228 61299 1369 26176 1064 425 61228 11369 85 563 258 83 3413 289 61233 15146 1166 61228 11369 85 563 798
201 61251 471 40644 1166 61228 61246 2705 61223 115 61228 3396 417 505 188 32895 1316 188 756 529 20629 61228 5249 4180 4404 1316 14757 30902 61223 1166 3510 1166 2653 1316 14757 83 968 1316 14757 170 23676 529 1316 188 83 968 1316 188 756 61211 1369 1166 1804 6542 505 188 756 968 1316 188 756 1369 1316 348 227 968 1166 2653 836 3396 258 205 950 258 205 950 28 425 13870 7604 798
201 61229 28397 273 2391 2984 386 15126 968 9372 61225 46936 2984 386 61217 61226 2902 19615 7608 3668 37575 1316 26676 18274 860 156 225 188 301 155 61228 61239 61251 1955 2456 40861 653 22980 61223 27375 9998 1616 188 83 968 93 59 127 858 115 61228 61215 597 40750 15970 1709
201 10719 47432 2391 91 47432 2391 61223 91 276 17273 61207 149 61228 2308 21 374 3958 44 1597 537 36 143 27126 30 7604 61223 212 311 789 1263 31528 31910 386 18274 273 15146 212 471 1041 968 91 9255 8816 2525 537 36 203 6 2940 227 5328 245 3510 245 3510 245 3510 245 61274 8131 61228 61298 61251 2136 28637 66 881 18258 2566 276 75 85 39 301 2373 61228 61274 8131 61216 32 881 6014 42 696 1028 42 696 1028 42 696 1028 2373 61228 47410 6942 42 696 1028 1709
201 61298 369 203 29777 46 6805 5249 2069 1263 61221 14302 8340 1018 110 515 27 6827 3802 18848 46 6805 22181 28 3730 1263 61221 2761 1263 61221 2761 27 2957 61217 61226 348 227 1369 61223 9629 959 60 58754 594 2984 29397 60 58754 594 2984 29397 278 10007 30902 27 5249 2391 126 1782 83 576 529 37791 25694 93 299 710 24964 61223 2643 61211 2391 61228 61210 47456 517 61223 1517 2798 61265 1316 276 2761 28 3730 27 5249 4180 19 418 1316 348 27126 30 7604 156 6805 61277 113 15146 28 3730 27909 61277 170 365 94 15146 798
148 124 61218 10007 273 1708 172 14351 1136 172 14351 1136 172 9715 7186 19521 113 2362 1263 881 142 63 154 61228 61245 8787 3494 40644 172 276 3802 18848 61216
201 61247 61203 61228 8945 8524 61223 505 61203 61228 8945 8524 61223 505 5090 2525 21023 299 3372 3802 968 9629 425 54640 154 61212 1229 38984 154 61212 1229 35 1708 61223 46 9312 7843 3483 258 425 13870 594 258 425 18038 258 205 203 29777 61223 1166 1234 15048 439 258 83 4015 258 425 18038 258 83 6 2940 227 439 9629 83 4015 20 8087 61216
208 61228 61246 16486 61228 23419 61314 537 36 10007 22563 19615 61233 348 27126 30 1597 537 36 10007 22563 19615 61228 61246 16486 61228 23419 61314 2566 143 14761 61216
201 61289 104 5249 4180 4404 2373 61228 61286 10533 4049 61223 115 61228 61245 8787 3494 40644 91 273 273 968 91 9255 8816 2525 149 61228 61245 8787 3494 40644 653 34633 7110 3483 46 6805 61277 232 968 19615 7608 61212 4185 5759 1316 9255 8816 529 37791 22563 2566 74 225 1845 25268 798
201 61289 61226 858 61228 15538 61245 258 273 348 273 968 1072 2335 13738 61301 57830 1166 1041 61228 2980 10276 61256 93 2804 61332 9360 57830 172 88 418 692 39 301 253 5249 2391 258 1197 12 227 439 798
201 61229 881 30902 245 61233 14757 7906 1316 38095 439 156 16983 156 16983 156 14757 83 59 439 61223 5818 515 1166 7608 1280 505 14757 232 1369 1316 38095 439 5281 61220 1418 27504 15146 19615 61233 14757 30902 1316 1283 14757 439 1709
201 61229 61225 83 968 61223 172 88 289 88 4015 529 1064 4726 1263 369 22988 418 31910 380 9 1825 6011 9 1825 27909 8807 959 1166 61233 188 301 155 7608 5249 4180 4404 156 45014 28 3730 9372 61222 1119 91 273 4404 537 14757 83 273 4404 537 14757 8272 149 61228 61298 369 61214 61277 61226 97 529 245 3510 1709
1642 14757 88 1939 61206 653 3668 61206 42 696 1028 61228 61215 2508 2913 147 1311 19 7604 42 5697 115 61228 7 366 22 860 61228 7 366 22 61228 6730 7894 61228 6730 7894 93 13192 61245 61265 1316 3668 61206 529 61216
201 61298 61215 61221 14302 4857 627 19521 4175 86 61277 1418 3802 529 1166 61233 225 14351 2688 1597 258 425 61233 232 2430 1369 1316 14757 124 860 28 184 2430 1369 1316 14757 124 860 61223 48380 505 188 756 968 1316 6935 61206 156 36 10007 30902 10341 710 7607 2362 10341 710 7607 2362 798
201 61289 529 61233 225 225 449 1316 225 14757 83 273 7604 1166 3510 115 881 30902 93 2335 24326 2335 50126 61325 9360 46 8681 28 6805 61277 871 91 1361 537 36 10007 22563 28 3730 1263 61218 61277 455 4404 1709
201 10719 143 2391 8 594 13870 19 7604 93 19 143 2391 14550 380 9 1825 61265 172 88 61226 59 3210 29 29397 505 35557 1316 36 203 24964 12368 418 505 14749 1316 36 203 24964 61223 27370 273 7452 9372 61222 1119 505 35557 1316 594 13870 19 7604 10341 110 1937 515 1709
148 581 203 197 3802 860 155 61228 61245 1000 1359 38539 1166 61246 39 751 115 61228 61254 1897 56 135 56 132 282 1316 14351 1136 61216
201 61247 492 46 6805 492 46 6805 492 2566 74 61225 124 5759 2566 74 61225 124 5759 278 1197 7822 258 1197 32895 10341 380 1136 7843 380 1136 1263 61218 61277 348 227 2525 20 6805 61277 143 3965 1263 61277 455 4404 20 6805 61277 6 2881 1825 61223 115 61228 61247 283 1211 3116 18233 4175 60 61277 6 333 201 299 365 1179 91 594 13870 4404 14550 1775 21743 301 7843 1775 21743 301 155 5249 4180 1825 1863 653 14757 46936 42 696 1028 42 696 61211 4180 4404 1166 61228 61245 21 871 505 170 380 9 1825 91 348 27126 30 7604 1709
201 61289 3372 515 653 225 6014 61223 191 446 456 61204 61223 1964 61203 60 1155 23984 7485 418 7186 199 199 424 798
201 61229 5249 4116 31 2688 61212 2798 93 61286 61300 61251 4776 595 30308 15146 93 61286 61300 61251 4776 4309 7912 1280 1157 61223 505 9715 61287
201 61298 61221 299 124 1179 278 273 273 4404 46 9312 2188 143 27126 30 4404 61223 2984 581 1044 56487 7624 2822 88 1179 28 3730 2984 299 14302 2687 61221 1179 278 7334 85 39 301 27909 61227 607 17337 439 798
770 14351 2688 1597 149 61228 61251 187 22 297 61228 61239 304 31 46561 968 505 5 5249 4180 4404 2758 61228 61274 8131 1316 276 24964 1316 14757 83 959 1166 2653 1316 14757 124 860 3510 61228 61215 61274 8131 61210 61216
201 61251 471 1804 61301 1166 61228 61246 2705 61223 278 127 273 529 154 61233 188 2982 1316 11008 61228 9812 505 188 756 529 1616 273 968 28 3730 316 594 505 188 756 61211 2391 1166 1280 1166 2653 37579 5812 61311 505 188 756 968 1316 348 227 968 1614 1136 505 36 61273 3958 61204 149 61228 40 2430 1369 156 184 2430 1369 1316 188 4383 529 46 9312 505 188 756 61211 968 1614 1136 505 188 756 61211 968 1614 1136 505 188 756 61211 968 1614 1136 505 188 756 61211 968 28 45014 1709
208 881 142 61211 4180 1597 86 61228 61274 50556 61260 140 11701 258 14 1594 3802 529 278 7334 9 4404 154 61228 61293 1028 789 42 6805 61293 1028 789 42 425 61228 305 1119 61228 305 1119 258 83 77 1594 6 278 203 38984 154 61228 61274 50556 61260 258 143 142 1179 258 143 142 83 576 258 143 143 142 1179 115 61228 61271 13192 61229 61216
8379 170 845 46936 91 47456 517
335 1219 61223 41254 7164 42 6805 61277 170 58390 9372 5249 75 968 1166 63 28 45014 7624 386 18274 273 968 1316 3668 61206 61223 1021 14757 124 2262 8 42203 581 6407 10341 581 5090 6407 505 225 232 2430 1369 1316 65 11872 61223 1517 11069 5249 75 968 46 9312 7843 41502 2069 46 9312 7843 41502 2069 61223 22383 1699 60916 91 642 642 968 1709
201 61289 104 1280 505 232 15926 2913 5090 8365 61223 28 3730 22383 7334 113 2687 396 29 29397 22383 127 61217 10596 1825 505 36 61217 10683 21023 581 1044 595 581 30 581 5328 1709
201 61229 881 30902 61282 115 61228 61267 2129 61245 2107 222 605 110 118 93 61206 61228 45125 2675 713 5380 1136 24682 769 115 61228 61245 2107 222 605 110 61223 115 61228 61264 61217 2107 222 605 110 61223 115 61228 61254 61289 61245 8980 769 115 61228 61254 61289 1081 194 1662 61223 115 61228 61260 1836 35669 5380 9 194 357 7431 61223 115 61228 61260 276 37 3243 481 127 71 1245 61206 115 61228 61254 61289 61298 2898 115 61228 61254 61289 61298 2898 115 61228 61274 54346 481 59 127 71 1104 61220 2240 115 61228 61254 61289 61298 3137 115 61228 61289 61212 1136 61226 10007 30902 93 61239 19832 61228 23419 61314 769 115 61228 23419 61314 769 115 61228 61237 39 9 2531 19 115 61228 61245 2107 2531 19 115 61228 61245 2107 2531 19 61223 115 61228 61245 2107 2531 19 61223 115 61228 61245 2107 2531 19 61223 115 61228 61245 2107 2531 19 61223 115 61228 61254 61289 61212 1136 123 19 61223 115 61228 61254 61289 61212 1136 61226 97 289 24 61223 115 61228 61247 2024 123 110 93 61247 2024 123 19 61265
201 61267 380 827 303 5 3668 37575 42 696 1028 1166 63 61233 225 348 273 4404 1316 145 439 61223 20629 61228 2613 61298 20629 61228 2613 61298 1316 225 83 2761 729 1316 225 76 4015 529 1316 225 76 4015 529 46 9312 7843 2822 4383 968 505 1361 1316 7590 1129 1316 14757 18258 10341 2822 12 39 301 155 7608 1280 505 14757 7906 1316 14757 124 23676 12 1597 529 10341 299 14302 2687 396 14405 1205 289 61233 15146 10341 710 24964 58859 7561 12 1597 529 10341 710 24964 1064 24 7561 12 4404 1709
32 61228 5193 60310 93 5193 60310 61265 60 61277 143 3965 278 273 4404 126 1552 1804 1166 61228 4238 61282
27131 4726 191 59 273 19 276 2761 1316 44 36159 7604 1316 44 36159 7604 537 348 27126 30 1369 537 348 27126 30 18848 5832 418 61236
28 3730 36308 844 528 968 1064 28664 28 3730 28 3730 91 9255 8816 2525 537 36 61277 455 439 1064 28664 1064 28664 61339
32 4840 44467 439 2984 29397 1166 61228 61274 50556 61260 9372 881 6014 7028 20167 1109 19521 113 1825 258 205 844 528 968 28 143 205 844 528 968 258 425 13870 7604 19615 61228 61245 8787 3494 40644 258 143 14761 258 127 61277 232 439 258 14761 258 14761 258 273 594 13870 594 32440 14757 83 1708 537 36 4015 968 61216
201 61251 170 3483 1064 10093 17604 9 1825 9372 881 83 273 968 19615 61228 61245 30 881 21 2813 61220 4015 1166 61233 75 61226 10007 22563 7843 386 32263 7843 386 32263 1263 61221 14302 8340 61223 1064 10093 1064 4726 1064 7334 9 399 278 425 54640 95 399 278 425 54640 154 61228 61245 30 881 371 12 2857 2984 386 32263 278 127 61277 455 4404 154 881 83 273 30 1369 172 184 2430 1369 172 184 2430 1369 61216 201
887 31581 278 1197 940 424 278 35 515 537 19 1205 289 61233 15146 155 7608 61212 4185 5759 1316 188 83 529 537 5 32306 13708 529 61216
201 61229 61228 61245 8787 3494 40644 9372 5249 4180 1825 19615 61228 61245 8787 3494 40644 505 14757 30902 1316 14757 30902 1316 14757 30902 1316 14757 30902 115 61228 61267 1729 19521 4175 253 5249 2391 1109 110 184 2430 1369 28 3730 2643 61211 2391 15894 24 14757 83 273 19 18848 537 36 10007 22563 28 3730 505 232 2430 1369 47363 10007 22563 1517 11069 61228 881 22563 61223 115 61228 881 30902 31 20794 2391 61228 881 30902 61223 115 881 30902 61223 115 881 30902 15894 24 88 4160 2391 15894 24 88 38984 61228 61210 47456 517 28 3730 155 61228 61217 23396 61223 5281 61220 143 14761 61216
201 61267 1129 2643 29629 115 61228 61289 61212 1136 61226 605 110 93 9164 61207 61314 61265
201 61298 480 5249 4180 4404 2566 45014 42 696 1028 31 113 142 83 827 10341 113 2362 61223 29 29397 6011 299 19 2391 15894 313 1594 6 31 20794 1708 529 61216 201
201 61264 480 61219 3802 959 115 881 30902 245 61233 232 2430 1369 362 36 10007 22563 28 3730 115 881 30902 245 1041 61277 22527 245 61228 61245 8787 3494 40644 115 881 30902 245 1041 61277 22527 1316 225 76 4015 529 1316 225 76 273 18848 93 2804 61249 8980 1166 1403 11318 3161 4063 9360 1316 232 17337 439 115 881 232 959 115 881 30902 93 2613 61298 61265 258 143 2169 115 881 30902 93 8337 61335 1166 7052 3161 10191 9360 155 881 30902 258 71 36 6407 9372 881 30902 16995 61228 2613 61298 93 3396 11958 14405 61207 22093 1666 15437 9360 1316 36 203 24964 798
201 61298 5249 12432 61223 505 88 3057 1576 1316 7590 1129 1316 940 1311 39 301 505 47456 517 1316 188 4342 3802 7604 61282 115 61228 61293 223 61205 6054 11 50 5380 1136 123 19 115 61220 170 2761 61277 2362 115 61228 61247 881 30902 537 348 225 968 8 16983 115 61228 61247 61219 289 61220 62 6 333 61228 61221 1939 61206 93 38964 769 29 29397 115 61228 61314 605 110 1316 36 61217 61226 4015 968 10341 581 203 24964 93 61208 471 61228 61293 8646 61265 115 61228 61293 8646 61265 115 881 30902 115 881 30902 115 881 30902 93 61293 11701 61265 115 61228 61293 11701 93 61293 11701 647
208 61267 61298 60 999 38079 594 278 94 142 2391 258 425 13870 19 18848 9372 5249 2069 2643 29629 24648 61228 61245 8787 3494 40644 9372 61233 30372 2069 61216
201 61251 471 61228 61246 2705 26176 61223 115 61228 61239 19832 61228 23419 61314 3598 154 61228 1752 16935 19 42 43558 4175 31 110 85 225 968 27375 806 36 61217 348 642 2047 653 492 7110 110 3591 19615 61228 61239 19832 61228 23419 61314 3598 798
201 61229 5249 170 418 1064 83 418 61223 4309 1166 5249 4180 15146 9629 85 19 85 890 61223 1263 5249 2069 31644 221 46723 2391 28 3730 1263 61277 61226 97 529 61228 61221 14302 61226 97 61226 97 529 258 14761 258 10121 827 66 5249 30 860 3510 798
201 61271 581 11137 959 9372 61225 124 1825 19615 7608 5249 2391 7485 418 21023 124 273 30 1825 61223 1064 4726 1166 61225 124 94 594 1263 61213 1119 27 6827 6 399 258 10007 22563 798
201 61298 61221 581 83 418 1263 5249 2069 31910 386 61217 61226 827 19615 61228 2161 110 1166 61228 2161 110 28 3730 115 61228 139 348 994 1316 188 4383 529 61223 28 3730 278 127 858 1980 61212 1311 19 968 798
770 14757 83 59 1597 61228 61210 225 61226 225 3977 61228 61210 225 61226 225 3977 537 348 27126 30 1597 529 149 61228 47410 6942 61228 61274 8131 8 16983 1064 124 85 4597 2373 61228 47410 6942 61216
201 61298 6827 55604 968 19615 61233 188 17255 1316 14757 124 23676 529 10341 845 528 17337 439 61223 1263 31528 46 9312 7843 199 61211 113 15146 7843 199 61211 113 1825 1709
208 61228 61299 9 26497 18435 115 61228 61254 163 18435 115 61228 61299 374 18435 115 61228 6730 7894 1316 1491 348 27126 30 1597 149 61228 61299 9 84 163 18435 20629 61228 6730 7894 42 696 1028 42 696 61211 2391 31 20794 2391 31 9386 61227 890 61216
6630 380 1136 45 1219 245 61233 14757 46936 1316 276 3802 959 2373 61228 61293 18805 93 61293 18805 61265 46 9312 7843 380 1136 1263 18233 827 27909 61277 455 18848 46 9312 10923 36 950 1316 33540 959 37791 22563 19615 61228 61274 50556 61260 140 11701 61228 14018 11076 42 6805 43212 1825 93 19 47456 517 682 61282 2906 54947
201 61289 170 386 15126 968 61223 91 47432 2391 149 61228 61245 8787 3494 40644 42 6805 61277 1418 3802 968 1166 22181 32440 348 27126 30 1597 149 61228 61245 8787 3494 40644 91 47432 2391 14550 386 15126 968 58859 221 113 113 18848 4390 348 27126 30 1825 537 221 110 18848 1709
90 471 90 18805 2011 67 63 789 61223 278 127 858 258 61203 5249 827 2228 28742 145 32658 126 5249 1708 529 61216
32 61228 61251 15682 91 348 227 2391 149 61228 61251 15682 505 145 2069 1263 41004 576 154 61228 61298 4775 2129 61228 61283 425 9629 5249 2069 154 61228 61245 8787 3494 40644 2806 110 653 584 61207 61216
201 61251 471 24257 1166 61228 61246 2705 61223 278 1197 32895 258 203 49574 19615 5249 4180 4404 156 16983 28 6805 61277 143 3965 1021 348 27126 30 1597 61223 1316 225 225 529 1072 61312 505 188 756 968 5281 61277 1418 3802 529 27375 2688 61212 2798 31644 348 299 18848 1709
201 61264 2907 1280 2984 581 5090 6407 2984 77 59157 278 83 6 559 278 23072 4 52768 439 93 19 47432 2391 61223 107 6 245 61228 61245 1311 108 85 1369 46 9312 155 61228 61245 1311 108 85 1179 2913 124 85 39 301 769 48380 1007 203 3802 19 1825 2984 29397 22383 4116 2984 29397 115 61228 61534 61212 61226 139 563 28 3730 191 12917 88 418 15894 83 418 537 36 10007 22563 1709
35240 5249 2069 19615 61228 61245 8787 3494 40644 9372 61233 30372 2069 19615 61228 61254 5019 46 9312 155 7608 1280 505 14749 1316 19 1205 289 61233 15146 1316 22980 156 225 30372 2069 61216
1642 47432 4404 2373 61228 27040 61247 2373 61228 61274 50556 61260 140 11701 115 61228 61254 39 283 12706 93 61229 881 30902 245 881 2982 2373 61228 18591 61253 61265 31 298 273 968 27375 24 145 83 273 1708 516 61221 14302 8340 154 881 83 14302 8340 2373 61228 18591 61253 93 61229 61228 18591 61253 61265 2373 61228 18591 61253 61216
201 15581 88 418 2653 149 61228 61245 21 1136 61226 605 110 115 881 30902 61228 7367 170 1597 61223 91 9255 61212 3651 2761 149 61228 61274 8131 1709
201 61229 5249 4180 4404 2373 61228 61245 8787 3494 40644 1316 14757 30902 1316 14757 30902 1166 61228 61245 8787 3494 40644 66 5249 2982 3510 115 61228 61212 710 2761 61220 2982 529 28 6805 5249 75 968 19615 61233 30372 2069 155 61228 61286 10533 4049 7624 41502 2069 61223 303 14757 46936 2373 61233 232 61211 4180 4404 1316 225 188 83 273 19 7604 1316 11008 132 480 492 1316 11008 132 61221 439 1316 7590 1845 19 7604 1316 65 959 9372 61222 33724 60916 10341 110 29627 7604 798
201 61432 858 9372 5249 1825 61223 1964 61203 1523 309 2984 199 199 424 303 558 14 999 968 7485 418 37791 13896 7110 3483 60 283 62 3802 529 91 348 27126 30 1369 5832 418 1709
201 61271 4049 10341 1729 607 17337 439 172 88 418 9629 61233 576 61223 1064 83 418 61228 83 418 1166 61220 12304 6407 9372 61222 1918 27909 881 25694 2984 29397 115 61228 61314 428 61233 115 881 30902 42 696 61211 113 529 28 3730 91 14757 30902 149 61233 14757 30902 149 61233 30372 4180 4404 149 61233 348 950 1316 188 756 61211 113 529 28 3730 2984 581 268 607 17337 439 798
37577 4049 14405 418 2984 386 32263 278 127 858 278 1197 30902 278 844 142 32658 278 844 142 32658 278 844 142 32658 126 59 23072 1964 61203 10326 61226 3140 9372 5249 4180 1825 9372 61273 21743 301 253 729 61216
32 61228 61237 61209 2160 316 5090 1825 1021 348 27126 30 1825 37791 22563 19615 7608 1280 505 76 273 19 4015 9000 127 273 19 4015 37791 59961 2566 74 61225 2861 42 696 1028 15894 74 61225 2861 61216
201 61267 515 61228 61224 515 278 83 2761 20 83 418 20 143 365 61226 97 968 46 9312 2188 14992 2228 581 1044 61223 1964 61203 60 517 60 1234 61233 12432 7485 418 18 49574 7110 110 19 418 1109 110 6 1709
201 10719 14351 2688 1597 537 5 170 61212 1136 91 348 27126 30 1597 149 61228 1752 9161 515 537 348 27126 30 7604 61223 1263 5249 3965 46 9312 7843 41502 4180 1825 1263 61225 29257 154 61228 40 80 6028 19 2984 581 1044 2566 76 48337 7186 124 61221 14302 2687 61233 15146 28 3730 9372 61222 1119 10341 110 1205 3802 301 28 6805 61277 455 1825 1064 28664 19615 61228 61226 59 127 858 61216 2388 492 7110 3483 1263 61221 14302 2687 61233 1708 61223 115 881 83 515 61223 115 61228 61314 605 110 11854 227 968 61223 1964 61203 115 61228 47410 6942 115 881 2707 58390 16995 61228 47410 6942 798
887 31581 505 232 15926 1316 221 44467 439 21023 104 61277 3209 115 61228 5940 79 61214 61216
201 61251 205 1044 61223 278 1197 83 968 278 7334 9 4404 31910 710 59157 10341 710 6 12887 7843 710 59157 7843 2822 11685 505 35557 21023 710 59157 1316 145 1311 227 439 1316 145 1311 227 439 1316 145 1311 227 439 21023 710 59157 505 19 1205 289 61233 15146 1316 348 27126 30 1825 1709
91 61206 61228 61237 92 4429 5380 1136 61226 605 110 93 15616 61314 61265 91 225 170 2761 61277 2362 115 61228 61237 92 4429 61216
34646 6011 14761 23 6407 505 35557 1316 50 94 1597 529 61223 1064 83 418 9629 159 54640 46 9312 10923 143 273 19 4015 258 273 273 273 1825 10341 29397 2984 845 46936 115 61228 61534 61226 139 563 7186 386 32263 9372 58754 1825 9372 5249 2069 115 61228 61283 7149 172 24 289 61233 15146 2984 845 2069 505 143 2391 156 143 14761 258 425 13870 890 61216 201
201 61298 61215 5249 4116 154 61228 61314 81 110 31 188 301 1166 61228 6953 61350 155 61228 61289 21 1136 61226 605 110 61223 1064 83 418 61228 399 5878 83 2761 968 10341 110 3591 46 6805 61277 61226 59 301 2566 20326 798
90 3730 1166 7608 1280 115 61228 61245 8787 3494 40644 1316 14757 124 439 115 61228 61245 8787 3494 644 5878 5 61212 299 439 28 3730 1980 365 113 30 5328 61216
201 61229 61228 61260 24587 2080 91 985 27504 594 2984 29397 115 61228 61260 24587 2080 537 594 13870 594 27375 1229 38984 154 61228 61293 48659 66 61228 61293 48659 537 276 38984 537 276 14302 4857 529 61223 201 61298 480 5249 4180 1825 908 184 8340 537 14351 4175 537 14351 4175 149 61228 61293 48659 61287 29 29397 201 61470 61470 61468 4309 15497 418 505 14757 30902 61223 115 61228 61293 48659 61287 115 61228 61293 48659 1709
18193 1280 115 61228 819 9 4404 156 145 439 115 61228 61245 561 24 3770 61228 6730 7894 1316 348 27126 30 1825 1166 729 1166 2653 258 24 4597 61228 61245 8787 3494 40644 258 35 7452 9372 61212 1311 1825 505 232 2430 1369 1316 196 44056 61233 15146 19615 61228 61245 8787 3494 40644 9372 61212 1311 1825 505 232 2430 1369 21023 380 9 1825 505 232 2430 1369 156 8087 61216
201 61229 5249 2391 20668 6 24588 3210 2694 7334 113 15146 1166 5249 2391 15894 24 88 6 517 1041 61223 48380 27370 5090 6407 2984 77 59157 303 5 3668 37575 42 2798 1064 35 7822 28 3730 1064 696 1335 1064 18246 1280 1166 8807 959 115 7298 83 2798 56026 3210 1709
32 61228 61259 79 147 12 5094 75 83 4015 42 696 1028 1064 18246 1280 29 29397 91 14351 4175 537 19 14351 4175 8 751 61228 11369 85 563 1166 5249 54576 26808 36365 61216
201 61298 61215 61277 13896 154 61233 188 4015 1316 3668 61206 61223 115 61228 61283 1129 1496 61223 46 9312 155 61228 35 184 2430 83 4015 156 594 31581 1263 9672 2391 31910 380 30 827 1720 61212 4529 61223 1064 3602 1166 61220 85 6407 9372 909 968 46125 505 14749 1316 36 1197 32895 529 1709
201 61289 61212 1136 115 61228 61251 7583 91 22 1371 61214 172 188 83 968 1316 528 142 23676 968 1166 61228 143 14761 82 607 607 17337 439 52 1084 156 19 1205 289 61233 15146 156 313 1594 6 1316 225 83 2822 12 959 11587 156 348 227 529 10341 299 14302 2687 399 1709
201 61289 199 61211 113 1825 505 35557 21023 983 20809 2566 184 4116 61228 40 113 2391 1166 5249 4180 4404 15894 970 61273 3958 61207 61223 505 5 5249 2391 1316 324 4175 1316 324 4175 505 5 5249 2391 156 348 227 968 1166 5249 4180 15146 1166 7608 270 1316 324 4175 61223 1316 225 2018 968 9372 881 1311 1825 19615 61228 61225 110 110 61216 201
201 34646 52506 1918 9372 881 1337 61223 1064 273 309 9372 5249 827 258 9312 258 425 18038 258 614 950 19615 3598 278 147 424 20215 278 147 424 647 61287
201 61298 61215 5249 4180 4404 31910 41502 2069 27909 881 1311 299 439 31 6805 61277 1311 1825 61287 27170 30 581 15146 27375 970 61214 201 124 5249 4180 4404 61287 4309 1166 5249 2069 303 5 3668 37575 1888 15126 529 1064 2688 61212 2798 42 2688 61212 2798 28 3730 1263 61277 143 2391 20 6805 61277 143 1179 28 3730 303 10117 3668 37575 42 6805 61277 871 798
201 10719 225 6014 516 369 61217 61226 3537 61228 61211 4180 4404 61228 61211 970 61217 61226 6286 61228 61210 225 6014 61228 61211 4180 4404 2636 143 751 303 5 3668 37575 537 42203 44467 439 1166 61228 61208 1229 38984 61228 61210 143 14761 61223 29 29397 2643 61211 2391 31 20794 2391 258 425 13870 19 7604 22383 143 227 1179 9372 5249 4180 1825 303 5 3668 37575 7624 1775 21743 301 46 9312 7843 1775 21743 301 10923 14757 46936 19615 61233 85 19 439 798
6630 710 59157 19615 61233 47432 4404 537 5 32306 13708 529 149 61228 61245 8787 3494 40644 212 32304 113 7604 1195 31581 2643 61211 2391 24648 61228 61274 50556 61260 140 11701 61228 27040 61247 172 19 29627 7604 61216
201 61289 9386 1280 61223 1523 75 75 1825 2984 19521 113 1825 2984 29397 1064 4726 1064 4726 1064 4726 3026 273 145 75 529 46125 156 225 88 418 61228 369 61217 61226 6286 61228 369 61217 61226 6286 61216 201
3116 5249 4180 4404 154 61228 61267 35 4774 5652 154 61228 61251 2136 28637 2519 61211 26143 45 5249 4180 4404 2373 61228 61245 8787 3494 40644 1316 225 61226 225 968 61216
27131 4726 115 61228 850 61206 61228 61233 348 22568 8 642 60916 48286 537 5 61233 7590 1369 5832 418 61236
201 10719 47432 4404 14550 41502 2069 37791 13896 7110 41502 2069 58859 47432 4404 93 124 61212 1028 1064 6528 5328 1064 35 43558 1136 61265 505 143 227 968 20629 61233 47432 4404 1316 188 301 155 61277 819 61214 362 36159 7604 61282 815 2574 61339 61309 278 147 2881 61214 61223 500 41734 278 147 2881 61214 61223 1676 11980 61312 6011 199 827 61223 29 29397 28 3730 31952 24964 798
34646 1166 61228 27040 61247 91 4345 61204 505 47432 4404 1316 145 439 1316 36 860 505 47432 4404 61223 7186 4049 2694 7334 113 15146 61216 201
201 61298 61215 273 2080 27 5249 1708 529 1166 61228 8945 8524 155 61228 6156 576 61220 1219 172 348 27126 30 1825 2984 29397 115 61228 61245 8787 3494 40644 7624 581 10007 30902 27909 61222 4383 529 505 232 1028 21023 581 10007 30902 61223 48380 115 61228 61298 61216 61239 61216 61245 8787 3494 40644 258 273 348 273 968 19615 61233 232 2430 1369 1316 14757 22563 19615 61233 232 2430 1369 156 696 1028 5878 273 348 273 968 1166 838 1166 838 1166 838 1166 838 1166 838 1166 838 1166 838 1166 838 1166 838 115 881 83 968 1166 61228 83 6 61216
201 61298 61215 14757 46936 154 61228 6241 61350 2373 61233 145 528 2391 1316 188 756 3901 30010 1316 14757 124 23676 529 1064 74 14757 46936 66 881 50 19 7604 61223 4309 303 14757 46936 42 696 1028 27370 1197 1119 9629 61218 273 1708 61216 201
1084 61233 225 225 3977 1316 196 44056 61233 7604 1316 196 44056 61233 7604 115 61228 61205 41 881 3426 1316 221 845 113 529 1166 22181 653 61213 4116 42 6805 43212 1825 1316 232 61211 113 18848 1316 232 2430 1369 1316 232 2430 1369 61228 61218 3824 529 1316 225 225 225 7604 1316 225 36 10007 30902 61216
201 61298 61215 76 61217 273 1597 537 221 18274 273 529 10341 529 5249 170 439 93 19 348 61216 115 61228 61246 39 605 61220 605 769 278 127 22988 418 2373 61228 18682 61228 5019 7624 41502 2069 278 127 858 61228 59 127 858 61228 59 127 858 278 147 2881 61214 258 1197 12 1597 529 115 61228 61245 8787 3494 40644 9372 5249 4180 1825 115 61228 61245 8787 3494 40644 91 298 3965 278 7334 85 39 301 537 221 124 959 2984 845 1311 227 439 798
90 1574 90 18805 90 18805 90 1574 90 18805 61223 91 348 27126 30 1597 8 6805 5249 4180 1825 91 348 27126 30 1597 8 751 61277 113 529 1064 24 348 27126 30 1597 149 61228 61251 18805 61228 61267 133 147 424 126 59 147 2881 61214 126 59 10007 30902 126 59 61221 14302 4857 61216 201
32 61228 61245 223 12 8006 110 115 61228 61251 41 3744 93 61208 3730 1064 4116 91 61206 61228 61259 428 61226 428 607 537 9715 61277 455 439 28 3730 91 14351 2688 1597 149 61228 970 439 61265 46 9312 155 61228 61267 264 1359 22 19 93 61208 3730 115 61228 61267 264 1359 22 19 42 6805 61277 455 439 28 3730 91 348 83 4015 149 61228 2262 61220 83 4015 61265
