61202 0 62984 62311 63184 62749 63746 61969 62544 0 62984 62311 61749 61309 183 62678 62910 63886 0 62205 63519 62816 0 61969 62544 61202 63681 61977 0 61969 62877 63735 0 62627 62234 61974 0 61749 62877 63735 61223 62392 62408 61974 61312 0 63410 62629 61969 61749 62877 63735 61785 61202 0 62984 62311 0 62984 62311 0 62984 62311 61749 0 62984 62311 0 62984 62430 62791 61749 62877 63735 61785
1003 62103 0 63377 62855 62959 62076 62398 62311 62205 62560 62238 62811 62627 62767 61749 63377 62855 61223 61202 0 62408 0 63429 0 63429 62205 0 63429 0 62205 0 63429 0 62776 61749 0 63429 61223 0 61223 62788 61931 0 62418 0 61749 61223 0 63429 0 61993 0 63429 0 61993 0 63429 0 61993 0 63429 0 63429 61993 0 63429 0 61993 0 63429 0 63429 61993 0 63429 62205 0 61223 31807 61931 0 63429 0 63429 63281 62562 0 61579 61785 61579
1003 651 61312 62316 61301 62662 61301 62380 61223 37268 0 62627 61974 0 62205 62850 62303 61749 62323 61977 0 61749 0 62933 63831 62205 62850 62303 61785 61579
61202 22268 0 63394 0 61202 0 62076 0 62558 0 61749 0 61202 0
61202 0 62705 62892 62527 0 62865 62850 62303 61749 63640 0 61749 62819 63939 61223 63473 0 63309 63028 63333 0 61749 0 61223 61202 0 63276 31447 0 62950 62159 61223 63473 62627 62234 62850 62303 61749 63640 0 61223 63473 0 63309 0 63009 62364 0 61749 62850 62303 61749 63640 0 61785
61202 0 62984 62311 61749 61274 11701 61749 0 63395 63092 63083 62863 62205 0 62737 63279 63083 62863 63131 0 63138 0 61223 62392 0 63686 62364 651 5812 183 0 63202 63075 63681 0 35924 0 63737 0 61785
61202 0 62523 61980 0 63572 62515 0 62850 62303 61202 0 62716 62075 63892 62258 62850 63849 62849 61749 62850 0 62983 62030 61785 61202 63091 0 62850 63849 61749 0 62893 0 62705 0 62910 62484 62408 0 62850 63849 62737 0 62518 61202 48657 0 62705 63548 62824 60482 61749 62850 62303 62661 62712 62364 62850 63849 61202 62880 62075 62850 63849 61749 62737 0 61749 0 61785 61202 0 62850 63849 61749 62850 62303 0 61749 0 61785
1003 0 63548 62521 61223 0 62801 61980 0 62480 62629 0 62076 63249 62076 62394 62558 61223 61202 48657 60482 62555 62430 61749 62591 62629 62555 62430 62661 63026 62737 0 61974 61223 62392 0 63086 62103 63240 0 63429 61749 0 61785 61579
1003 62076 63709 62629 35924 62398 61223 0 62628 0 63279 63691 0 63083 62863 61974 61223 63473 0 62364 63310 62518 0 63779 0 63779 61749 0 61223 63148 62075 62983 62030 63026 0 62480 62364 0 61749 0 61223 63201 62794 0 61993 0 61993 0 61993 63281 62819 63939 62843 61749 0 61785 61579
26351 62103 61977 0 62398 62449 0 62480 61749 31807 61931 0 62381 0 61749 62877 63490 0 61749 0 61785
1003 63548 62824 22268 61969 62816 62552 62794 0 63685 62850 0 53893 61282 61202 62695 63177 0 63646 63548 62824 62850 62303 62076 62878 63009 63316 62523 61749 0 63281 0 62394 62126 61749 0 62030 61223 61202 62413 0 62480 0 63685 62850 0 53893 61223 34361 61931 62880 62075 21929 62677 61749 0 61223 62413 0 62480 62364 0 62850 0 61749 0 61785 61579 61202 0 62984 62430 62518 63766 62850 62303 0 61749 0 62205 0 62850 62303 63083 62863 61785 61579
201 0 62159 56662 63782 62521 61223 61202 62801 62827 61872 0 62076 0 62398 0 61749 0 61287 201 0 61287
1003 61969 63082 63797 62030 0 61974 0 62831 56662 62430 62518 61223 63276 63276 63276 0 61980 0 62527 0 61223 62484 62408 0 63703 62976 61980 0 62571 61749 0 61749 0 62430 62518 61579 61785 61575 0 62984 62430 62518 61223 0 62984 62430 62518 62205 0 61749 0 61785 61579
1003 651 61301 62316 61301 62662 5756 62380 61223 60482 63554 62380 62811 63356 62850 63849 62627 62767 63026 0 61974 0 63554 62380 62811 63356 62947 63279 61223 0 62205 62823 63566 62661 63026 62737 0 61974 61223 63473 0 62968 63922 63026 0 61974 63333 63570 0 62234 0 62234 62394 0 61785 61575
1003 0 62796 62449 63460 61749 651 61311 62316 61254 61249 61251 61249 62868 62947 63279 61749 0 61223 61251 20571 29184 62738 62408 0 62940 62947 63279 61749 60286 62587 62290 61785 61579 61202 0 61282 61575 0 62984 62311 61749 0 62205 0 62984 62430 62791 61749 0 61785 61579
1003 0 63184 62205 0 63005 62076 0 62258 62802 62311 62661 63026 0 63276 0 62712 0 62759 61202 63112 62850 62303 0 62205 63249 63837 0 63615 62527 61749 0 62759 61785 61575
73 8787 3494 40644 61749 0 63429 0 62627 62303 61974 61785
1003 0 63074 62849 61223 63802 63851 0 63501 62076 0 61749 62824 63877 63279 63691 61223 62392 63548 62521 61969 63184 61749 62380 0 62392 62710 62739 61749 62430 63504 61785 61202 62688 61931 62738 0 61785 61579
201 0 63444 0 61931 63282 0 61223 61202 63091 0 61977 0 61287
16621 29184 0 63482 0 62716 0 61749 62484 62527 61202 62915 62170 0 62515 62103 63240 0 63281 0 61749 0 61749 0 61785
61202 63227 62976 62076 62394 62558 61749 0 63782 63967 61202 63473 0 63482 0 62933 63831 63020 0 61282 61202 0 62623 62515 62394 62850 62303 62205 62850 62303 61749 63782 63967 61785 61202 0 63844 0 62933 63831 61785
1003 61977 62258 62677 63395 63092 61223 62627 62303 61325 62258 61245 8787 3494 40644 61749 63333 63570 61223 22268 62627 62767 61239 19832 61228 61245 8787 40644 61202 0 62076 0 62968 63922 63281 0 62843 0 62398 61749 0 62868 61223 62788 0 63429 0 63822 0 62076 0 63592 0 62299 61223 63597 0 61974 63313 62258 62968 63922 61749 61229 61218 61246 61202 61785 61575
61202 0 61202 0 61202 0 61202 0 61202 0 61202 0 61202 0 61202 0
61202 62629 62877 61749 61283 61260 61202 62205 63310 62518 0 61749 0 63487 0 62413 63378 62560 62364 61223 62075 62737 60286 61749 63083 62863 62877 63735 29184 0 62648 0 62868 0 61785
61202 63026 0 61974 0 62515 63313 62258 0 62843 61749 0 62872 61785
1003 651 61309 62316 61301 62662 61309 62380 61223 62238 62629 62877 62850 62303 63294 63009 61974 61245 8787 3494 40644 61749 0 63588 63361 61749 0 63646 61223 62076 62878 62398 62311 61256 9656 63410 62678 62850 62303 63026 0 61974 61223 0 61974 62380 62574 62205 0 61249 2666 61309 63410 43210 62205 0 61249 2340 61309 63410 43210 61785 61579
1003 0 62075 0 63429 0 61749 0 63429 0 62126 62478 63310 0 62776 61749 61969 0 61223 61202 0 63243 0 62075 62629 62940 0 61749 0 62893 61785 61579
61202 62902 27094 62458 0 63091 62076 0 62299 62297 61202 62801 62827 62998 61872 63045 63395 63092 61749 0 62338 26351 62401 62558 61872 63026 0 62364 61749 62555 62430 61785
61202 0 63394 0 61749 0 61202 0 62512 0 62076 0 62558 61749 0 62691 61202 63281 0 61749 0 62691 61202 0 62076 0 62558 0 63394 61749 0 61223 61202 62408 61974 63237 62364 0 62742 0 61749 0 61785
1003 63823 0 61931 0 63016 61749 63730 0 62691 61223 62788 16712 61980 62176 63730 61974 62664 62757 61749 61223 43745 62392 62103 42043 62710 62739 61749 2811 62290 0 61202 0 27094 62458 0 61223 61202 63548 62824 0 60482 61749 0 62587 62290 62627 62767 63282 61223 61202 63473 42043 62955 61977 0 61977 62290 0 61223 61202 62408 61974 0 63823 0 63315 62494 0 61785 61579
1003 62076 63709 62629 35924 62661 63026 62737 0 63281 62523 62075 62591 62940 63481 62865 61223 61202 0 63553 61223 62205 0 62552 0 61749 63474 0 61223 61202 62982 61931 0 61749 0 62205 0 62648 0 61749 62555 62430 61749 0 61785 61579
1003 62076 0 62075 63313 63240 0 61749 0 93 9164 61207 61314 61265 61749 0 61223 13125 63240 0 63275 62589 0 61749 0 61202 63253 0 62299 0 61749 0 61202 0 62364 0 62205 62627 62767 61749 0 62627 62303 0 63429 61749 0 61785 61579
1003 61239 19832 61228 23419 61314 3598 61749 29829 61931 61245 8787 3494 40644 61266 61245 21 27710 110 778 61311 0 63429 61265 61749 63420 63015 61223 34192 61311 62316 8702 62662 651 61311 62316 8702 62662 62323 61977 62774 0 62480 62364 61749 0 63429 0 61223 62076 61259 11093 61223 0 63690 0 61223 62398 62311 61785 61579
1003 0 62794 0 61977 62258 35924 61223 62075 61249 9612 61332 62678 61309 1686 61301 60513 9360 63009 62364 61245 8787 3494 40644 61749 63429 61969 63519 63026 0 62076 63536 63624 0 61223 61202 63026 62650 0 62364 61223 0 63310 62877 61969 0 63009 62364 0 61977 63240 0 62303 0 63588 63361 61785 61579
1003 62238 62629 62877 62928 0 62983 61266 61251 5340 61265 0 62997 62448 61974 0 62205 63227 62976 0 61223 31807 61931 48657 0 62075 61980 62418 0 61749 63619 0 63281 61931 48657 62982 44709 61980 0 62076 0 61749 0 61223 62796 62076 62323 62897 61228 18682 0 62449 63460 61749 62323 62897 63025 63125 0 62398 62449 62874 63460 61749 0 61749 0 61785 61579 61202 0 62984 62430 62791 61749 0 61785 61579
1003 63469 63240 62430 62518 63131 63511 0 62076 62615 62297 61749 0 62205 0 63429 61749 0 62205 0 62827 0 61749 63279 63691 61223 63473 0 62512 62738 63372 62258 62587 62290 61282 6172 61202 62824 63877 0 63009 0 61749 0 61339 8342 61202 0 63429 0 61339 11727 61202 0 62776 0 61339 15291 61202 0 63429 61749 0 61339 15291 61202 0 63429 0 61339 62205 24388 61202 0 61749 0 61785 61579
61202 0 63253 63110 62960 63010 0 62364 62555 62430 61749 0 62983 0 61202 0 63026 0 63281 63026 63315 62494 62737 62076 63709 62629 62555 62430 62791 61223 63015 0 62381 61749 42043 63281 0 63758 0 62075 62737 63279 61749 0 61785
1003 62075 62737 0 63429 0 63281 0 63429 63588 63361 61749 61980 62627 62767 61749 0 63779 62205 45684 63355 0 61749 63619 0 62776 0 61749 0 62855 61266 0 61931 0 62205 0 63429 0 61265 0 62794 61335 1442 61256 61969 61266 2804 61332 9360 61749 0 63429 61969 61266 62874 3236 61785 61579
201 34361 22268 45684 63459 62518 61223 31447 63045 63395 63092 61202 63473 0 62480 62364 62827 0 63222 63594 61202 46428 62555 62430 61749 63588 63361 61202 63406 62558 61872 62448 63406 62558 61785 61287
201 62076 61229 283 4295 61223 62076 0 62984 61223 61245 1896 168 62238 62850 62303 62850 62303 61202 62527 61974 61312 63410 43210 63681 63912 0 62076 61237 1229 18435 0 61785 61287
1003 0 63294 62364 0 61749 62555 62430 61202 29184 0 62794 62827 62791 62950 62648 61749 63011 62984 61223 59772 34361 0 62076 0 61977 62831 35924 62827 61749 62555 62430 0 62827 61223 61202 63473 61980 0 63709 61786 62476 62205 63802 63851 63481 63906 62865 61785 61579
61202 0 62831 61969 63026 0 61974 62555 62430 61749 62737 0 61785
61202 0 63935 61931 0 61749 62567 62238 61749 62555 62430 61202 63009 62364 0 63429 61749 0 63429 61969 63208 61749 62567 62238 61749 62555 62430 61785
1003 0 62877 61223 16584 7057 0 63429 0 61749 63198 62955 61749 0 62893 8794 41734 0 62205 5602 0 63281 0 62629 61749 62316 0 61969 62544 61223 61202 63473 0 62940 62877 63490 62408 61242 13520 0 62205 11266 4497 0 62316 61749 63295 62316 61969 61266 0 61325 52 2351 61265 61785 61579 61202 0 62984 62311 61969 62544 61749 0 62408 61249 7178 61350 0 61749 0 61785
1003 62478 0 61969 62114 0 62942 0 62205 62878 0 61749 0 62303 0 63733 62661 62548 62364 63000 63081 63619 0 61202 63473 63096 63032 0 63086 61202 63980 62795 63619 0 61749 0 62159 61223 61202 63101 0 63110 0 61749 0 62159 61223 61202 0 62555 63413 0 61223 63473 0 62238 0 62555 63413 61223 61786 62476 61223 61786 62688 61931 63000 63081 0 61749 62555 63413 61785 61579
1003 0 62801 62075 62629 62940 62959 61245 8787 3494 40644 61202 29184 63355 0 61223 62627 62767 61749 62877 63735 63168 62521 61223 62982 62075 62705 63779 62205 0 62552 0 63202 0 62831 62316 61749 0 61223 61202 63473 22268 62413 62705 0 62552 61239 19832 62205 61246 16486 61223 62788 62982 63202 62982 62114 63343 63620 63926 0 61785 61579
1003 62076 651 61325 62316 61223 651 61325 62316 62960 63010 61223 4238 61325 62316 61749 0 63128 62877 63735 63026 63532 63394 61974 62076 0 62940 62877 63860 61223 0 63128 63842 0 61749 63885 63522 0 63615 62527 0 62408 62323 63125 0 61749 62738 0 63860 62408 61256 682 0 43210 61266 62076 651 61301 62316 0 43210 769 0 62853 0 62853 61749 63582 62316 0 63860 62408 2949 27407 61785 61579
1003 62323 61977 62774 61223 62103 61977 0 62877 63735 61223 63473 0 63343 62928 0 61931 0 62480 61980 62418 0 61749 62877 63735 61223 61202 62959 0 62303 0 61749 0 62961 63779 63597 0 63256 0 63016 0 62853 61749 0 62205 0 62940 62877 63735 61223 42043 0 62712 0 61749 0 62628 0 61339 13125 61977 62449 62627 62767 62400 63101 0 62853 61749 62380 62960 62627 62303 61749 61977 62739 61785 61579
1003 62103 63240 62430 62518 62515 62099 0 63460 61223 62982 62076 10001 22621 1681 61749 62824 63877 62749 63746 0 61749 0 61223 0 62986 0 61749 61283 61260 0 62205 0 63390 63090 0 57420 0 62627 0 61749 62663 63251 62205 45684 63588 63361 61223 62076 63406 62558 61223 0 62796 0 62868 0 62205 42043 0 62478 0 63138 62893 61749 0 63138 62893 0 62795 62480 62738 0 61785 61579
1003 5193 60310 21805 102 39163 61202 45301 63180 61245 8787 3494 40644 63182 62075 62737 62850 62303 61749 62877 63735 61223 0 62512 62850 62303 62076 63224 62574 62850 63624 61223 0 62381 0 61993 62910 62955 62850 63849 61223 61470 1423 34363 62316 61242 63341 61301 62380 3350 62392 63256 62910 62955 62850 63849 61470 1423 34363 62316 61309 0 63341 61332 62316 61468 61785 61579
1003 63395 62338 0 63395 62338 0 61749 0 62627 62874 63460 0 61980 63548 62521 61749 63395 62338 61785 61202 0 61749 0 63597 0 63313 62258 0 61749 0 63733 0 61266 61246 61265 61993 0 61266 61247 61265 62205 0 61266 61239 61265 0 61749 0 61785 61579
1003 62238 62629 62877 61969 62661 62813 61974 62591 62629 29427 61223 62813 61980 42043 61749 29427 61223 63148 0 61977 62831 61969 62661 63315 62494 62737 0 61974 62915 63090 61785 61579
43745 62075 63026 62480 62364 61749 0 62661 63026 0 63394 61974 0 62205 61245 8787 3494 1804 61311 61785
1003 62076 62401 62558 61749 63851 63235 0 61223 61239 19832 1571 27710 110 62205 61245 21 27710 110 0 61749 0 61223 61202 0 63086 61239 19832 61749 61245 21 27710 110 0 63851 62738 63110 62960 61749 0 62338 61785 61575
61202 0
500 2906 61202 63618 62960 61931 61223 62515 39981 63243 62545 62430 62791 62075 62737 61749 0 62238 61749 62484 62527 63131 63131 62103 61977 0 62738 0 61223 63202 62076 0 61977 0 29427 35924 62449 0 62480 61749 0 62811 61785
1003 62567 62240 61749 61931 61223 0 62381 62850 63849 62850 62303 0 63999 61980 63096 63032 0 62552 2811 62290 0 61223 59772 0 16712 61980 0 62552 5850 62290 0 61749 62910 63886 62850 62303 61749 0 62850 62303 61785 61579 61202 63473 61980 63096 63032 0 62552 2811 62290 0 61785 61579
1003 61309 2811 7057 62678 62850 62303 62205 62878 62394 0 61749 62877 63779 62661 62413 0 63009 62364 0 63183 61980 63548 62521 61223 63201 62794 0 62737 0 61785 61202 62850 63849 61749 0 63128 63842 61931 0 63091 0 61749 0 62205 0 62076 62802 62311 61749 63183 62691 0 63999 61749 0 61785 61575 61575
1003 0 62075 61245 8787 3494 1804 61311 0 62776 61749 0 62776 61749 0 62303 61969 62544 61223 0 62512 0 61993 0 61993 63281 0 63885 0 61223 63096 62571 0 63016 62737 63378 0 62878 0 63429 0 61749 0 63429 61749 0 61785 61579 61202 63096 62571 0 62515 62878 0 62303 61749 0 63429 0 61749 0 61785 61579
1003 62615 62297 61223 0 61749 0 61749 0 63460 0 61202 0 62512 62710 0 61749 0 63309 61749 63875 63504 61785 61575
61202 62476 62623 62394 62850 0 62983 63783 61749 63110 62893 61202 63676 63735 0 63138 62850 0 62413 62705 61282 61202 62824 62690 63043 62737 61749 57104 62959 62850 62303 63243 62545 0 62205 0 62413 62705 61202 62392 0 63030 0 62076 0 62850 63849 61749 0 62850 62303 63083 62863 61785 61202 62824 63589 61977 0 61749 57104 61785
1003 62076 62695 63177 63227 62976 0 63281 0 61223 62075 62940 62292 0 61749 61931 45053 61993 63619 0 61993 0 63862 62484 61993 0 62205 0 61749 61251 5340 62515 61969 0 61749 0 61785 61579 61202 61785
16621 29184 63227 62976 21929 0 63277 63624 61223 62392 0 62627 0 62555 63413 61749 0 62205 0 63487 0 61749 63405 63096 62983 63783 46428 62878 62928 0 62205 0 61749 0 62205 0 62691 0 61749 62816 63932 61785 16621 29184 63227 62976 21929 0 62555 63413 61749 0 62205 0 63487 0 61785
1003 62323 63125 0 61749 63395 63092 61931 21929 0 62238 61749 61223 61980 62418 0 61749 0 63394 0 61749 45053 62205 0 62484 62527 61202 0 62238 61969 0 63429 61749 61245 8787 3494 40644 61969 61785 61579
1003 60482 35924 62661 0 62408 0 61977 61969 61223 63148 0 62076 62802 62311 61993 63046 0 61993 62560 62238 62811 61993 63398 62311 61993 62518 62311 61993 62398 62311 61993 0 61993 0 62205 62802 62311 57420 61749 62910 0 62877 63490 61785 61579 61785
201 62484 62408 0 63016 61749 62430 63504 62548 62364 62103 61977 0 63092 61223 36089 62517 62364 61872 62205 27094 0 61969 62205 63313 62258 0 62458 61202 62998 31447 63294 0 61785 61287
61202 0 62303 49089 62205 0 62075 0 61749 0 62303 0 62517 61749 0 61969 62114 61202 0 61974 21929 63000 63081 0 61749 0 62517 62518 61202 0 63636 62512 0 62562 0 61785
201 62103 63240 63429 61931 0 61749 0 61223 61202 62710 62739 61749 0 63240 61223 61202 63597 0 61239 19832 61993 61246 16486 61223 61202 62205 0 63429 0 61749 0 63240 61785 61287
61202 63015 63375 0 63429 61749 0 62776 62418 0 62480 62364 0 61749 0 61266 61234 211 1592 163 289 61265 0 61785
1003 56662 0 62303 63588 63361 61749 62877 63779 0 62076 62802 62311 61282 63676 63735 651 61332 62316 61749 0 63128 62877 63735 61223 62076 62802 62311 63295 62316 61969 63074 63010 62449 0 61749 0 63429 0 61749 0 62853 62408 4238 1055 19288 63148 0 62853 0 62802 62311 0 63343 62757 61749 60482 0 63429 0 61749 0 61266 61980 63597 0 63310 0 61977 63240 0 63429 0 61265 62076 651 61335 62316 61223 0 62408 61249 2244 54539 61785 61579
500 2340 51183 62877 61969 63009 62364 61245 8787 3494 40644 0 61749 0 62316 0 61228 61940 644 62316 0 61223 63026 0 62408 62099 63026 63481 62364 63536 63624 14149 8372 61202 63281 63026 0 62648 62076 2613 61298 61266 0 61265 61749 0 61266 0 63429 0 61265 61785
1003 63776 62796 61223 63709 62629 62877 62823 63566 61980 0 63253 62398 62311 61749 0 63737 0 62448 61974 62802 62311 61266 0 63016 62392 0 63086 0 63258 63782 63967 62205 0 63551 0 62076 63237 62234 0 61749 0 61265 61785 61579 61266 0 61265 61202 0 62984 62430 62518 63766 0 61749 0 62205 0 61749 0 62705 61785 61579
1003 63676 63735 61245 8787 3494 1804 3137 12613 61247 62205 20071 61283 61260 140 11701 0 63709 61974 0 62950 62159 0 61223 62392 0 63086 63180 61245 8787 3494 40644 61579 61749 0 62627 0 61223 63148 62103 61977 62371 62521 63273 62902 62878 63224 0 62484 62408 0 62484 62527 61785 61579 61202 62392 63256 62103 61977 62958 62371 62521 63273 62892 62527 62794 0 61749 0 63646 61785 61579
61202 63180 62928 0 63235 0 63182 61266 61245 8787 3494 40644 3080 63180 0 62238 0 62371 62521 63273 63182 61202 0 62527 63180 63671 0 62238 62850 0 63182 0 62205 0 63277 62398 62637 62392 63256 63897 62311 62823 63351 0 62303 0 62933 63831 0 62823 62984 63182 61785
1003 0 62738 62855 62959 62878 62394 63997 0 62480 62591 0 62961 61223 0 63822 61974 0 62933 63831 61993 0 63235 0 61993 0 62940 0 62968 63922 61749 63030 0 61993 62392 63256 62076 0 62968 63922 61749 0 63615 62527 61749 63774 0 61223 63473 0 62076 62850 63849 62737 0 62398 0 61223 3920 60310 0 62950 62159 62394 0 62205 62695 0 61749 0 63020 0 62205 0 62850 63849 62205 62928 0 62850 62303 62413 62892 62527 62794 0 63110 62960 62850 62303 61749 0 62205 0 62933 63831 61749 0 61339 61202 0 62950 62159 62408 0 62933 63831 61749 0 62205 0 62933 63831 61749 0 61339 61575
61202 63032 63011 63776 0 62408 0 63969 62853 0 62811 63202 63356 61969 63184 0 62303 61749 0 62303 61785
1003 0 62801 61223 62076 651 61301 62316 61309 62662 8702 62380 61223 62627 62767 62103 61977 0 63280 0 63253 62823 63351 0 62126 62364 62518 62311 61749 0 61977 0 61223 63473 63201 62518 62311 55990 62124 63090 62205 0 62303 62587 63548 63355 61785 61579
201 61299 20372 0 61749 0 63026 0 61974 61223 61202 62710 62739 62688 61931 0 61977 0 61749 61251 15682 62323 63125 0 63074 63010 61749 61239 94 61209 5868 40826 62205 16661 56475 20404 22574 61749 0 63202 0 61785 61287
1003 63084 62364 0 62627 62767 0 61223 0 62678 61969 62892 62527 61974 62398 62311 62629 62877 0 61749 0 62691 63227 0 61223 62076 61249 62662 651 2811 62316 61249 62662 61223 62392 0 62627 0 61749 0 62691 0 61579 61785 61579
1003 651 61312 62316 61301 62662 19115 62380 61223 3396 61350 0 62076 63940 62555 62299 61749 62850 62303 0 63294 63009 62364 0 62737 0 61223 61202 62959 0 62258 62555 63413 61249 11498 62316 61749 62737 0 62205 6542 0 62555 63413 62737 0 61223 0 61974 61332 3396 63410 43210 61749 62968 63922 62205 62928 61969 61785 61579
1003 62982 62114 63026 0 62521 0 62076 61239 61251 1955 2456 40861 62928 61749 0 63138 62893 62398 63026 0 62648 61223 62796 62982 62114 62627 62767 61223 61202 0 63709 0 62075 62737 61749 62877 63735 0 61266 61239 74 13167 103 324 61206 61216 15970 61785 61579
1003 0 63310 63227 63703 61749 0 61223 63776 62796 61223 62982 57420 0 62853 61749 0 62484 62527 61223 61202 45301 57420 0 61749 61274 8131 61228 60572 61 140 8131 10687 976 425 29427 61785 61202 63201 0 62512 62484 61749 21929 60286 62124 62745 61931 63138 63822 0 61749 0 61785 61579 61202 0 61785 61202 0 61749 0 61785 61575
1003 63492 61974 62449 63242 61749 0 63394 61223 62392 0 62950 62648 0 63281 0 62205 62928 0 61749 0 61749 0 61223 61202 0 61969 62114 62782 63899 63030 0 61223 62915 62170 0 63110 62960 61749 63619 0 63281 0 61749 63619 0 61223 63597 0 62392 62297 63519 0 63394 61749 63279 63691 61749 63377 62855 61266 0 62303 61223 62961 62928 0 61993 0 62843 0 61223 62878 62398 61265 61785 61579
61202 0 62940 0 62480 62364 0 63709 61749 0 61223 61202 0 62515 61245 8787 3494 40644 0 61749 0 63240 0 61749 62915 62170 63145 0 61749 0 61785 61202 0 62801 61931 62076 0 61749 0 61785
1003 0 62801 61223 0 62801 62075 45684 35924 61969 63184 61749 0 62893 63026 0 63009 62364 0 63837 63010 61749 0 63390 61223 61202 63473 0 62878 62982 61749 0 62311 61749 0 61223 61202 0 63184 0 62961 61969 61223 63026 0 62076 62878 63837 62338 62398 61223 61202 63253 62126 22268 63026 0 62364 62555 62430 62749 61969 62544 61785 61575
72 16486 61228 23419 61314 0 62794 61969 0 62126 62478 0 63340 61223 62392 0 61749 0 61785
1003 62076 0 63935 62947 0 62398 61223 63180 61245 8787 3494 40644 62868 62823 62984 63182 61749 63548 62521 61749 63588 63361 62076 63026 0 62480 62364 63074 62827 62076 5316 62677 62628 63074 63010 0 61785 61579
1003 62959 62103 63240 46153 62075 62737 61749 63222 63594 62880 62075 61335 1442 61256 61969 61266 2804 61332 9360 61749 8702 61256 11549 61301 61969 62449 0 62794 15538 61245 62449 0 61749 46153 62398 0 62480 62364 61785 61579
1003 0 63110 62960 61969 63184 61749 63377 62855 62103 61931 0 62623 63548 61223 62788 62075 0 61749 0 61931 61223 0 61980 0 62413 63315 62494 0 62484 62527 62794 45684 0 63429 0 61749 0 63429 61785 61579 61202 0 61931 0 61749 0 61785 61579
1003 0 62801 61223 62615 62297 16712 61980 63548 62521 61223 62103 61977 0 62893 62515 0 57420 61974 0 62571 62555 63243 63138 61749 0 62705 61749 0 63572 61749 62877 63735 61223 61202 63281 0 62801 61980 0 62076 0 62512 16712 61749 63683 63812 61749 42043 61785 61579 93 0 61265 61202 0 61931 0 61749 0 61749 0 61785 61579
61202 63310 63227 0 61749 63198 62955 0 62512 62484 62408 0 63822 62738 62629 62877 0 61749 0 63405 0 63235 0 61266 13192 61245 61265 61202 0 63429 0 61785
1003 0 62961 61749 63782 63967 62205 0 62878 61931 0 61749 0 62159 62159 62408 61223 62788 0 62629 62877 35924 62661 61980 62527 61974 61977 0 62950 62648 61749 63313 62258 0 61785 61579 61202 0 61931 0 61749 0 61785 61579
1003 0 61977 62587 62290 56662 63125 62258 0 61266 2335 24326 2335 61301 2815 61325 46607 62982 62075 21929 0 61749 0 62893 63281 63619 0 61749 0 61785 61579 61202 62982 62075 21929 0 61749 0 61749 0 62893 63281 63619 0 61749 0 61785 61579
1003 16712 61749 0 63733 61266 62824 63877 62555 63413 61265 62615 62297 22268 63802 63851 61223 59772 0 31807 61931 63599 62865 0 62853 0 61749 62555 62430 61749 62555 62430 61223 61202 63202 63343 62629 61749 0 63429 0 61785 61579 93 0 61265 1003 16712 61749 62555 62430 62791 0 61980 63851 61974 61785 61579
61202 0 63075 0 63075 0 63202 62802 62311 61749 63075 0 63235 0 63202 0 62627 62303 0 61785
1003 63676 63735 61245 1896 168 61749 53523 61202 62824 62690 62394 62850 62303 62076 0 63080 0 63074 62827 61202 63473 0 62552 0 62870 0 63020 62893 61749 0 63020 62893 61223 0 63202 63356 61749 61246 3325 0 62408 61575 0 63016 0 62205 63809 0 61749 62947 0 56504 61715 63131 62030 62548 62364 63015 61245 1896 168 62238 62850 0 62737 0 61749 0 61749 0 62855 61579 61785 61579
201 62902 62099 0 62076 62827 62791 0 63249 61223 61202 63091 0 61223 61202 62801 62827 62902 27094 62458 0 61785 61287
1003 0 61749 63777 62124 61266 61286 61300 61251 4776 61202 0 61266 61286 61300 61251 4776 34361 61872 62476 61931 61749 61223 0 62893 61579
5612 62413 0 62480 63343 0 63687 61202 63202 0 61749 0 61202 0 61202 0 63281 0 62712 62555 0 61202 63015 0 62205 0 61749 63782 63967 61202 48657 61786 0 62480 62364 61749 63782 62521
13125 63131 0 63482 0 62648 62103 61977 0 61749 0 62776 61749 0 62776 61228 0 62776 0 61749 61274 8131 61202 0 62364 63043 62710 61749 0 61749 0 62776 61228 0 61749 61246 61274 8131 61210 61785
1003 651 61312 62316 61301 62662 12573 62380 61223 9812 62258 35924 62947 63279 0 63309 63281 62695 63177 0 62737 0 61223 62076 0 62984 62311 61301 61311 62258 0 62398 35924 62205 8364 62258 63000 62823 62695 0 62555 63413 61749 63469 62311 63636 62030 61785 61579
500 2815 61202 0 62984 62311 63184 62749 63631 63732 61749 61274 11701 0 61969 62544 62076 62494 62316 61749 0 63277 0 62398 61223 62695 63177 63980 62795 0 63429 0 61223 0 63460 61271 13192 61229 61749 0 62776 61749 0 61785
3772 62030 63402 63844 0 61749
1003 62323 63125 61223 63201 62794 62076 40041 39528 63074 63010 61749 63709 62629 62555 62430 62791 61749 0 63651 63394 61749 0 61223 62103 61977 62735 63343 62928 0 62794 0 62515 0 61749 0 62776 61749 46153 61223 63473 62627 62767 61749 31807 63851 63235 62400 63101 0 61749 0 63394 0 61749 0 61785 61579 61202 0 61223 61575 0 61223 0 61223 0 61223 0 61223 0 61223 0 61223 0 61223 0 61223 0 61223 0 61223 0 61223 0 61223 0 61223 0 61223 61202 0 61223 0 61223 0 61223 0 61223 0 61223 0 61223 0 61223 0 61223 0 61223 0 61223 0 61223 0 61223 0 61223 0 61223 0 61223 0 61223 0 61223 0 61223 0 61223 0 61223 0 61223 0 61223 0 61223 0 61223 0 61223 0
1003 62076 45684 46153 62381 61223 62688 63709 61980 31807 61931 61977 63240 63240 61223 61786 62476 61223 61786 62476 61223 61872 62688 61931 61980 62710 62560 61202 63473 0 62515 0 62648 62518 63766 61749 42043 61785 61579
1003 0 63240 61282 61267 37 94 21 27710 110 118 93 61267 26807 5380 27710 110 61223 8391 5380 27710 110 112 61245 8980 769 8391 1571 27710 110 84 61289 61298 2939 72 92 282 1571 27710 110 61223 96 276 146 22730 110 2446 1571 27710 110 84 61289 61298 2898 140 411 747 110 2446 1571 27710 110 84 61289 61298 3137 887 5254 36389 33923 5271 37612 61228 15729 1571 27710 110 93 61239 19832 61228 23419 61314 61223 58 19832 61228 23419 61314 3598 769 61237 2412 2004 61217 158 19 2446 1571 27710 110 84 61289 61298 2953 17 10523 5814 9552 33923 5271 3438 40 16681 61228 15729 1571 27710 110 61223 84 33 471 61212 226 1571 27710 110 118 93 61247 125 23419 61314 61265 61579
1003 63084 62364 63548 62521 62076 62103 61977 62774 62862 63280 63074 63010 61749 63519 62627 62767 61749 62877 63735 61223 62238 0 63779 63201 62794 63313 62258 63355 0 61749 62767 63588 63361 61749 62677 0 63779 0 63779 62205 61980 62418 0 62521 61749 63536 63624 0 61223 61202 29184 63026 0 62076 2613 61298 61202 62484 62408 637 8795 2021 62205 0 61749 0 62392 63256 0 62392 62381 0 62527 61749 0 62527 61749 62738 62855 63875 63504 61202 62484 62408 637 8795 2021 61785 61579
61202 0 63545 63545 62959 63469 62311 63074 63010 62290 0 61974 4238 62258 0 62863 61282
59772 0 62075 0 62075 62381 63466 0 62776 62205 0 62637 0 61749 0 62839 0 62470 61236
61202 0 62205 0 62075 0 63281 62075 63548 62824 0 62075 0 61749 0 62776 61749 62947 63279 61339
61202 31807 61931 61223 0 62627 61749 62663 63251 63545 0 62126 62478 61274 59386 61260 140 11701 61749 62947 63279 61969 62544 0 62940 61974 0 61749 62983 62030 61202 62392 63256 63026 63730 0 62523 61202 0 63009 62364 61245 8787 3494 40644 61202 63026 0 62648 0 61749 63123 62874 62833 0 61749 62983 62030 61223 63473 0 62940 61974 61977 62831 61969 61223 63473 0 62940 0 61749 0 61749 0 61785
1003 63148 0 61223 62408 61974 0 62480 0 63733 0 62205 62824 0 62076 0 62258 62853 0 62811 63202 63356 62823 62984 62311 61223 61786 63355 62408 61977 63003 62853 62811 63202 63356 61969 62114 62661 62176 0 62648 0 63690 0 62797 61749 0 62303 0 61202 63253 0 62398 0 62303 0 61749 0 62303 0 61579 61785 61575 61202 0 61223 61575 61715 61715 61715 61715 61715 61715 61715 61715 61715 61715 61715 61715 61715 61715 61715 61715 61715 61715 61715 61715 61715 61715 61715 61715 61715 61715 61715 61715 61715 61715 61715 61715 61715 61715 61715 61715 61715 61715 61715 61715 61715 61715 61715 61715 61715 61715 61715 61715 61715 61715 61715 61715 61715 61715 61715 61715 61715 61715 61715 61715 61715 61715 61715 61715 61715 61715 61715 61715 61715 61715 61715 61715 61715 61715 61715 61715
500 2071 61202 0 62449 0 61749 0 63277 0 63064 0 62480 62364 0 62811 62527 62928 61749 0 63075 0 61223 63676 63735 62323 61301 63011 0 62449 0 61749 0 62527 61785
1003 62401 62831 61931 61245 8787 3494 40644 61749 62238 0 63429 0 62205 63000 63081 0 61749 62517 62518 61202 62738 62316 61969 62205 0 62075 0 63429 0 63281 0 61749 0 62303 63588 63361 61202 62796 0 62637 0 62205 63592 0 63429 61223 0 62863 61223 0 63592 0 62591 62910 61749 63592 0 61223 61202 0 63429 0 61223 0 63429 0 62205 0 63429 61785 61579
1003 0 63313 63240 0 61749 0 61266 9164 61207 61314 61265 61266 0 61977 0 63275 62589 0 61223 0 61977 0 62627 62303 62076 63391 0 61749 0 61265 61785 61579
201 0 61749 62677 0 63620 63926 0 62076 0 62558 61223 61202 62801 62827 63892 62258 61969 62661 62030 0 61749 61287
1003 61245 8787 3494 40644 0 63429 61969 62544 61749 0 62290 63202 0 62075 21929 0 63281 0 63429 0 61749 0 63074 63010 61202 42043 0 62648 0 63429 0 61266 2613 61298 61265 0 61266 7052 61332 61969 61228 8337 2980 10191 9360 61785 61202 62878 62398 42043 0 63519 62648 0 63536 63624 26733 13539 61969 63341 2939 19069 2980 15437 9360 63202 63519 63026 0 63429 63624 9184 9612 61332 61969 62408 2898 12911 2589 6751 9360 61785 61579
1003 62076 62710 62739 61749 62430 63504 61223 62075 63313 63240 0 61749 61245 21 27710 110 61202 0 62648 0 61282 0 62648 61245 21 27710 110 61202 0 63822 62738 0 61749 0 63429 0 61202 0 62364 0 61202 0 63355 62408 0 61749 0 63429 0 61266 38964 61265 61202 62205 0 63730 63316 61749 0 62776 0 61266 62796 61293 8646 653 83 890 61265 61202 63026 0 62408 61293 11 928 1652 1571 27710 110 61266 61293 11701 61265 61749 0 61785 61579
61202 0 48554 0 61974 63180 61245 8787 3494 1804 61311 63182 0 63394 62430 62518 61749 0 63502 0 61749 62663 63251 61785
1003 651 2811 62316 61301 62662 61223 0 61749 61239 19832 61228 23419 61314 3598 0 61749 0 61749 9442 425 61202 63026 62484 62408 0 62950 62648 0 62827 61749 0 62691 0 62480 62364 61749 0 61785 61575
1003 62103 61931 62408 61974 62476 61223 34361 61786 62394 62558 61749 61977 62831 61969 62627 62767 62075 0 61223 61202 0 61969 62114 29184 63511 0 62099 62449 0 61749 0 61969 61223 61202 62408 61974 0 63394 63281 63026 0 63281 63026 0 63026 0 61749 61785 61579
201 62240 62240 62476 27094 0 62159 63128 63842 0 61980 0 61223 61202 62756 62815 61931 34361 61872 62448 0 21929 35924 61749 62628 63522 61785 61287
1003 22268 21929 0 61749 0 63394 61202 0 63281 0 62205 0 63429 61749 63227 0 61223 61202 0 63243 0 61749 62303 63083 62430 62518 62661 61931 63227 62976 61749 61785 61579
61202 0 62075 0 61749 0 62075 0 61749 0 62776 0 61749 0 62776 0 61202 0 61931 62710 62739 61749 62663 63251 63227 0 61785
201 0 61749 62555 62430 61993 0 62691 0 61223 61202 62205 0 62159 0 62691 62661 29184 63026 62737 0 61223 61202 0 62076 0 61749 62555 62430 61749 0 61785 61287
61202 0 62984 0 62125 0 63987 0 62797 62238 62850 62398 62637 61749 0 62947 0 62205 63459 62823 63553 61202 0 62075 0 63253 0 61749 63279 63691 63545 62850 62205 62819 63020 0 62398 62637 61785
16621 0 63482 62076 20071 61283 61260 140 11701 0 63502 0 62986 61749 62323 61977 62774 63030 0 61223 62392 0 63394 63315 62494 63592 0 61749 63377 62855 62877 63779 61266 61293 18805 61265 62392 63256 60482 62877 63490 62515 63295 62316 61969 62205 62940 62316 61969 62877 63490 61266 0 61325 52 8335 61785
1003 62076 62824 63589 62398 61223 62076 62695 63177 63237 62364 61245 8787 3494 40644 61749 63548 62521 61749 0 63429 0 61931 21929 0 63016 62811 62527 61749 63776 62338 61223 62103 61931 63202 35924 0 61749 44975 0 61749 0 61785 61579 61202 0 62794 651 61309 62316 61309 62662 4238 62380 61223 0 62794 0 61749 0 61785 61579
1003 63555 62960 63125 61977 62521 61749 45684 63202 0 63482 0 63482 61223 63676 63735 61251 18805 14995 61749 62476 62623 61579 61785
7700 90 15682 61749 53523 62627 62303 61974 62076 0 62756 62125 0 62797 0 62544 0 62795 61974 62738 62855 61223 62476 61223 61245 8787 3494 1804 61311 61749 29829 61785 61202 0 62984 62311 0 63087 0 63087 0 63087 0 63087 0 63087 0 63087 0 62125 0 63087 0 63087 62125 0 63087 0 63087 62125 0 63087 0 63087 62125 0 63087 0 63087 62125 0 63087 0 63087 62125 0 63087 0 63087 62125 0 62797 62125 0 63087 0 62797 62125 0 63087 0 63087 62125 0 63087 0 63087 0
1003 0 63341 651 61309 62316 61301 62662 2811 62380 62392 62126 61223 0 62299 8914 61350 62629 61749 62850 62303 62076 62555 63547 62398 63026 62737 0 61223 63201 61249 5316 62316 61749 62494 63547 0 62737 0 61785 61579
1003 0 21929 61969 29184 62813 62364 0 63313 62258 61980 62710 61749 0 63593 61266 63776 62796 61223 61977 0 63253 62398 62311 61749 0 63474 0 62448 0 62853 0 62205 0 63202 63356 61749 0 62691 0 61202 0 62364 62802 62311 769 62788 0 63128 61223 0 63128 55989 0 61977 0 63281 0 62997 62448 27094 0 61749 0 61785 61575 61266 63776 62796 61223 61202 0 61265 61202 63253 62398 62311 61749 0 63474 0 62448 0 61785 61579
61202 62710 62299 61223 62075 21929 61980 62710 61749 0 62527 0 63429 0 62205 45684 62928 0 61749 0 61202 0 63730 61974 0 61749 61245 8787 3494 1804 61311 0 61785
2098 61202 63180 61274 9164 61283 61260 140 11701 61231 61210 6555 47 12613 61247 61202 0 62521 61974 0 62303 0 63844 63180 651 61256 62316 63180 0 62303 62682 62292 63182 61266 0 63429 62663 63251 63243 62545 61265 63182 62323 61301 63011 62323 61301 63011 63782 62521 61749 0 61785
201 61234 532 61228 35132 27710 110 63597 0 61974 0 61749 0 61223 61202 0 61977 0 61749 61274 8131 0 61287 61202 61785
61202 63180 61239 13116 15686 64 1029 4450 2024 1941 63182 62494 62791 61749 0 63737 0 61223 61202 0 62075 0 61749 61245 8787 3494 40644 61969 63208 0 62527 61974 0 62527 0 62527 61749 0 61223 62392 0 63016 63802 63851 63395 63092 61749 0 61223 62484 62408 62738 62855 61223 0 62075 63575 62258 0 61749 0 62430 62518 61223 62392 0 62075 63575 62258 0 61749 62430 62518 61785
201 0 62716 61980 62176 62103 62242 62813 61223 61202 63473 0 62716 62076 63045 63395 63092 27094 0 63074 62297 61202 0 62716 27094 62458 0 61785 61287
13125 62418 61980 0 62480 0 63253 63333 63570 0 62364 0 62558 43745 62392 42043 0 62853 61749 63395 63092 61202 62392 63548 62521 61202 16934 0 61931 0 62552 11853 0 62364 0 61749 0 63281 0 63429 0 63281 0 63429 0 61749 0 63429 0 63281 0 63429 0 61749 0 63429 0 63281 0 63429 0 61749 0 63429 0 61785
61202 63375 62560 63342 62716 0 62940 62959 45684 61969 61749 62947 63279 61202 45301 0 62515 31447 61749 0 61980 0 61202 63281 63313 62258 0 63950 61202 63473 0 63086 0 62512 0 63999 61749 0 61223 61202 63473 0 62940 61974 0 61749 0 61785
1003 61237 61209 2160 62076 63180 35924 0 63601 62518 63182 63782 62521 62381 62484 62234 61974 61977 62958 53523 61223 62076 45684 62075 0 61749 62518 63766 63074 63010 61785 61579
201 62103 62242 62902 27094 62458 0 62527 0 62205 0 63282 0 61223 61202 62801 62827 61872 63131 0 62521 27094 62458 0 62716 0 61749 0 61785 61287
1003 62515 62794 62627 62767 61749 0 63592 0 61749 9442 425 61223 61202 0 62205 0 62484 62527 0 62998 0 62950 62648 0 63429 0 61749 0 61202 63281 61931 0 62512 0 61749 0 63429 0 62205 0 63429 0 61785 26351 63406 62558 29184 63253 0 61749 0 61223 0 62338 0 62695 0 61223 63473 62878 63227 0 62950 62648 0 61749 0 61785 61579
61202 63245 62716 0 61749 0 61202 63101 61872 62076 0 62558 0 61749 62401 62558 61202 63245 62716 0 61749 0
1003 0 62801 61223 16712 61749 0 63131 0 63636 62512 0 61749 0 62205 0 61749 0 62205 0 61749 0 62205 0 63138 0 63138 0 63646 61223 61202 63618 62960 16712 62076 0 62299 0 61749 0 61785 61579 93 0 61265 61202 0 62794 16712 61749 0 63429 0 61749 0 62205 0 63429 61749 0 63646 61785 61579
61202 63940 0 63075 0 61749 0 61266 15616 61314 61265 61202 63275 62589 61974 0 62076 62853 63102 63075 0 61749 0 61785
1003 61283 7149 0 62527 62794 63511 0 62398 0 62311 61969 63184 62555 62735 61223 62392 63548 62824 0 61977 0 63026 0 62571 62950 62159 61223 0 62627 61974 62682 62292 62523 62205 0 62872 62523 61749 62628 63522 61969 62114 63685 62695 62878 62398 61749 62555 62430 61785 61579 93 61283 7149 61265 1003 61283 7149 0 62527 0 62527 62794 0 61969 63184 62555 62430 62791 61223 62392 63548 62824 0 61977 0 63026 0 61785 61579
1003 62103 61977 62877 63735 62418 63202 0 62984 6953 61350 62959 0 63340 61749 61245 21 27710 110 61223 61202 63015 63375 62591 62629 61969 0 62480 62364 0 62126 0 62205 0 61969 61785 61579
61202 22268 21929 62288 63367 61202 0 62075 63000 63081 0 61749 61245 8787 3494 40644 0 61202 0 61202 63281 62523 62562 61974 61785
1003 63004 63584 62430 0 61974 61237 65 1978 511 61223 62076 61293 48659 61749 63285 62865 61749 63285 62690 63074 62297 61223 62476 53255 61293 48659 62075 21929 60286 62484 62527 61223 0 62512 0 62961 62238 0 61749 0 61579 61202 63473 61575 61470 0 61468 62075 0 61749 46153 61223 61293 48659 42043 0 61785 61579
1003 0 61977 62831 62947 0 63473 63227 62976 61974 63709 62629 61969 61749 0 63865 61749 0 62527 61223 62392 0 62716 0 61223 61202 0 61969 62114 29184 0 31447 61749 0 63429 0 61223 61202 62408 61974 0 63709 62629 61969 61202 0 63009 62364 63709 62629 61969 0 62075 61245 8787 3494 40644 61749 0 62776 61749 62555 62430 61785 61579
201 16712 61749 62767 62075 61749 63279 63691 61202 63253 63519 62413 0 62627 61202 62408 61974 63313 62774 63681 63912 61223 23152 62688 63709 16712 63096 63032 0 62480 62364 63681 62750 62750 63281 62628 62205 62677 62628 61749 62380 62960 61287
61202 0 62125 0 62125 0 62125 0 62125 0 62125 0 62125 0 62125 0 62125 0 62125 0 62125 0 62125 0 62125 0
1003 62629 62877 35924 61749 62518 63766 61993 0 61993 0 62205 0 63773 61749 63782 62521 0 62627 62234 63194 63689 61202 0 62076 62394 62558 61223 42043 60482 0 63005 62661 62413 62737 0 61785 61579
1003 63375 63597 0 61251 7583 61749 63391 0 62983 61223 29184 0 62892 62527 0 61749 0 61715 61715 56662 0 62691 63096 62571 0 63779 61223 62392 0 62240 63862 62484 61785 61579 61785 1003 62103 61931 0 61749 0 61749 0 61785 61575
1003 0 62075 62737 0 61969 0 61749 0 62843 61749 0 63316 61223 63253 0 62933 0 62950 62159 62408 0 62933 0 62523 61223 63026 0 62076 62494 62311 61223 62076 0 62705 0 62940 0 62940 0 61749 0 61579 93 0 61265 61202 0 62794 0 61969 0 61749 0 61785 61575
201 61872 62782 63899 0 62234 62448 61223 0 62705 0 63310 62518 61202 62824 62690 0 61202 0 61256 0 63950 61266 61325 62258 0 61265 62205 45684 61969 61749 0 61785 61287
1003 62449 0 61749 0 61749 0 62776 0 62688 29184 0 62521 61749 61931 61575 0 62512 0 61749 46153 61579 43131 0 62512 0 61749 62380 0 57420 62928 61749 62663 63251 61202 62392 0 62240 63281 61980 0 61749 62430 63504 61579 61785 61579
1003 61239 2983 4716 692 4306 2585 1601 95 17 610 47 691 61231 61210 45752 436 61223 64 17 1492 5 39 19358 256 4306 4 4094 783 47 4554 64 3447 102 17 4274 3857 64 17 6102 47 17 4274 64 4274 6337 47 17 2420 61216
61202 0 62627 62767 61749 0 63394 0 62527 61274 11701 61228 27040 61247 0 61274 11701 61228 27040 61247 0 61223 63201 62794 61245 8787 3494 40644 61749 0 62627 62303 0 61223 0 62976 0 62976 0 61749 0 61785
1003 0 63074 62849 61223 16712 62030 0 63394 16712 62413 63310 62518 63237 62364 62103 61977 62735 61202 63253 60482 61969 62661 62030 0 63712 63735 61202 62392 62853 63809 62518 63624 61785 61579
61202 63180 35924 0 63547 63797 62030 63182 61202 63015 61245 8787 3494 40644 61749 0 61202 0 63352 61974 0 61785
59772 0 62103 63240 0 63979 61931 25781 63253 27094 0 62398 0 62234 62126 62470 61236
1003 0 63131 63201 651 62258 0 62297 0 61266 63681 62258 16584 62258 62662 61265 62076 62381 63466 63295 0 63113 62290 63466 61282 61940 61309 0 61309 1804 61335 62316 61223 11266 11980 61312 62316 61223 62392 63256 13738 0 63281 63343 62629 61749 0 61785 61579 61202 0 62338 63131 63026 0 62521 61749 651 62258 0 62338 61266 62238 62984 0 61265 61785 61579
13125 62418 61980 31807 62862 62910 61749 62628 63522 61223 12613 61247 61749 0 63504 42043 63343 62853 61749 0 61785 61202 0 62853 0 61785
1003 62398 62311 62205 62560 62238 62811 0 61749 29829 0 62521 61223 61245 8787 3494 40644 0 63429 0 63619 0 61749 0 62735 63597 0 61974 62103 63240 0 62776 61749 0 62303 63588 63361 61223 62788 0 62476 62623 62802 62311 0 63429 0 63429 0 63074 63010 61749 0 63588 63361 63473 61980 0 62480 62364 0 61785 61579 61202 0 62984 62311 61749 0 63429 0 62205 0 63429 0 61749 0 62205 0 63429 0 61749 0 63429 0 61785 61579
1003 0 62940 6241 61350 63009 0 63429 49089 0 63009 62364 63000 63081 0 61749 0 63429 61749 0 63429 61223 61202 62878 62398 0 62075 0 61969 62738 0 62076 63536 63624 61749 0 63429 0 61785 61579
1003 56662 0 62338 61749 63395 0 63774 0 61749 63377 62855 61931 62959 63519 0 61749 0 61749 62297 0 61749 0 61223 63597 0 62323 61977 0 61749 62555 63547 0 61749 0 61749 0 61223 63597 0 62076 62323 61977 0 61749 62555 0 61749 0 61785 61579
1003 62408 61977 63084 0 63432 61749 0 63474 61266 62796 63444 63102 0 63075 0 63075 0 769 62323 63125 0 62323 63125 61228 5019 0 61749 63395 63092 62874 63460 62408 0 63341 0 62316 61969 0 62075 61245 8787 3494 40644 0 61749 0 62691 61749 62892 62527 61223 61202 0 63084 62364 0 63432 61749 0 63432 61749 61245 8787 3494 40644 62868 0 61785 61575
1003 62103 62895 0 62311 61749 62947 63279 61202 0 62480 0 61749 0 62759 61202 63131 61931 3396 0 43210 61202 0 62853 61749 63285 62865 61202 62408 61974 62825 0 62205 62823 63566 61223 61202 63676 63735 61251 18805 14995 61749 0 61785 61579
61202 0 62418 63275 62589 0 61266 31807 61931 0 61749 0 63281 0 61749 0 61265 61202 62205 0 61266 31807 61931 0 61749 0 63281 0 61749 0 61265 61202 0 63429 0 61266 0 63281 0 63429 0 61265 61785
