32 61228 61274 50556 61260 140 11701 715 61212 1136 115 881 30902 303 5 3668 61206 66 881 113 439 1166 61228 61274 50556 61260 140 11701 1166 61228 61283 61283 61260 1316 36 425 13870 19 18848 1316 36 203 24964 1166 61228 61283 61260 1316 36 203 24964 61216
1084 1041 16 14757 46936 1316 145 75 39 301 155 61228 8945 8524 155 61228 61432 61203 61228 6156 4927 950 1316 145 75 39 301 61223 42685 9 1825 258 83 418 115 881 30902 1109 581 10007 30902 155 7608 5249 4180 1597 61223 1166 42492 968 48380 5878 276 3802 5328 1166 61228 881 30902 61223 2984 19521 710 515 61223 115 61228 61245 4772 61253 61223 2984 19521 710 515 2984 19521 710 515 61223 2984 710 59157 1263 61219 38984 61228 61210 47456 517 61223 1064 83 418 115 61228 61245 8787 3494 40644 1064 83 418 115 61228 61245 8787 3494 644 5878 14351 4175 362 14351 4175 61216
90 1574 5812 1166 61246 1224 4175 61223 2643 61211 4180 4404 24648 61228 5193 61298 60 999 38079 1708 529 45 1219 31 50772 245 61233 188 32895 1316 14757 124 959 505 188 32895 61216
6065 36600 91 30372 3602 4390 61206 61228 61210 145 142 1597 61216
6630 491 31581 278 844 4175 1041 9372 61273 9711 1179 1263 61277 455 4404 31910 199 61211 113 1825 1263 31528 61223 2984 199 61211 113 1825 1263 61219 38984 31910 710 55604 968 61223 91 47432 2391 18760 1179 9372 61222 1918 7843 2822 756 1825 1263 31528 61216
3116 61219 38984 154 61228 61274 50556 61260 140 11701 258 425 18038 28 45014 7624 1775 21743 301 28 45014 7624 1775 21743 301 1616 163 59157 278 127 48337 258 147 1311 39 301 61223 2984 24569 416 5812 183 1064 24 30372 2391 1064 24 88 14302 2687 399 61216
1642 14757 46936 7624 845 528 1179 505 188 32895 1316 36 10007 4529 9629 40 1369 258 1197 85 1369 61223 1064 9998 1064 9998 258 614 950 2984 299 6 2881 1825 9372 61222 756 1825 47179 58859 348 299 18848 61216 288 2069 303 14757 46936 7624 2822 756 968 58859 348 299 1708 61223 505 188 756 1825 505 170 61212 1136 61223 1064 9998 653 492 7110 3483 505 88 4160 968 61223 115 58754 1825 8095 399 278 1197 32895 258 1197 32895 258 4990 8365 61216
8379 170 529 26088 4404 61223 22383 273 88 20167 9372 1496 28 2798 61223 38758 115 881 232 10007 439 61223 505 14351 2688 1597 1316 3668 61206 156 4980 227 439 61216
2618 61211 2391 15894 74 10007 273 1597 1316 3668 61206 156 36 7334 2813 529 61223 22383 7334 9 5328 2984 845 2069 45 1219 245 61233 143 425 18038 61223 27370 5090 6407 41254 7164 42 143 425 54640 61223 505 19 1205 289 61233 15146 28 3730 505 19 1205 289 61233 15146 1316 7561 12 959 1064 143 143 83 1708 61216
1642 14757 46936 42 871 16 61224 2080 715 61212 1136 505 76 18274 273 2391 156 642 4753 156 642 4753 61216
894 8816 227 1825 9372 61222 1119 2643 61211 2391 7186 2822 756 1825 61282 2643 61211 113 2362 2643 61211 2391 1109 581 439 61223 9372 58754 1825 9372 61222 1119 258 14761 258 425 13870 7604 28 3730 258 14761 258 1197 4383 258 1197 756 1369 258 1197 756 1369 258 1197 756 1369 258 205 10007 22563 95 399 258 1197 756 1369 258 83 20167 9372 61222 1119 9372 61222 11685 61223 2228 581 203 1594 6 2228 299 959 9372 61222 751 45 2688 61212 2798 61216
208 61220 94 1179 60 61277 3802 594 245 61233 225 65 9672 2391 61223 60 1496 505 35557 1316 3668 61206 28 45014 37582 881 22563 61216
2618 61211 2391 15894 74 2707 205 30 2391 316 5090 439 212 1280 7838 61207 61223 7028 581 23676 12 1825 1064 59 127 858 20629 7608 270 21023 2822 1119 9372 61222 1119 9372 61222 1119 2566 970 61273 21743 2091 61216
90 471 61246 61218 61277 74 654 810 61228 61251 187 1369 60 61277 576 529 46125 505 76 61217 273 1708 115 61228 61251 187 1369 61223 505 324 113 8340 46 9312 155 61228 592 5 61277 5328 191 61277 1418 3802 529 61223 1263 61219 38984 202 43558 4529 191 61277 1418 3802 529 2984 19521 113 1179 505 36 950 61216
3116 881 142 63 154 61228 61254 61249 61251 61249 2373 61228 61254 61249 61251 61249 66 61277 8816 227 439 91 985 27504 1597 61223 115 61228 61251 20571 27370 5090 6407 42 11008 132 61221 439 42 6805 61277 113 1825 61216
1619 273 348 299 4015 18760 10683 505 36 61217 10683 20629 61228 61246 39 751 155 1041 61228 61218 756 1597 1316 188 756 1597 7843 2822 756 1825 61216
32 61228 61245 8787 3494 40644 2373 61228 61245 8787 3494 115 61228 61212 85 4597 42 696 1028 595 959 1166 22181 20 844 845 299 7604 61216
8379 170 581 203 29777 61223 2984 9371 61277 2362 2643 61211 2391 15894 43558 55191 30902 1316 594 13870 19 7604 7843 24569 60967 7624 77 59157 303 5 3668 37575 258 14761 61216
2388 492 7110 199 61211 113 529 61223 9629 959 18760 142 959 46 9312 61216
23712 83 20167 2984 113 142 1825 245 61233 225 14749 28 3730 2643 29629 7186 1775 21743 301 28 3730 28 3730 28 3730 42 276 2761 908 184 8340 2913 425 13870 7604 61216
72 1825 303 6639 23081 7624 2822 756 1825 1263 61277 455 4404 46 9312 7843 2822 756 1825 505 188 756 1597 61282 9372 5249 1179 1263 43814 31910 2822 756 1825 1064 1229 38984 4778 188 32895 61216
103 1041 132 4774 6 91 61206 11980 58115 149 61228 61245 8787 3494 40644 91 985 27504 1825 303 348 227 1597 653 1283 950 61223 278 127 61217 950 31910 110 110 968 28 3730 1263 61221 4160 1369 31910 110 110 515 58859 88 4160 1369 8 6805 61245 8787 61228 61245 8787 40644 172 88 418 61223 5818 515 1263 283 1311 227 4015 61228 61210 298 83 273 968 1166 5249 39 301 1109 110 110 110 515 1166 61228 61245 8787 3494 40644 1316 145 75 968 1166 61228 61283 61246 1316 7590 1129 61216
770 348 27126 30 1597
1803 29918 61206 128 61260 46 9312 155 61277 819 61214 245 61233 449 1041 1064 5090 6407 5878 88 20167 2984 24569 303 3668 37575 653 4840 44467 439 61216
101 751 91 47432 2391 1316 7590 1129 91 61212 1136 537 36 950
90 471 9636 1166 61228 61237 92 283 61223 258 1197 32895 258 844 528 959 115 61228 61245 8787 3494 40644 1316 14757 528 860 505 188 32895 1316 14757 30902 115 61228 61245 8787 3494 40644 1316 14757 124 7604 1166 61228 8945 8524 61223 258 1197 32895 258 1197 32895 258 1197 756 529 1166 1666 9656 258 14761 86 61228 61299 5290 227 2761 61216
53 2907 170 61212 1136 42685 9 1825 2984 29397 278 203 29777 58859 1361 156 225 2018 14757 232 860 28 3730 9372 5249 4180 1825 2228 61226 59 3210 61216
1677 29974 42 696 1028 7186 199 61211 2362 37791 13896 7110 199 61211 2362 61223 2984 199 61211 2362 653 492 7110 3483
1677 15926 7624 581 10007 30902 10341 1729 607 17337 439 9372 5249 3004 1825 278 127 48337 9629 127 48337 28 3730 278 127 858 61223 91 9255 8816 227 1825 2984 29397 115 881 30902 115 881 30902 61216
770 14351 2688 1597 14550 110 1937 515 91 1937 6 517 14550 380 113 827 61223 48380 46 9312 1980 36600 537 19 88 38984 61223 1064 83 418 61228 399 1166 61220 12304 61204 9372 5249 827 10341 386 61217 950 19615 61228 2811 278 203 4049 61223 9372 58754 1825 11587 91 7561 61206 1064 18246 1280 2984 113 85 642 968 61216
4584 529 61233 529 258 29918 61206 156 194 576 529 28 3730 9372 61277 374 1825 1263 61221 14302 8340 61223 91 9255 61212 25871 57830 46 9312 4778 276 17273 61207 537 276 17273 18848 61223 91 14351 756 61211 1369 537 6935 7604 61223 91 9255 61212 3483 57830 4778 88 17273 61206 537 276 17273 18848 61216
32 61228 61245 9164 61207 61314 42 696 29629 15894 24 1361 2088 5249 143 2391 1316 7590 1129 61223 1018 36645 505 170 61212 170 58390 1263 881 142 63 61228 881 30902 61223 1018 45876 2643 29629 1109 845 75 83 959 2984 61212 170 58390 2643 61211 2391 61228 61211 2391 61216
32 61228 61245 8787 3494 40644 58354 61311 61265 115 61228 61245 8787 3494 8831 8335 115 881 30902 115 61228 61239 19832 61228 23419 61314 3598 42 170 61212 170 61212 170 58390 115 61228 61239 19832 61228 23419 61314 3598 42 696 29629 15894 24 221 124 2391 61228 61210 221 124 2391 61223 66 881 30902 19615 8763 61311 115 61228 11369 85 563 1166 61277 8816 227 439 61216
201 18591 59961 10341 299 197 3802 301 61223 1166 9636 1055 8980 258 83 55604 529 115 61228 61245 8787 3494 40644 258 85 449 61223 15497 61212 1136 1403 11318 61332 278 127 858 60513 9360 2984 29397 2984 61212 1136 2643 29629 1109 110 227 2761 1709
3116 61221 17273 61207 1018 110 515 2984 17273 61207 93 61251 5340 61265 148 581 10007 30902 8685 1311 4404 42 6805 43212 1825 61223 1064 9998 1064 9998 27370 7334 1136 2984 61212 1136 10341 581 425 13870 32506 5328 61223 1064 9998 5878 88 1594 6 396 10341 710 3802 959 2984 19521 1136 58859 76 61217 348 642 2047 61223 1021 225 1361 156 225 222 1179 2566 88 38984 2096 61228 18682 61216
1084 2653 505 232 15926 156 225 374 227 968 2643 61211 2391 61228 5249 2391 15894 184 1028 15894 59 3210 46 9312 7843 110 110 88 273 15146 7110 110 110 968 19615 7608 61212 4185 5759 1316 940 2881 61214 61282 6172 6172 1263 61277 22527 61339 6171 6011 756 61211 4180 4404 15894 74 14757 30902 61339 9212 1263 283 756 61211 4180 4404 31910 581 83 827 61339 14466 2984 365 1293 58859 88 38984 31644 88 38984 61339 29 29397 19694 7843 710 59157 303 5 3668 37575 61216
5702 529 61233 529 1316 3668 61206 61223 303 14757 46936 7624 199 36 6407 28 3730 1263 61220 2798 154 61228 61218 529 61233 529 1263 61220 2798 61223 36272 3591 9629 61221 9711 65 2139 1109 19521 4175 9372 61222 1119 19615 61233 188 83 4015 29163 881 22563 1559 184 2430 1369 28 3730 115 881 104 61277 104 529 10341 710 3802 959 61216
201 2815 10276 61256 278 127 858 93 2804 61332 9360 303 5 3668 37575 66 881 83 59 7604 115 132 4774 6 2984 19521 1136 2984 19521 1136 155 7608 1280 278 844 142 2391 7624 2822 61214 61277 2362 653 14757 46936 653 14757 46936 653 14757 46936 653 14757 30902 93 299 14302 8340 61223 46 9312 155 7608 270 1316 14757 30902 61265 1709
34646 2176 104 83 418 505 324 37 418 61223 20701 94 26142 9372 5249 2069 44757 1234 11994 30 1179 61223 29 29397 6011 2813 303 10117 890 4378 143 2391 5832 418 61216
148 3977 61228 61299 696 61208 396 61223 303 188 756 1597 66 61228 61246 39 85 39 1064 24 30372 959 61228 61210 3802 959 115 61228 61237 163 18435 61216
148 3977 65 85 890 42 45014 27370 5090 6407 505 163 3802 968 653 492 7110 581 1044 61223 4309 22383 1197 751 2984 581 1044 56487 42 696 1028 61223 15229 1280 505 529 156 225 2018 163 1179 91 225 83 418 2653 4390 14351 2688 890 61216
1803 9312 258 14761 258 1197 301 303 14757 46936 7624 2822 1119 1263 61218 2982 1559 184 2430 1369 61216
32 61228 61286 10533 4049 60 517 1064 124 10007 22563 1018 110 515 154 7608 270
770 47432 4404 1166 1804 2244 1567 258 425 18038 23 10121 827 1166 1336 41734 258 205 950 155 1041 61228 5602 28 3730 18 49574 2566 143 299 4175 61223 29 29397 258 205 950 86 3395 13520 155 37440 47625 1316 14351 4175 156 36 61217 61226 827 1166 1041 968 93 61206 11980 61715 2351 61265
3116 61221 14302 4857 20 184 827 46 9312 10923 76 61217 61226 1129 1316 14351 4175 1316 14351 4175 61223 1166 8807 959 115 881 30902 505 14749 1316 14351 4175 61223 1517 11069 61228 65 85 890 2228 380 1839 28 3730 48286 7624 2822 940 9240 439 28 3730 1263 61221 3089 61206 37791 25694 61223 28 3730 156 36 85 88 418 10341 845 142 51234 61223 28 3730 172 88 418 1185 2430 1369 1185 2430 1369 61216
90 3730 692 39 301 155 61228 61245 8787 3494 40644 8 16983 8 14351 1136 505 35557 1316 3668 61206 1316 36 4015 968 61223 5818 515 303 5 3668 37575 42 50772 115 7298 1825 2984 29397 1021 14757 232 10007 30902 8 16983 28 6805 61277 170 23676 301 28 6805 61277 170 23676 301 28 6805 61277 170 58390 1166 61228 61239 19832 155 61228 61246 16486 48380 91 348 27126 30 1597 537 14351 3463 61216
148 41502 2069 2984 299 17273 968 2566 858 8763 61242 1166 8763 2494 1263 61221 2761 202 43558 4529 149 61277 170 2761 1064 74 14351 576 537 14351 1136 537 221 46723 7604 537 221 124 860 1166 61228 6892 278 147 2881 61214 93 61221 380 827 278 59 147 424 810 8763 61301 769 1064 858 61228 2949 27407 20629 6908 27407 1064 2004 1119 61216
148 50772 61223 1021 5 3668 37575 42 50772 61223 29 29397 42 696 61211 26143 303 5 3668 37575 42 696 63 396 61223 7186 4049 15497 418 41254 7164 42 6805 61277 113 15146 2566 14351 2982 7624 581 83 2761 968 2566 45014 7624 581 83 2761 968 2566 74 14757 83 273 19 950 155 61220 83 2761 729 7624 380 4160 968 19615 61233 14757 30902 61339 10341 2822 940 61211 113 529 7028 20167 1109 581 439 61223 156 225 14757 46936 156 225 5090 8365 61216
32 26088 4404 42 6805 58754 1825 11587 31 75 983 29629 22383 4116 7843 710 59157 115 61228 2031 22621 1681 61228 868 3668 61223 7186 4049 1109 581 1197 83 968 1064 124 273 1597 154 61228 61283 61260 46 9312 7843 110 594 13870 19 1597 15894 24 594 13870 19 1597 61223 1263 273 348 273 2391 537 36 273 113 39 860 155 7608 1280 115 61228 3526 61229 155 7608 1280 115 61228 881 2219 61206 61223 37791 22563 19615 7608 1280 115 881 30902 61223 1517 11069 7608 270 21023 113 147 63 396 303 5 3668 37575 155 7608 3668 61207 155 61220 83 2761 729 7624 41502 113 2362 10341 110 83 2761 729 61216
32 61228 61239 15327 61210 42 696 1028 31 6805 61277 455 1825 19615 61228 61298 61221 14302 34262 42 696 1028 1109 845 142 23676 529 303 5 3668 37575 3667 83 959 115 61228 61245 8787 3494 40644 1316 14757 124 860 155 61228 61245 8787 3494 40644 438 301 155 61228 61222 756 7452 37791 13896 7110 2822 756 1825 61223 505 188 756 968 1166 22181 155 881 25694 521 1423 34363 734 5812 61468 29 29397 60 283 75 594 45 1219 245 61233 188 32895 1109 710 24964 521 1423 2456 500 7909 61468
32 132 4774 6 245 61233 47456 517 1316 14757 22563 58859 47456 517 149 61228 58509 439 115 7298 1825 9372 61222 940 424 10341 77 6 399 1166 61228 61237 62 61216 32 881 30902 115 132 4774 6 115 132 4774 6 20629 61233 30372 4180 1597 61223 1166 42492 968 93 61246 61265 7843 2822 1119 93 61247 61265 46 9312 155 61228 61239 61265 1263 83 2761 729 1018 5249 163 6 1166 3510 61216
54866 3668 61206 278 59 127 59 1597 46 9312 28 1229 38984 258 425 13870 1708 258 205 71 36 6407 61223 15229 1280 505 594 13870 4404 8 4980 529 10341 710 3802 959 61216
498 36256 505 47432 4404 1316 145 75 17337 439 1064 858 61277 203 4049 31 594 13870 19 7604 155 73 8787 3494 40644
32 61228 61239 19832 115 881 30902 245 61228 61239 19832 46 9312 28 45014 42 696 1028 66 881 845 299 439 126 1782 61233 6407 2984 29397 115 61228 61239 19832 115 881 30902 1021 1361 537 42203 44467 439 537 14757 22563 58859 88 38984 537 14351 4175 61216
128 61217 10596 1825 20337 63 1166 63
208 6827 197 3802 860 155 529 61233 188 17255 1316 594 13870 19 7604 61223 10341 581 5090 6407 2566 10 61227 2798 60 61273 3958 61207 46089 170 2822 1119 1263 61219 38984 154 7608 270 61216
1642 188 32895 653 1283 950 7624 2822 756 1825 2228 581 203 49574 2566 74 225 1845 25268 126 1552 61228 2811 61223 303 188 756 7452 653 10007 22563 2228 299 959 22383 203 49574 2566 74 225 1845 25268
2388 492 7110 3483 60 61277 576 529 505 36 61217 576 61223 258 425 18038 258 14761 258 950 16741 59 147 2881 61214 46 9312 155 61220 83 6 40 1369 156 8087 126 1782 789 169 9290 227 959 45 694 61204 7624 710 6 12887 2566 33 348 950 61216 2479 50 39 301 61223 91 7561 12 1597 149 61228 61211 3602 149 61228 24 88 38984 91 14351 576 8 6805 61277 170 23676 301 61216
6630 19521 1136 2643 61211 4180 4404 1964 61203 60 881 30902 61223 1263 881 30902 28 3730 316 7822 1109 110 188 301 155 61228 61245 8787 3494 40644 9629 959 258 844 528 301 28 1229 38984 61216
4189 61226 59 3210 61223 14405 1205 289 61233 15146 91 145 142 32658 537 188 4383 529 149 61228 61210 145 142 63 149 61228 1835 4242 36 61216
90 1574 1064 170 61212 1136 7186 710 59157 91 188 32895 61223 9372 5249 1179 91 88 38984 537 19 276 25076 149 61228 61247 6068 42 6805 61277 455 1825 61282 10341 529 1064 170 61212 1136 18368 710 59157 303 188 32895 28 6805 61277 20440 61223 7843 386 32263 91 88 38984 537 88 38984 61223 7186 4049 8 42203 44467 439 9629 5249 4180 4404 1064 28664 61216
148 110 7822 22181 9372 43212 968 28 3730 505 14749 61223 258 14761 28 61217 14757 1825 1166 61228 61251 5340 1166 61228 61251 5340 1166 2653 1166 2653 28 6805 61277 20440 61223 9372 61277 20440 61223 9372 881 6014 61228 369 61217 61226 7452 7843 386 61217 1825 61216
498 225 170 47009 515 91 14351 170 1597 537 31979 83 143 39478 537 594 31581 303 5 3668 37575 537 36 10007 22563 58859 188 756 1845 19 18848 1964 61203 2984 47009 515 91 47432 1597 537 348 27126 30 1369 537 19 1205 289 61233 15146 1166 3510 303 5 3668 37575 42 8087 42 8087 155 7608 5249 4180 4404 15894 24 30372 4180 4404 46 9312 7843 41502 4180 1825 1263 5249 4180 4404 61216
770 88 38984 149 61228 18682 8 42203 44467 439 653 18233 4175 172 1205 289 61233 15146 9372 5249 1179 9372 5249 1179 17604 425 18038 86 61228 61245 8787 3494 40644 1316 14351 4175 61216
8379 203 29777 19615 61233 188 756 529 1316 36 203 29777 61223 91 10007 22563 149 61233 188 756 529 1316 65 959 2984 19521 2688 1825 2984 19521 1136 1166 2653 1166 2653 1166 2653 505 14757 232 10007 273 2391 1316 14351 4175 1316 14351 4175 115 61228 61246 39 751 61223 91 61206 61228 6156 4927 950 61223 91 61206 61228 61293 6248 61223 91 61206 61228 8945 8524 61223 91 61206 61228 8945 8524 61223 91 61206 61228 8945 8524 61216
35240 5249 1825 91 348 27126 30 1597 537 88 1839 61223 22383 1197 1918 2984 19521 710 515 91 348 27126 30 1597 537 14757 1337 46 9312 61216
3116 18233 4175 20 184 827 46 9312 10923 76 61277 232 860 1316 14757 232 860 28 6805 61277 170 23676 12 1825 2984 61212 2688 1825 46 2362 7843 380 27126 827 7843 19521 4175 789 61216
57031 2643 29629 15894 24 1361 149 881 30902 61223 91 14757 83 59 1597 307 5249 4180 19 301 155 7608 1280 115 61228 61239 19832 61223 72 16486 155 7608 1280 505 232 1028 21023 19521 113 2362 10341 1729 607 17337 439 61216
887 31581 91 14351 170 2391 537 88 6 6164 93 15652 227 39 1369 61265 27370 1197 756 968 91 1361 4390 221 46723 2391 61216
1803 29918 61206 245 61233 225 145 142 2391 1316 348 27126 30 7604 1316 348 27126 30 7604 1316 36 10007 22563 61282 10341 529 5249 4180 1825 303 5 3668 37575 66 61277 83 273 529 1166 8763 61332 61223 278 143 299 61226 827 258 425 18038 258 425 18038 23 4529 1166 1804 2244 61249 19288 278 85 39 751 42 36256 278 10007 30902 93 369 203 29777 19615 7608 1280 505 232 15926 21023 710 24964 61265 2984 113 30308 1825 2984 113 30308 1825 19615 61228 1432 61332 23090 8763 2815
208 305 1119 815 2574 61339 19115 115 61228 61245 8787 3494 40644 258 273 348 273 1179 115 881 85 39 301 1720 61212 4529 14149 8372 28 3730 2984 5372 1825 115 2613 61298 34846 2373 5249 594 61216
770 47432 2391 91 14351 2688 1597 537 36 10007 22563 2636 227 163 3802 1179 36272 3591 1166 61228 8945 8524 1166 61246 39 751 93 124 18233 4175 2984 581 1044 2984 581 1044 1263 61221 14302 8340 61223 41254 7164 42 6805 61277 642 968 10341 19521 642 968 647
90 1782 1280 115 61228 61245 8787 3494 40644 2984 19521 845 3965 61223 115 61228 27040 61247 155 61228 61274 50556 61260 140 11701 4 5249 4180 594 278 83 6 559 31910 110 83 3965 20629 61228 61245 8787 3494 40644 1166 61228 367 25268 61223 1021 594 13870 4404 149 5249 1708 529 91 227 2391 61216
770 14351 2688 1597 4390 1361 537 22980 93 61245 8787 3494 1804 8335 61282 770 14351 756 1597 8 751 61228 61267 456 61206 1166 61233 75 61226 959 9372 61222 1119 6011 61212 22563 2566 74 10007 22563 28 184 4116 29163 881 22563 1558 1205 289 61233 15146
1084 16 14757 46936 7624 2822 1119 1166 61277 455 1179 505 36 950 7843 2822 756 968 46 9312 61223 9372 61220 10007 104 61277 2362 9372 881 104 61277 2362 61223 6011 756 424 19615 61233 36 950 61223 155 61220 83 418 2228 170 983 63 396 19615 61233 14757 83 273 15146 19615 61233 232 2430 1369 1316 170 61212 170 61212 170 23676 968 61216 35240 61225 2687 396 19615 61233 188 756 968 19615 61233 188 756 968 61223 278 127 61217 145 1597 154 61228 7367 756 1597 154 61228 5193 61298 61211 4180 1825 2984 491 31581 278 10121 2391 7624 2822 756 113 1825 7843 2822 756 1825 7843 2822 756 1825 7843 1775 21743 301 7843 1775 21743 301 7843 1775 21743 301 28 6805 61277 2362 61216
6630 19521 642 968 31 41 9672 2391 2984 386 32263 258 425 18038 86 61228 61283 30 4883 713 61216
23712 205 1044 2607 61227 2798 61223 60 61228 61251 1552 9636 1166 8763 2589 91 61206 61228 61293 6248 5848 172 348 227 529 172 14757 83 273 1708 61228 881 83 273 439 28 6805 61277 203 26654 115 61228 61293 6248 61216
35240 5249 4180 15146 19615 61277 819 61214 245 61228 61239 61226 985 2761 14405 110 968 61223 29 29397 60 61228 61251 15682 2566 36 203 29777 19615 61228 61251 15682 155 61228 61251 15682 61223 115 61228 61298 61221 1179 245 61228 61289 4160 17907 191 61277 113 301 155 61228 61251 222 860 61216
6630 845 2069 31 9386 61227 2798 61223 258 71 61211 4180 1597 258 425 31581 278 425 18038 86 61228 8945 8524 66 881 83 273 968 1166 8763 61242 1166 8763 61242 66 61277 819 61214 61228 61233 61226 225 61226 225 61226 225 61226 4597 1316 188 301 28 871 28 61277 4175 61216
5702 838 1166 1804 61311 1166 61228 61264 740 74 654 61223 278 1197 32895 66 881 30902 1166 61228 3396 61350 156 16983 28 14757 30902 7186 2822 1119 303 7298 19 2391 42 2688 61212 2798 61223 880 61256 505 188 756 968 61300 61210 143 4529 258 194 576 529 91 348 299 1708 537 36 10007 22563 19615 61233 188 756 61211 1369 61223 1339 505 188 756 968 61300 143 83 968 1185 2430 1369 258 194 576 529 91 348 299 18848 61216
335 5249 5953 42 6805 61222 4209 1179 1166 7608 1280 505 9255 22527 2758 61228 61239 61251 1955 2456 537 22980 61223 1064 170 3867 46936 9372 61277 163 515 303 5 3668 37575 258 147 1311 860 93 59 127 858 1018 3668 61206 61265
770 47432 2391 91 83 2761 729 537 36 203 38984 61228 369 203 29777 149 61228 61274 8131 3197 61212 1311 1825 10341 29397 28 311 789 115 61228 61274 8131 537 188 301 155 61228 61274 8131 1316 188 301 28 45014 7624 710 14302 2687 396 2984 2362 61226 2362 9372 61277 6 12887 91 9255 8816 2525 537 36 203 6 281 61216
8379 203 29777 7110 581 203 29777 46 6805 61222 1119 278 127 858 1018 110 515 28 3730 278 83 2761 61220 83 2761 9372 61222 1119 27909 61220 71 36 6407 4309 1166 61220 71 36 6407 61223 1263 61277 4597 1166 8807 959 60 58754 594 28 3730 91 276 2761 91 276 2761 537 276 2761 729 537 50 94 439 537 50 94 439 1166 42492 968 1166 22181 93 299 710 197 3802 968 61223 9372 881 113 30 1825 61223 9372 881 83 273 968 1517 2798 1517 2798 1517 2798 61265
1269 88 418 115 61228 61245 8787 3494 40644 7624 19521 4529 19615 61228 61245 8787 3494 40644 1316 188 83 273 7604 1316 145 75 7604 61216
148 529 61228 8945 8524 61223 258 425 18038 258 205 203 38984 258 10121 30 968 258 425 18038 258 425 13870 1708 258 425 13870 7604 61223 29 29397 28 10193 258 425 18038 258 205 203 29777 93 61221 845 142 83 576 258 425 18038 61265 32908 299 1179 91 273 4404 537 88 38984 61228 61208 2982 61216
3116 4919 4015 154 61228 61246 16486 61228 23419 61314 66 881 22563 91 14351 2688 1597 537 36 10007 22563 537 348 27126 30 7604 61216
770 50 2391 149 61228 61245 8787 3494 40644 245 61228 61245 8787 3494 61228 2906 770 348 273 4404 537 36 273 19 959 9629 127 48337 278 127 48337 4 4059 61277 113 529 10341 581 439 61216
201 61289 3977 61228 8702 1666 13738 61301 2373 61228 15538 61245 66 881 30902 115 881 30902 61223 4 2907 59 127 858 5917 10276 61256 93 2804 61332 9360 595 20167 692 39 301 28 6805 61277 3209 798
32 881 30902 245 61233 14757 30902 1316 14757 232 10007 439 1316 14757 124 439 1316 14351 4175 5878 50 59 439 61223 5818 515 1166 5249 4180 1825 42685 9 1825 115 881 30902 245 7608 1280 61216
32308 2798 61223 1064 83 61226 59 3210 172 9255 8816 227 5328 1263 5249 4180 4404 20 696 1028 2636 143 311 789 303 5 3668 37575 537 7561 860 9372 61212 1311 1825 115 61228 61271 2430 8340 31 45014 61223 28 3730 91 348 273 4404 14550 113 30308 1825 2984 113 30308 1825 91 4345 61207 537 88 38984 61228 61211 20167 61216
4584 83 2761 729 1316 36 425 18038 3510 1316 65 5249 41 1576 1316 7590 3668 61206 1316 348 227 529 46 4169 9 4404 61228 61215 5249 4180 4404 61228 5249 4180 4404 93 13192 61245 647
3116 61221 14302 8340 154 61233 30372 4180 4404 42 696 61211 2391 15894 74 276 3802 2391 7624 199 61211 113 1825 505 9255 30 1597 1316 19 142 61211 113 18848 61223 48380 505 188 756 529 1316 36 3668 61206 8 959 91 9255 30 594 9372 61233 594 13870 594 46125 505 65 61225 124 517 61216
201 16980 61233 225 145 142 83 4015 1316 225 5090 227 439 1316 225 225 225 22568 1316 528 2881 61214 93 1666 24326 2335 50126 61325 9360 1064 4116 47220 104 1219 2643 29629 15894 24 348 225 4175 28 3730 1263 61218 61277 455 4404 1709
2388 10007 22563 42 529 42 696 1028 93 124 83 2761 729 61265 172 19 227 529 2228 61226 59 3210 61223 22383 143 27126 827 1185 2430 1369 1316 36 203 24964 2984 491 31581 505 35557 1316 36 203 24964 1316 36 5090 6407 61216
148 529 61246 39 751 61223 91 61206 61228 61251 3109 2761 61220 950 8 145 1311 227 439
148 2822 104 61277 1337 9372 61225 46936 505 188 756 1597 9629 492 7110 3483 505 594 13870 594 653 492 7110 3483 60 61277 871 789 1263 61277 22527 61223 1263 18233 83 4015 154 61228 61251 2136 170 515 18760 10683 2984 29397 201 283 30111 2362 91 10 2653 149 61228 970 61273 21743 301 537 36 860 1855 1855 9372 61225 2362 115 61228 61298 61211 4180 1041 505 75 2687 396 1166 61220 83 418 115 881 30902 362 348 27126 30 7604 1709
288 113 2362 1263 61233 59961 20 74 225 6014 1964 61203 60 61277 3106 3802 529 61216
6630 845 18274 26142 61266 1280 1157 61300 61220 696 1028 61265 61339 2984 199 61211 576 529 93 4059 61300 299 199 61211 113 529 4776 4309 1166 4059 4059 61216
1642 14757 46936 42 6805 61277 273 1825 46 9312 7843 386 61277 348 1179 61223 27370 5090 6407 2984 845 2069 2984 845 2069 48286 42 696 1028 1109 61226 10121 299 439 7843 845 142 968 58859 88 38984 61216
2388 492 61223 1021 61206 156 30372 4180 4404 61228 61215 1939 61206 61228 999 85 563 245 61228 61274 8131 27022 5249 3591 27375 41 2281 12 4404 42 8087 61216
90 471 1804 61301 1166 61228 61293 3109 4049 61223 60 61228 9812 91 188 756 273 529 61300 19 143 83 273 968 28 3730 316 594 13870 594 278 127 61217 273 2391 258 194 576 3510 61223 1166 2653 156 827 729 10563 505 188 756 968 61300 225 143 2391 258 194 576 529 278 127 61217 273 1708 37791 22563 58859 188 756 61211 1369 61216
894 61212 3965 1166 61228 61274 50556 61260 140 11701 66 61277 61212 3965 2984 19521 1136 19615 61228 61274 50556 61260 8 959 61277 871 36272 3591 1166 61228 61271 13192 61229 66 881 83 59 890 61216
90 225 1424 46936 91 47456 517 362 48998
8379 170 529 29 29397 61223 41254 7164 42 9998 115 881 30902 245 61233 188 1845 19 2391 1316 3668 61206 156 45014 21023 710 1594 3802 968 61223 1021 30372 3004 1597 27370 143 3901 6407 2984 581 10007 30902 2228 581 203 24964 61223 10341 2822 83 968 2566 187 48337 7186 2822 756 968 10341 61226 10007 1337 10341 61226 10007 299 439 61223 91 14757 46936 7624 41502 3004 1825 27370 5090 8365 61216
8379 10007 59961 2566 74 145 61207 5878 88 20167 42685 4990 1179 1720 61212 4529 10341 710 3802 959 61223 28 3730 1064 124 5249 12432 31910 2822 104 7289 15146 2566 74 61225 2861 42 2688 61212 2798 61216
2618 29629 61282 2643 29629 24648 61228 61224 61228 4876 61228 4876 61228 4876 61228 4876 61228 4876 61228 14189 49323 2643 61211 2391 15894 24 1361 61228 61264 61245 61312 3535 61223 115 61228 61254 61289 61298 1804 61223 115 881 30902 245 61228 61254 61289 61298 61249 61223 115 881 30902 245 61228 61254 61289 61298 61309 61223 115 61228 61254 61289 61298 2898 115 61228 61254 61289 61298 61311 61223 115 881 30902 245 61228 61254 61289 61298 61311 61223 60967 7624 710 21743 301 28 6805 61277 124 301 93 61239 19832 61228 23419 61314 61223 58 19832 61228 23419 61314 61228 2512 61223 115 881 30902 245 61228 61254 61289 61298 61312 61223 91 1361 537 14757 22563 28 45014 7624 1775 21743 301 155 61228 61247 125 23419 61314 93 61247 125 23419 61314 61265
35240 61233 273 273 1825 303 5 3668 37575 42 696 63 396 2566 225 348 273 4404 156 50772 61223 36272 1205 289 61233 15146 10341 110 1205 289 61233 15146 10341 581 4015 968 7843 581 4015 968 7843 581 4015 968 46 9312 7843 581 1197 83 576 19615 61228 2613 61298 27375 74 76 61217 273 2391 2913 3901 59961 58859 348 2798 149 61228 61215 127 858 61223 1195 31581 91 1361 14550 386 15126 968 27375 41 273 576 61216
2618 61211 4180 4404 154 61228 5193 61298 60 5249 143 959 278 844 827 278 844 827 278 844 827 2228 28742 88 38984 61282
27131 4726 91 276 2761 8 1361 362 276 2761 362 36159 7604
9372 61273 21743 301 1064 28664 1064 6805 61277 455 439 28 3730 91 61206 61277 8816 227 439 61339
35240 5249 4180 1825 303 5 3668 37575 258 205 844 528 968 20629 61228 61274 50556 61260 140 11701 1316 145 75 529 10341 2822 1918 2984 33763 14757 1825 2984 581 61217 14757 1825 115 61228 61245 8787 3494 40644 5878 5090 6407 11587 115 61228 61245 8787 3494 40644 5878 5090 6407 2566 76 48337 61216
8379 170 581 203 29777 61223 2984 386 32263 1263 61221 14302 2687 559 154 61228 61283 30 188 1369 61223 1064 143 127 61277 348 1179 278 143 13896 202 61203 61228 61283 30 4883 1496 7838 36 6407 9629 5249 4180 4404 1109 710 3802 18848 1109 845 18274 273 7604 61216
3116 5249 4116 2228 19521 113 299 439 1195 13870 594 278 35 515 1964 61203 6011 4160 594 505 61206 5812 156 225 145 142 2391 61216
32 61228 61245 8787 3494 40644 115 61228 61245 8787 3494 66 5249 4015 529 46 9312 7843 19521 4175 61228 18233 4175 258 184 827 61223 258 10007 18258 19615 61233 14757 30902 28 3730 115 881 30902 362 276 38984 15894 24 88 4160 18848 61223 2984 19521 710 515 61223 2984 19521 710 515 61223 9372 881 232 10007 30902 27909 135 61226 59 301 7843 199 61211 2362 7843 2822 301 155 7608 1280 115 881 13399 61216
112 2907 1280 2643 29629 1109 845 75 83 827 32440 14757 83 59 4404 149 61233 1361 1316 7590 1129 1316 7590 1129 93 9164 61207 61314 61265
6630 845 142 23676 301 2566 10 5249 4180 4404 156 5090 227 439 61223 29 29397 505 1361 156 313 1594 6 5281 61277 3802 529 61216
34646 1166 61220 12304 6407 278 127 48337 278 127 48337 4 881 30902 19661 110 515 93 2613 61298 61265 93 7052 2821 8337 2980 23288 9360 46 9312 155 61220 4345 61204 115 881 85 39 301 5204 43558 4529 48380 5878 4345 61204 2984 581 1044 19615 61228 2613 61298 26733 13539 2040 61223 19069 2980 25215 9360 2984 61212 1136 2643 61211 2391 1109 581 10007 30902 28 3730 115 61228 61245 8787 3494 40644 36308 85 10683 1041 23 10121 299 301 28 6805 61277 1418 3802 301 28 10193 258 83 418 258 85 276 38984 258 35 43558 4529 1878 11318 2821 2898 12911 2589 4063 9360 5768
8379 170 2822 12 7604 61223 115 881 30902 245 881 30902 245 61233 14757 30902 1316 348 273 439 155 7608 2688 1129 61282 2643 61211 2391 15894 24 1361 149 61233 232 15926 61223 245 3510 27370 170 61212 170 61212 170 58390 2643 29629 7186 1775 21743 301 19615 61233 232 15926 61223 27375 24 14351 2688 1597 537 184 2430 1369 5832 418 93 38964 769 155 7608 1280 2643 29629 1109 19521 4175 1109 710 3802 7604 93 12130 970 3602 115 61228 61293 8646 769 9372 881 30902 91 1361 537 276 3802 959 93 61293 11701 647
32 61228 61259 27722 91 145 83 959 1064 44938 2373 61228 61245 8787 3494 40644 42 696 1028 692 39 301 28 7604 61216
90 1552 5812 19615 8763 2299 9372 5249 1179 9372 5249 4180 1825 115 61228 61239 19832 61228 23419 61314 3598 2373 61233 14757 30902 1316 14351 4175 27375 24 76 61217 348 642 2047 537 14757 83 273 39 1369 61216
37577 4049 38758 258 425 13870 594 258 425 18038 9629 85 890 126 59 7334 9 890 61223 1064 696 1028 15894 59 127 4015 2636 7334 1136 2984 113 142 968 2566 225 14351 2688 1708 1316 19 184 2430 1369 28 3730 46 1839 61216
49465 1179 42 5697 2984 24569 2984 19521 710 515 2643 61211 2391 1109 581 425 13870 19 1369 2228 581 203 29777 61216
4189 61226 59 3210 115 881 30902 10341 581 1044 1064 44938 7624 41502 4180 1825 115 61228 61212 1028 42 696 1028 15894 5090 83 576 61216
32 61277 819 61214 245 61228 1552 61277 22527 362 581 439 31 2069 61226 4857 529 115 61228 61274 8131 8 16983 1064 819 61214 362 14757 232 860 61216
4584 14351 2688 1597 61223 91 14351 2688 1597 46 9312 7843 199 61211 113 1825 27370 5090 6407 172 221 576 529 61223 10341 845 439 1166 63 529 7028 20167 61216
2618 61211 4180 4404 31 20794 2391 31 75 581 61217 61226 4597 529 1109 110 88 529 20629 61228 61299 696 61208 276 209 11786 155 1041 61220 83 2761 729 1316 348 227 529 32440 143 2391 46 9312 7843 380 30 2687 396 61216
58 594 13870 594 45 1219 245 61233 14757 46936 1316 276 3802 959 93 61293 18805 61265 4778 7561 12 1597 149 61228 61274 50556 61260 140 11701 303 5 3668 37575 42 50772 93 61206 61228 61274 50556 61260 140 11701 769 9372 5249 2069 45 1219 245 61233 36 950 1316 276 3802 959 93 61206 61228 61293 18805 647
5702 61226 227 968 91 9255 8816 2525 149 61228 61245 8787 3494 40644 91 221 46723 2391 537 221 44467 439 149 61220 985 27504 15146 537 19 29627 7604 537 594 13870 594 2643 61211 2391 7186 19521 2688 1825 61216
90 1574 1064 3602 19615 61228 61251 18805 7186 110 515 61223 15229 1280 27909 61277 1311 299 301 155 7608 1280 1316 5090 529 1166 61228 61251 18805 61216
32 61228 61251 15682 537 10 1041 529 31 1708 61277 124 2262 66 7367 576 7186 199 61211 827 19615 61228 61245 8787 3494 40644 653 492 7110 3483 115 61228 61245 8787 3494 40644
5702 838 1166 838 1166 24257 1166 61246 9623 844 18848 61223 91 14351 1136 149 881 30902 149 61228 8914 61350 505 188 32895 156 16983 16 14757 30902 7186 2822 756 968 19615 61233 2688 61212 576 61223 1804 5316 505 188 756 968 61300 225 143 2391 1316 348 11172 529 91 348 299 18848 61216
103 36645 2643 29629 27370 5090 6407 2984 199 36 6407 505 19 47456 517 1316 7590 1129 1316 10121 299 439 93 19 47432 2391 91 14351 2688 2391 537 19 3591 1166 61228 11369 85 563 46 9312 4778 44 108 968 36272 3591 2566 65 85 890 2913 124 85 39 301 769 5818 515 1007 203 3802 19 1825 61223 4309 11854 3089 61206 156 642 299 968 28 3730 7838 147 63 396 61216
148 19521 1136 258 425 13870 19 30010 258 29918 61206 46 9312 155 7608 1280 115 61228 61245 8787 3494 40644 42 313 6 12887 245 61228 61245 8787 3494 40644 42 5090 5090 33815 61216
32 61228 61274 50556 61260 140 11701 115 881 30902 155 61228 27040 61247 1166 6454 61256 1263 881 83 273 1708 154 61233 145 83 4015 93 299 710 1594 3802 968 2566 74 76 143 3965 61265 316 298 4015 529 27375 41 61221 14302 8340 154 61228 18591 61247 61216
770 1361 149 881 30902 115 132 4774 6 115 61277 819 61214 245 61228 61274 8131 653 1929 283 18848 61216
32 61228 61245 8787 3494 40644 115 881 6014 115 61228 61245 8787 3494 40644 115 61228 61245 8787 3494 66 881 6014 115 61228 61245 8787 3494 2373 61228 61245 8787 3494 155 61228 52997 2024 1941 42 425 13870 594 9372 61222 1119 2984 581 1044 2566 74 14757 46936 42 696 1028 42 696 1028 245 61233 145 142 2391 1316 7590 890 61216
49465 1179 2984 113 19004 10341 529 5249 1825 91 76 45400 1280 61223 37791 13896 7110 365 1293 91 26952 61216
48232 61227 607 17337 439 2176 5090 8365 1263 61233 576 61223 1064 83 418 61228 83 418 1166 61220 12304 6407 2228 581 203 24964 9372 61277 20440 2984 29397 115 881 30902 2984 581 1044 2984 199 61211 113 301 61223 28 3730 278 127 199 63 91 88 38984 537 88 418 28 3730 91 196 607 17337 439 61216
8379 170 418 2984 386 32263 28 2798 28 425 61233 940 4185 5759 1316 145 142 61211 1369 28 3730 136 278 147 2881 61214 6011 1839 1964 61203 60 5249 4180 594 9372 61273 21743 301 28 2798 61216
32 61228 61237 2963 276 91 10 1041 529 1064 41 43814 20 45014 4378 1361 4390 188 756 54576 155 7608 1280 505 76 18274 273 19 2391 21023 710 59157 42 696 1028 61216
887 31581 303 348 2798 42 696 1028 46 9312 7843 386 61217 61226 827 61216
90 1574 789 1263 61219 38984 61228 61215 4919 4015 1109 581 425 13870 19 51234 61223 9372 5249 4180 1825 7843 41502 4180 1825 7843 41502 827 7843 41502 827 7843 491 13870 15146 28 3730 115 61228 61210 14757 232 439 115 132 4774 6 9372 61273 21743 301 1064 28664 9629 4919 4015 61228 61215 4919 4015 61216 2388 492 7110 581 1044 1263 4919 4015 61223 115 881 30902 5878 188 4383 529 61223 115 61277 819 61214 238 729 1316 188 4383 529 61216
32308 970 3602 2984 61226 227 3965 60 61277 61226 2902 29163 61277 455 4404 27375 41 61277 203 4049 31910 110 3591
48380 61223 91 30372 3602 149 789 1166 42492 1179 2984 710 55604 968 2566 313 6 12887 7186 710 6 12887 27909 61233 19 1205 289 61233 15146 10341 1729 607 17337 439 9629 127 48337 61216
32 881 30902 31 6805 61277 6561 789 93 15616 61314 61265 15497 61212 170 58390 115 881 30902 61216
34646 91 348 5149 149 31581 115 61228 61283 7149 9629 959 1195 31581 8685 1311 4404 28 45014 42 696 1028 38758 60 58754 594 2984 581 1044 303 5 61277 143 2391 66 2262 55846 858 61223 4309 91 2761 1496 48286 13227 94 1597 529 61223 2643 61211 2391 46089 1424 46936 7838 75 75 75 2391 28 45014 362 14351 2982 362 14351 1136 61216
116 39 14757 232 439 115 881 124 860 28 45014 42 45014 42 696 1028 115 61228 6953 61350 1064 83 418 61228 399 258 14761 82 4209 959 5878 88 418 29 29397 42 19 3591 61216
53 2907 83 418 115 61228 61245 8787 3494 40644 115 881 30902 245 61228 61245 8787 3494 28 3730 91 5697 61216
770 14351 2688 4404 149 61293 48659 1263 61219 38984 20 1229 38984 154 61293 48659 91 985 27504 1825 2984 29397 201 61298 881 30902 19615 61293 48659 1166 8807 959 9372 5249 4180 1825 91 348 36 25088 537 14351 4175 1166 8807 959 303 65 65 1157 537 42203 44467 439 10341 104 61273 21743 301 28 6805 1234 11994 30 1825 3056 201 61470 34646 1166 881 30902 61468 91 1361 537 14757 124 7604 61223 151 48659 358 36 6407 1709
18193 1280 2643 61211 2391 91 83 2761 529 36272 1205 289 61233 15146 2566 74 85 890 7624 2822 83 1179 91 1361 61223 258 14761 2636 425 31581 91 1361 4390 348 2080 14550 380 273 1825 38758 316 7452 1263 61219 38984 2984 2362 61226 2362 115 61228 61245 8787 3494 40644 9372 61277 10596 1825 48286 42 45014 653 10007 22563 61216
2618 61211 2391 1109 19521 1136 3026 203 24964 1166 5249 2391 1064 35 88 6 281 1041 61223 48380 6013 9708 124 517 303 5 3668 37575 42 35 7822 28 3730 1064 35 88 38984 1064 18246 1280 9629 959 258 61203 1064 44938 42 594 13870 19 7604 61216
498 36256 278 203 6 61224 4049 278 7334 9 4404 61223 126 59 127 858 278 203 6 61224 4049 2228 104 36365 191 170 19521 4175 86 61228 8945 8524 28 45014 42 20326 61216
4584 88 38984 1316 3668 61206 61223 28 45014 7624 41502 4180 1825 10923 75 75 83 4015 155 5249 1708 1263 9672 2391 31910 61226 2616 1179 61223 18760 1179 9372 61220 6407 46125 505 594 13870 4404 47363 71 36 51234 61216
2173 22563 1166 2653 4 4774 6 91 19 1205 289 61233 15146 149 61228 61251 7583 537 19 1205 289 61233 15146 10341 1729 607 17337 439 61223 7186 4049 31 983 29629 15894 24 19 1205 289 61233 15146 516 18233 113 2391 537 276 3802 31378 61216
148 110 3591 1166 5249 4180 4404 31 2457 23984 61223 6011 19521 1136 6011 19521 4175 258 14761 258 10121 299 439 9372 5249 4180 1825 9372 5249 2069 9372 5249 2069 9372 5249 4180 1825 61216
34646 1166 8807 959 9372 881 1337 61223 27370 5090 6407 42685 1311 1179 20629 7608 1280 28 6805 61277 871 19615 3598 278 147 1028 93 61325 5430 61265
34646 303 5 3668 37575 42 696 1028 42 696 1028 4454 61220 143 88 529 9372 5249 4180 1825 28 3730 2984 365 5 968 2566 74 14757 46936 537 110 1937 6 683 61207 61223 1064 203 29777 15660 170 418 27370 147 1311 1825 2984 199 61211 2391 1109 110 5090 15146 1064 124 85 19 2391 1109 581 439 61216
6630 110 88 273 968 58859 88 38984 61228 61210 47456 517 3026 143 311 789 303 10117 890 537 42203 44467 439 28 6805 135 8087 15894 143 14761 258 147 1311 860 61223 29 29397 2984 61226 10007 6014 2984 61226 10007 6014 2984 61226 10007 6014 2984 845 2069 2643 61211 2391 31 20794 2391 31 20794 2391
887 61220 83 2761 529 10341 110 29627 7604 2984 491 31581 115 61228 61274 50556 61260 140 11701 61228 27040 61247 2984 845 113 1825 115 61228 61245 8787 3494 40644 42 6805 43212 1825 2984 19521 845 299 1825 61216
8379 170 581 203 29777 61223 1523 170 299 20167 2984 845 2069 1954 399 7028 20167 7186 19521 642 968 2566 74 76 61217 273 2391 7624 710 59157 61216
3116 61277 455 4404 154 7367 170 1597 149 61228 61245 8787 3494 40644 303 14757 46936 29 29397 16 1825 1263 7298 4404
27131 4726 2643 1028 2643 29629 2984 61212 642 968 2566 1597 61277 143 1597 61236
770 47432 2391 6441 170 24569 10341 113 36159 301 155 61277 819 61214 362 36159 7604 42 184 2430 301 692 19 1205 289 61233 15146 2566 18549 3668 37575 66 881 25694 93 61206 1804 183 1064 35 2857 61265 1166 61228 651 1316 33540 959 61282 61542 2574 61339 61309 278 147 2881 61214 61223 500 41734 278 147 2881 61214 61223 1676 11980 61312 28 3730 18 49574 61216
34646 1263 83 2761 20 143 83 2761 1263 83 2761 20 71 9715 2566 1283 53141 537 36 203 24964 61223 1021 348 1219 2636 7334 113 2362 61216
770 348 2080 537 14757 124 2262 1041 529 91 61206 61228 8945 8524 155 61228 6156 4927 950 115 7298 1825 2984 29397 115 61228 61245 8787 3494 40644 1316 14757 232 10007 232 7604 1166 42492 968 115 61228 61289 61220 227 2761 61223 48380 5878 348 142 83 576 115 61228 61245 8787 3494 40644 258 10007 22563 19615 61228 61245 8787 3494 12783
208 1234 471 47440 115 881 30902 7186 2822 83 3965 61223 9372 5249 4180 1825 19615 61233 14757 30902 238 729 27370 1197 1119 1263 61224 13896 61216
1642 14757 46936 42 43558 55191 30902 42 871 61233 225 348 227 4015 156 188 301 2011 5 3668 37575 37582 61221 14302 8340 258 205 425 18038 10341 12243 1028 63 61216
8379 170 529 5249 4180 1597 529 91 76 61217 273 1597 537 5 170 199 61211 113 529 93 12130 970 9998 91 19 1205 289 61233 15146 61265 10341 710 55604 968 2566 10 1219 1166 838 278 127 858 73 8787 3494 40644 258 273 940 61211 3965 115 61228 18682 61228 5019 61223 191 1308 52656 6407 2984 491 31581 278 844 13647 61228 61245 8787 3494 40644 9372 5249 3965 61216
90 1574 90 18805 362 5 5249 4116 61223 1021 14757 124 654 14550 3867 46936 303 61225 2861 37582 369 273 4404 154 61228 61251 18805 61223 9372 61212 1311 1825 278 273 576 2913 203 29777 19615 61228 61251 18805 61216
770 1361 4390 1361 3026 170 61212 170 58390 115 881 30902 93 369 28664 28 3730 115 881 30902 31 6805 61277 143 3965 61265 46 9312 7843 710 59157 1263 61219 38984 93 124 61219 38984 31910 710 55604 968 1064 28664 28 3730 1263 61219 38984 154 881 30902 7186 19521 710 26654 647
