140 50556 61260 140 11701 61202 63597 0 62629 61974 61312 0 63410 61969 63208 61223 63681 63912 63681 63912 62408 16817 62258 0 63773 62205 63000 0 63184 62555 63413 0 62311 63123 62874 61749 62877 63735 62862 62234 61974 63816 62678 62877 63735 61223 62392 63256 651 61249 62316 61749 0 61969 62877 63735 61223 62392 63256 651 61309 62316 61749 0 61969 63208 0 62205 63000 62823 63351 62205 63000 0 63184 62311 0 62311 0 61749 62877 63735 61785
1003 56662 63377 62855 61931 63676 63735 62398 62311 62205 62560 62238 62811 61749 63377 63487 61223 61202 0 63460 61223 0 62986 0 62303 63588 63361 62205 63619 0 63015 63660 61223 63597 0 63429 0 61993 62910 0 63592 0 61993 61245 4772 61253 61993 0 63429 0 63429 61993 0 63429 0 61993 0 63429 0 63429 61993 0 63429 0 62205 0 63429 0 61223 62788 0 63519 0 63767 61223 61969 62303 63429 61969 63253 61245 8787 3494 40644 61749 0 63429 63281 62562 0 61749 62910 0 61785 61579
1003 651 61301 62316 61301 62662 61301 62380 61223 0 63554 62797 63545 61266 5193 60310 61265 62076 62850 63849 0 62737 0 62205 62075 0 61749 62850 62303 63074 62297 0 61974 62494 63547 62877 63735 61785 61579 61202 0 63630 61974 62494 63547 62877 63735 61785 61579
61202 0 63429 0 62515 0 63703 63646 0 62075 62915 62170 0 61749 0 61785
61202 0 62716 62076 62850 62303 61749 0 63183 63597 0 62398 0 62527 63906 62865 61749 63703 63647 61223 63473 63253 63028 63333 0 62998 62850 62303 63402 0 63183 0 61749 0 61223 61202 63473 62476 61223 61980 62176 62902 31447 0 62961 0 62629 61749 0 63779 61223 63473 61980 62176 0 62364 0 61749 0 61785
140 50556 61260 140 11701 61202 63651 63394 63179 62544 62205 62555 62430 62947 63279 29427 61969 62544 63131 0 651 5812 183 0 63681 63912 0 63611 62364 62494 62311 0 62574 0 61785 61202 63131 63243 62545 0 62555 63257 61223 62392 0 62480 62364 651 5812 183 62518 0 61785
1003 56662 0 63316 62515 62794 0 62933 63831 62850 62303 0 62075 61977 62831 63343 62629 61223 61202 63492 61974 62850 63849 62849 61749 45684 62933 63831 46153 62816 63081 61931 63343 62940 61785 45773 62850 63849 0 63377 63650 62628 61223 60482 62850 62303 0 62712 62126 0 61223 62103 61931 63201 62794 63548 62824 62103 61977 63240 0 63737 0 61223 61202 62850 63849 0 62398 61749 61977 63240 63774 0 61749 0 62893 0 62480 0 62853 61785 61575
201 62124 63145 62299 61223 61872 62688 63709 0 62076 62394 62558 61202 0 61980 0 62591 62629 61003 61223 61202 48657 62076 39528 62494 63547 61749 63709 62629 0 63275 0 62398 62637 61202 0 61974 0 63429 0 61202 0 61974 42568 61749 0 63600 61785 61287
1003 62076 63709 62629 35924 61223 0 62303 62824 0 63279 63691 0 62364 62103 62242 0 61223 62982 62114 63310 62518 63307 62545 63429 61969 61749 63145 63293 62877 63779 61223 63473 0 31807 61931 61223 63201 62794 0 62075 61749 63536 0 29427 61969 62544 61993 0 63593 63281 63703 63647 61749 0 62940 62877 61223 61202 31807 63201 62794 0 62527 61749 63536 0 61969 62544 61993 0 63281 63703 63647 61749 0 62940 62940 61223 61202 29184 63026 0 63086 0 61785 61579
61202 63032 29829 61749 63377 62855 63341 62940 61931 63816 62258 61282 61202 63532 62371 61749 0 62176 63276 61785
1003 61202 63548 62824 0 63685 62933 63831 53893 61749 63597 0 61282 34361 62880 62075 61977 62831 62850 62303 62075 62877 63490 62983 63462 61223 61202 0 63009 62364 63381 0 63281 62392 62381 0 62827 0 62850 62303 0 63636 62512 60482 62850 62303 61749 0 63685 62933 63831 53893 61785 61202 62982 61749 0 62705 0 62950 62159 61974 63548 62824 61785 61579
201 0 62159 56662 63194 63689 61223 63473 0 62076 62823 63351 62555 62430 62791 0 62238 0 61785 61287
500 2815 30856 63082 48554 63253 53263 62695 63177 62695 63177 0 61749 62877 63490 0 63277 0 61223 62476 61980 62527 0 63444 62558 62484 62408 0 63316 61223 62878 62398 0 61974 61977 62831 62430 62518 61223 63473 0 61974 61977 62831 62430 62518 61223 62392 63256 62878 62398 0 62075 62737 63378 62560 62890 61785
1003 61301 62662 5756 62380 61223 63554 62380 62811 63356 53263 63026 0 61974 63554 62380 62811 63356 61749 60482 62850 63849 61223 61202 0 63773 63846 62205 62823 63566 62737 0 61223 61202 0 62523 0 63086 61974 62968 63922 61749 63837 62338 61749 62849 0 61785 61579 93 0 61265 61202 0 61974 0 61749 0 62205 0 63390 61785 61575
1003 63676 63735 651 61311 62316 61254 61249 61251 61249 0 61749 62816 0 61223 61251 20571 0 63131 62738 62408 0 63315 62738 0 61749 60286 63015 63660 61785 61579
1003 0 62258 62802 62311 62238 62850 62205 62238 62850 61749 62850 62303 0 62480 0 62712 62933 63831 61993 63249 0 62205 63183 0 63615 62527 61785 61579 61202 0 62480 62364 0 62850 62303 61749 0 61785 61579
73 8787 3494 40644 61749 0 62893 0 62801 62076 0 62853 61785
1003 62710 62628 61223 62710 62628 61223 0 62950 62159 61974 63802 63851 62615 62297 61749 0 63277 63279 63691 61223 62392 0 62512 62512 61969 62877 63490 62877 63735 61785 61579 61202 63473 0 62076 0 62950 62159 0 61785 61579
201 62571 0 62338 0 61749 62628 63522 61223 61202 62998 62099 0 61202 63473 0 63851 0 61785 61287
16621 62688 29184 63511 0 56662 0 62691 63281 0 63075 61749 0 62705 63281 62915 62170 0 61749 63405 63096 61785 16621 29184 63511 0 56662 0 62691 63281 0 61749 0 61785
61202 63138 62521 0 63685 62933 63831 61749 63782 63967 61223 63473 63378 62560 62850 62303 61749 62933 63831 63020 0 61282 61202 62205 63028 63333 62205 62850 62303 0 62512 62484 61223 63473 63548 62521 0 63685 0 62933 63831 61749 63782 63967 61785 61202 63548 62824 0 62933 63831 61749 63782 63967 61785
1003 61325 61202 0 63355 61749 61245 8787 3494 40644 61202 0 62075 62737 61749 62677 0 61749 0 62398 22268 62627 62767 62076 61239 19832 61228 61245 8787 40644 61749 0 62968 63922 0 63281 0 62558 61223 62788 62076 63313 62258 62968 63922 62398 62075 11249 61246 61749 62928 0 61749 0 63592 0 62398 0 62234 62767 62076 0 63592 0 61749 0 61785 61575 61575
61202 62959 63690 0 62797 0 62076 0 62843 0 63009 0 63979
61202 63709 62629 61283 61260 62205 63480 0 63277 62587 63999 61980 31807 0 63355 62408 61223 0 62961 62238 63043 62737 61749 62877 63735 62418 0 63235 61785 61202 0 62075 62737 61749 62877 63735 62418 0 63235 61785
26351 63313 62258 62288 61969 62398 61223 0 63429 0 63026 63168 62234 61974 61785
1003 61301 62662 61309 62380 61223 61245 8787 3494 40644 62075 62737 61749 0 63601 62850 62303 61749 62238 62629 62877 62850 62303 0 62076 62398 62311 61223 62878 62398 61223 5756 61301 63410 62678 62850 62303 63026 63009 62364 0 61223 62878 62827 61931 62380 62574 61223 62401 62558 62075 61249 2666 61309 63410 62678 62850 62303 63009 62364 0 61223 62801 62827 61931 0 61223 61249 2340 61309 63410 62678 62850 62303 63026 63009 62364 0 61785 61575
1003 63253 62401 62831 61969 22268 63168 0 61749 63712 63735 61223 0 62801 62364 63406 62831 63767 63138 61223 62982 0 62801 62757 62076 0 63394 61785 61579 61202 61785
61202 0 62791 0 63074 62297 61202 0 27094 62458 0 61202 0 62716 62982 61749 62628 63522 61202 0 61980 62176 0 62716 0 62338
1003 62076 0 63429 0 61749 0 62398 62682 63081 63026 0 62076 0 62338 62558 0 61749 0 63281 62523 63253 0 62338 0 62795 61977 0 61223 61202 0 62076 0 63429 0 62449 62290 0 61785 61579
1003 0 63823 61931 21929 0 63016 61749 0 61228 0 61223 62788 62103 61980 63116 63016 61223 61202 62408 61974 62982 42043 0 27094 62458 62683 61931 63043 62710 61977 62739 61749 0 62364 2811 0 61223 61202 62982 63548 62824 0 62364 0 61749 63681 61977 0 61749 0 61223 61202 62801 62827 61872 62176 0 63315 62494 0 63823 0 61749 0 61223 61202 62801 62827 61872 62176 62955 62364 61977 62290 0 61977 62290 0 61785 61579
1003 63709 62629 35924 63064 0 63086 61974 61223 62756 62815 62075 63774 0 61749 62555 63413 61223 0 62950 62159 0 62983 61993 0 63621 61993 62205 0 63206 61749 62552 0 63281 0 62961 63767 63138 61785 61579
1003 63313 63240 61931 62853 0 63545 63671 0 63429 0 61266 9164 61207 61314 769 21929 0 63822 62738 0 61749 0 62776 0 63429 62205 21929 62627 62767 0 63429 0 63822 62523 61785 61579
1003 61239 19832 61228 23419 61314 3598 0 63429 0 61223 61245 8787 3494 40644 61266 63545 63671 0 63429 778 8335 61749 63420 63015 61223 61931 61977 63240 0 62776 0 63429 61223 62878 0 63355 0 62794 34192 61311 62316 8702 62662 62323 61977 62774 62076 61259 983 12 61223 61254 380 85 61223 62398 62311 0 62627 62303 61785 61579
1003 63405 62757 61223 62878 62398 61309 1686 61301 61969 62398 61249 9612 61332 60513 9360 61749 61245 8787 3494 40644 0 63429 61969 63519 0 62648 63536 63624 61223 62878 62398 63341 62940 62075 21929 62986 0 62303 63588 63361 63026 63168 63460 61785 61579
1003 62238 62587 62290 0 62928 0 63593 63618 62960 61266 61251 5340 61265 63281 61931 48657 62878 61980 0 62776 0 63281 61931 0 62480 62364 62515 62615 63758 0 63429 61749 63774 0 61223 62796 62076 62323 62897 61228 18682 0 63278 62398 62449 63460 61749 0 62398 61223 62076 0 62691 61749 44975 62960 63010 0 63501 62076 0 62997 0 61785 61579
500 2340 26351 0 62398 61223 62767 62075 0 62839 0 63279 63691 62205 62567 63321 62076 0 63592 0 63545 62850 0 62398 62892 62527 61749 62430 62518 61223 62878 62398 63597 0 61974 63372 62258 0 63660 61282 6172 61202 62749 62176 0 63877 62545 0 61339 8342 61202 0 62691 0 63545 62850 62075 62737 63279 61749 0 61339 11727 30856 63208 0 63592 0 62737 63279 0 61339 15291 61202 0 62776 63545 62850 0 61339 15291 61202 62877 63735 0 61339 62205 24388 61202 62877 63735 0 61785
1003 63201 62794 62940 62176 63276 63281 53263 63194 63689 61223 63253 63110 0 61749 0 62159 62983 63586 62126 62364 62571 62555 0 63474 61223 63862 0 62076 63709 62629 35924 63026 63767 63138 63281 63026 63315 62494 62737 0 61785 61579 93 61234 61300 18262 38310 1190 3060 61271 61216 3233 61271 61216 3060 61271 61216 3363 61271 61216 3363 61271 61216 3363 61271 61216 3363 61271 61216 3363 61271 61216 3363 61271 61216 3363 61271 61216 61309 61785
1003 26351 62986 62587 0 62303 63588 63361 61749 62767 62075 63281 62997 0 62205 0 63429 0 61266 0 61993 0 62205 0 63429 0 61265 61749 0 62961 63377 62855 61223 62515 45684 63355 0 61749 0 63015 63660 61749 62877 63735 62408 61335 1442 61256 61266 2804 61332 9360 61749 63429 61969 61266 62874 3236 0 62527 62794 0 63429 61969 61266 62874 3236 61785 61579
1003 34361 61872 22268 62915 62170 63869 0 61223 62400 0 62478 0 63237 61223 63473 0 61872 62448 63406 62558 61223 61202 0 62480 46428 62555 62430 63588 63361 61749 62567 62928 63222 63594 61785 61579
1003 0 63202 63356 61223 62076 0 62984 61223 63545 0 63087 62238 62850 61749 62850 62303 62076 61237 1229 18435 0 61202 63681 63912 62661 63285 62234 63341 62940 61312 0 63410 43210 61785 61579
1003 62076 62853 62648 21929 62075 0 61749 63945 63769 62299 61223 61202 31807 0 62827 62075 62950 62648 0 63086 61223 59772 34361 61872 62567 63321 62076 0 62075 63774 0 63945 63769 61223 29390 62831 35924 63131 55989 62998 61872 63802 63851 0 62983 61785 61579
61202 45684 62968 63922 61749 62850 0 61931 63201 62555 62430 0 62737 63279 0 61749 0 61785
61202 0 63935 62238 62030 61931 62928 61749 0 62398 62637 61785
1003 63681 16584 7057 0 63429 61969 0 63611 63636 0 61749 0 62893 62408 61242 13520 0 62968 63922 62205 11266 47625 0 61749 62567 0 61749 0 62893 62205 8794 41734 0 61749 62968 63922 62205 5602 0 63281 63343 62629 61749 62303 63083 0 62398 62567 0 61266 0 61325 52 2351 61265 61785 61579 93 0 61265 61202 0 62408 61249 6953 61312 62316 0 61749 0 61785 61579
1003 63630 0 63583 0 62159 62523 62205 0 63733 62986 0 62555 63257 49089 62114 61931 62567 0 61749 63619 0 61223 63473 63096 63032 0 63086 62982 62114 0 63619 0 61749 0 62159 61223 62796 0 63110 0 62983 0 61223 0 63327 63010 61749 0 62159 61223 62392 63256 62756 62815 61931 0 63075 0 61223 61202 0 63341 62076 0 62961 63774 0 61749 63413 63769 62849 61785 61579
1003 62571 46428 61245 8787 3494 40644 61749 0 62801 61980 62292 0 61223 63253 63480 0 62877 63735 62627 62767 61223 62103 63202 0 63885 0 63202 0 63202 0 63343 62075 0 62776 62205 0 62776 61223 61202 63202 61239 19832 62205 61246 16486 63202 63202 0 62940 62075 0 62776 23152 63343 62629 0 62776 61785 61579
1003 63253 35924 0 63394 62398 61223 62076 34192 61325 62316 62960 63010 61749 4238 61325 62258 0 63593 0 62960 63010 61223 0 62480 45301 62738 0 62323 63125 0 63278 0 45301 0 63432 0 61749 0 63593 61749 63582 63860 0 63860 62408 1666 61325 0 43210 61266 12538 62316 43210 769 61977 0 63860 0 62853 61974 2949 27407 62316 62893 0 61785 61579
1003 62323 61977 61223 56662 62877 63735 61931 0 62681 61223 63473 62103 61977 62290 0 61931 0 62853 0 62853 61749 62829 62745 62205 63536 0 62518 63624 61749 42043 0 62290 0 61749 63222 63594 61223 62392 63256 0 62075 62737 0 62205 57420 0 62303 62587 63600 61749 62663 63251 61749 0 63779 62075 62737 61749 61980 63572 0 62877 63735 61339 61202 0 62796 0 62075 0 62877 63735 62418 0 61223 56662 63377 62855 29184 63802 63851 61785 61579
1003 13125 63240 62430 63504 61931 62548 62364 62076 10001 22621 1681 61202 0 63277 62877 63735 61749 62075 0 29427 61223 0 128 61260 61202 62205 0 63005 62933 0 61749 63279 63691 61202 63168 62234 62076 15556 61229 61202 62205 45684 62555 62430 62791 61749 63000 62678 0 62663 63251 61223 61202 62782 63899 62478 0 63352 62997 62877 63735 62205 0 63532 63394 63020 0 61749 42043 61223 62796 63375 63240 27154 0 62738 0 62811 0 61785 61575
1003 0 63554 62797 63545 61266 5193 60310 61265 61202 55990 62850 62303 48554 57420 61245 8787 3494 40644 61749 63774 0 61749 62850 62303 62877 63735 61223 0 63460 62933 63831 61749 63480 63886 61993 63480 63886 61993 0 62955 62205 62910 62955 62955 62955 61470 1423 34363 0 63886 61242 63341 61301 61468 61749 0 62678 62850 62303 61223 62392 63256 0 62933 63831 0 63886 61470 1423 34363 0 63886 61309 63341 61332 61468 62398 61749 0 62678 62850 62303 61749 62877 61785 61575
1003 62076 63395 62338 0 63075 0 62558 61223 0 63429 0 61749 0 61202 63395 62338 62874 63460 61974 62494 62843 0 61749 61977 0 61749 0 61785 61202 0 62338 0 62398 62627 62303 61974 61977 0 61749 63313 0 61749 0 61223 63597 0 61266 61246 61265 61993 0 61266 61247 61265 62205 0 61266 61239 61265 63377 0 61749 63377 63783 0 62691 0 61785 61575 61266 61203 61265 61202 0 62076 63395 62338 0 61749 0 61785 61575
1003 63709 62629 0 63862 0 62205 63910 63390 0 62523 0 63492 61974 61980 28327 61749 29427 61969 62544 61223 61202 63473 0 62831 63064 63315 62494 63921 63086 0 63390 63090 61785 61579 61202 61785 61202 0 61785
61202 62757 62076 0 63394 60482 63611 62364 61749 0 63460 0 61749 62839 0 62205 61245 8787 3494 40644 61749 0 63394 61785
61202 0 63087 62797 63545 63671 0 63731 0 62797 62205 63000 63081 0 61749 0 61749 44975 61749 61977 0 62486 63168 62234 61223 58 19832 62075 62737 61749 63545 63671 0 63731 0 62797 0 62076 0 63110 62960 63010 0 62076 0 61749 0 62398 61749 0 62512 62484 61785 61202 0 62075 62737 0 61749 0 61749 62430 63504 61785
13125 62757 61931 62076 27272 0 62398 0 62398
61202 62982 0 63128 61223 62076 62103 61977 62512 62484 62398 61223 35924 61977 0 29427 61749 62960 62872 62030 62075 62591 62238 61749 29427 62413 62705 62076 39981 63243 62545 62430 62791 61785
1003 62567 62240 61931 62408 63480 0 62850 62303 61749 0 62960 61980 0 62552 2811 62290 0 61223 63148 62408 62398 62850 61266 0 61265 62850 62303 61749 62850 62303 61223 62103 61931 61980 0 62552 5850 62290 0 61785 61579 93 0 61265 61202 62408 62398 62850 62303 61749 0 62850 62303 61223 62103 61931 61980 0 62552 5850 62290 0 61785 61579
1003 62850 63849 0 63753 62303 61749 0 62303 61749 0 63183 61980 62803 62824 61202 63341 62940 61309 2811 7057 62678 62850 62303 62205 62878 62394 63997 62075 63774 0 61785 26351 62802 62311 61749 62850 63849 62933 63831 53893 61223 0 63398 62797 0 62797 63074 62827 61223 62323 62897 62258 62567 62238 61749 0 61749 0 61749 0 61785 61575 61266 0 61265 61202 62205 62878 62394 63997 62075 63774 0 61785 61579
1003 61202 62986 62587 0 62303 63588 63361 49089 62544 61202 0 62075 0 61993 62756 62815 0 63281 63391 0 62940 61749 61245 8787 3494 40644 61749 62615 63758 61223 63096 62976 0 63294 0 31447 61749 62824 0 62824 0 57420 62523 61785 61579
1003 62615 62297 61223 62515 0 63429 0 61749 0 63277 0 62205 0 62691 0 61228 63545 62850 0 61749 63758 63432 0 63309 63276 0 62076 61977 62589 61785 61579 61202 0 62075 62737 61749 0 62176 63276 61785 61579
1003 61202 63676 63735 62850 62303 62478 63584 63683 63812 61223 63548 62521 0 63685 62933 63831 62983 63783 61749 62960 61282 61202 63676 63735 62850 62303 61749 62478 0 62205 61980 62292 0 62413 62705 61749 63282 63198 61223 61202 0 62878 61931 62408 62303 63083 0 62850 0 62850 0 61749 0 61785 61579 61202 62756 62815 61931 62408 62303 63083 0 62933 63831 0 61749 0 61785 61579
1003 62076 63683 63812 63281 0 63593 61749 62695 63177 44975 62398 61223 62076 61969 0 62398 62075 46428 61251 5340 61749 45053 61993 0 62776 61993 0 62691 0 61993 0 63593 0 62205 0 63235 61749 0 62430 62791 61749 62591 62940 62292 0 61785 61579
16621 63131 63227 62976 61223 62408 61974 0 62877 63735 62076 35924 61977 63886 62874 63460 61749 0 62205 0 62555 62735 61223 62408 61974 0 62512 62878 62877 63735 61749 0 63779 62205 0 62691 0 63545 62850 62737 63279 63691 62205 0 63592 61228 63545 62850 62737 63279 61749 0 63504 61223 62392 63256 0 63138 0 63138 0 61223 62392 63256 0 62515 62878 62877 63735 61749 0 63779 62205 63545 62850 62430 62791 61749 0 62512 62484 0 61785
1003 62323 63125 0 61749 0 61202 0 73 8787 3494 40644 61202 0 61969 62877 63779 62290 0 62238 61749 63548 62521 45053 62205 62075 0 62776 61931 0 62238 61749 61223 53523 0 61785 61579
1003 62802 62311 61993 63046 0 61993 62560 62238 62811 61993 63398 62311 61993 62518 62311 61993 62749 62176 63940 62555 62398 62311 61993 0 62205 62802 62311 63546 62311 62862 62234 61749 62567 62238 62877 61749 62829 62745 61223 63892 0 60482 35924 0 63341 62940 62862 62234 61974 61977 62745 61785 61579
201 62408 61974 0 62103 0 63685 61749 0 63016 0 61223 61202 0 62517 61872 62205 45684 61969 61202 63313 62258 61969 62661 62902 27094 62458 0 62364 63043 0 62364 0 61785 61287
61202 0 63110 61969 63184 62205 0 63733 62986 0 49089 63208 62398 61223 62562 0 62959 0 62961 0 61749 63619 0 62567 0 61785 61202 0 62076 0 61969 63184 62205 62311 62986 0 63733 62986 0 61749 0 61785
1003 62103 63429 0 61931 61977 63240 63545 63671 0 63429 0 61223 61202 62878 62398 63597 0 61977 63240 61239 19832 61993 61246 16486 62205 63987 62682 0 62776 0 61749 61977 63240 61785 61579
61202 0 62480 62364 0 61749 0 63009 62364 0 61749 0 63009 0 61749 0 61266 0 63046 0 61265 61266 0 63046 0 61265 61785
1003 56662 62986 0 61749 0 62303 63588 63361 62398 62075 63709 62629 0 62076 62802 62311 63987 62682 61282 61202 63676 63735 62478 0 62650 61749 1432 61332 62316 62877 63735 61223 62802 62311 61749 0 62449 0 61749 63198 0 63976 63202 0 62408 4238 1055 61350 61202 62205 34192 61335 62316 61749 60482 63240 62637 0 63429 61266 63492 0 63492 45684 62637 0 63429 61749 62910 63592 0 61265 61202 62802 62311 0 62303 63083 62863 61749 61249 2244 54539 61785 61575
644 62316 0 62940 61749 61245 8787 3494 40644 0 63429 61969 62877 62398 0 62648 63536 63624 61266 10445 0 61265 63281 0 62648 0 63429 63624 61266 61332 0 61265 61749 62682 62292 61266 0 62678 61265 61785
1003 63776 62796 61223 62238 62629 62877 63636 63732 0 62523 63253 62398 62311 63112 62802 62311 0 61749 0 62159 0 61266 31807 61931 0 63086 0 63086 0 61749 0 62205 63969 63086 61977 62678 0 63944 0 61749 0 63687 61265 61785 61575 61266 0 61265 61202 0 61931 0 61749 0 61785 61579
1003 61202 62959 61245 8787 3494 40644 61749 0 61223 12613 61247 62205 61274 50556 61260 140 11701 0 62076 63244 63413 0 63277 0 61245 8787 3494 40644 61749 62767 62075 0 62839 0 63354 63090 61223 63473 62574 62371 62521 63273 63548 62521 63032 62512 62484 61749 63224 0 61785 61579
61202 0 63671 0 63087 62125 63545 63671 0 63731 63087 62797 61266 61245 8787 3494 1804 8335 61749 62615 63758 61282 61202 63180 63671 0 62238 62850 63849 0 62518 63624 63582 62587 63110 61749 63651 63394 62398 62637 62205 62823 63351 0 63428 0 63897 62311 0 62853 63809 0 61749 62371 62521 63273 63182 61202 63180 62823 63351 62205 62823 63351 63428 0 62518 63182 61749 0 62371 62521 63273 63182 61785
1003 63009 0 61749 62968 63922 62205 62878 62394 63997 62683 63009 62364 0 62961 63774 0 61223 62878 62933 63831 0 63009 62364 0 63316 61223 0 62303 63753 62303 61974 0 61223 0 63844 0 62075 62737 61749 27154 61223 63473 62076 56662 46153 62398 63310 62518 29427 61749 62394 63997 63009 62364 62816 63932 0 63316 61785 26351 62850 63849 62737 0 61749 63405 63096 62398 61223 0 62797 63545 61266 5193 60310 61265 58800 62892 62527 0 63685 0 53893 62205 62478 63201 62933 63831 0 62527 0 62205 0 62850 62303 62413 0 62364 62850 62303 61749 0 63733 62986 61223 62392 63256 29184 0 63733 62986 0 63733 62986 61223 62392 63256 62076 0 63733 62986 61223 62892 62527 0 62850 63849 62205 0 61749 0 62933 63831 53893 62205 0 62933 63831 61749 0 61785
61202 63032 63194 63689 62757 62076 62408 0 62824 63877 62853 0 62811 63202 0 61969 63184 61749 62823 63351 0 62303 61749 0 62303 0 61785
1003 0 62801 61223 62518 62311 55990 62124 63090 62205 0 62303 62587 0 62794 651 61301 62316 61309 62662 8702 62380 62076 62518 62311 63548 63355 61974 61977 62958 61969 63082 62811 62205 61969 63082 27154 61749 62829 62745 61785 61575 61266 61224 61265 61202 62518 62311 61749 55990 62124 63090 62205 0 62303 62587 63064 63548 63355 61785 61579
201 61299 273 61749 0 63026 0 61974 61223 61202 62801 62827 62103 63240 63555 62960 63125 62076 0 63075 0 62629 0 62205 0 63982 62811 0 62797 62125 0 62811 0 62797 63074 63010 62627 62303 61749 61251 15682 63202 0 62688 63026 0 61974 61785 61287
1003 62408 61974 0 63973 0 62983 63783 61223 63545 62850 62394 62892 62527 61974 651 61242 62316 61249 62662 651 61242 62316 62398 62311 0 63973 0 62523 62627 0 61749 63224 0 61223 62392 62408 61974 62290 0 62749 62176 62824 0 62691 0 61579 61785 61579
1003 61301 62662 19115 62380 61223 39528 62494 63547 61749 3396 61350 61749 62850 62303 63026 0 63009 62364 0 61223 62878 62398 62075 4238 61256 62258 35924 62398 63597 0 62311 0 62205 6542 62258 35924 61749 62555 62430 0 61223 62878 62398 61332 3396 63410 62678 62968 63922 62205 0 62316 0 63009 62364 0 61785 61579
1003 63618 62960 61931 61223 0 62794 0 63709 56662 63043 62737 62877 63735 61749 0 62484 62527 61223 63131 0 62512 62928 61749 57255 1955 2456 40861 63782 62521 61223 0 62796 62982 62114 0 62527 61266 62629 63950 0 63202 0 62323 61249 62868 61265 61785 61579 93 0 61265 61202 63131 0 63432 56662 62877 63735 61749 62877 63735 61785 61579
1003 63776 62796 61223 0 63235 0 63235 0 61749 0 62691 0 61223 57420 21929 63838 0 62484 62527 57420 0 61749 0 62853 62663 62915 61223 61202 62878 61274 8131 61228 0 62976 61749 61274 8131 61202 0 61749 0 62940 61785 61202 0 62512 0 61749 62749 62176 62484 62527 62398 61931 0 61749 61977 63240 0 61749 0 61785 61202 0 61931 0 61749 0 61749 0 61785 61579
1003 63492 61974 62323 61977 62774 62076 0 62449 0 61749 62928 0 63281 0 63429 0 61749 0 61223 63138 62484 62394 62782 63899 63548 62824 62392 62297 63519 0 61749 63279 63691 62299 61749 63774 0 61266 0 61993 62303 0 63969 0 63279 63691 61223 7310 5014 61749 62915 62170 63110 0 63281 0 62776 0 62776 61749 0 62691 61223 63473 0 62623 61785 61579
61202 0 62076 0 63429 62398 62075 46428 61245 8787 3494 40644 0 61749 0 62776 61749 0 62776 61202 0 62075 62915 62170 0 62521 61749 0 62234 0 61785 61202 0 62075 62591 62940 61749 63712 63735 61785
1003 62076 62398 62311 61223 63201 63823 0 61749 29427 61969 62544 0 63112 62849 62311 61969 57420 63837 63010 61223 62392 63256 0 62849 62311 61969 63184 61223 62756 62815 61931 0 63310 0 61969 63184 63201 31447 61749 63837 62338 62749 61969 61749 62677 62663 63251 62299 61223 62627 62303 61974 0 62234 62878 62823 0 61749 62823 0 61749 0 61785 61579
61202 45301 61246 16486 61228 23419 61314 0 61749 0 62398 0 61749 0 62691 0 61202 63253 0 62126 62478 0 61969 0 62364 0 61969 0 61749 0 61785
1003 62076 0 63935 62947 0 62398 61223 62076 61245 8787 3494 40644 61749 62892 62527 0 62449 0 63394 63074 62827 61223 63131 62076 5316 62258 62677 62628 62986 0 63355 62521 61749 62829 62745 61749 0 63394 63074 62827 63131 57420 62663 63251 61785 61579
1003 61245 15538 61245 62449 0 61749 8702 61256 11549 61301 61969 62398 62880 62075 61335 1442 61256 61266 2804 61332 9360 62829 62745 62299 0 62075 46428 0 62986 61749 46153 61785 61579 61202 0 62984 62311 61969 62544 62311 61749 29829 62449 0 62075 63222 63594 61785 61579
1003 62515 0 62757 61749 49089 62126 62476 61223 63110 0 61749 63774 0 63851 62480 61980 0 61223 62788 62076 61977 62831 62757 0 63429 61969 62398 61223 0 61749 62413 62705 0 62940 61931 0 62940 61785 61579
1003 0 62801 61223 16712 62615 62297 61980 63548 62521 61223 62103 61977 0 61749 0 62893 0 62408 62555 62430 63921 63086 63737 0 57420 63572 0 62877 63735 61223 63281 61931 0 57420 0 61749 62663 63251 61202 0 63572 16712 61749 62663 63251 0 62512 0 61749 62449 63242 63276 61785 61579
61202 0 63709 62629 61980 0 63235 61749 0 62512 62484 62234 21929 62629 0 61228 0 61749 0 63405 0 63235 0 62512 0 61266 13192 61245 61265 61785
1003 62567 0 62961 61749 0 63086 61931 62076 62567 63321 62076 62075 63774 0 61749 63945 63769 61749 0 62159 62523 61223 62788 63709 62629 35924 62126 61749 63582 0 62159 62523 0 62527 62794 0 62430 62791 0 62527 62794 0 62159 62159 62523 61785 61579
1003 56662 63429 61969 62398 62238 62984 61977 0 61266 2335 24326 2335 61301 2815 61325 9360 62398 63341 62940 62075 21929 62986 0 63588 63361 63281 63619 0 63015 63660 61785 61579
1003 16712 61749 62555 63257 61266 0 63277 62555 63257 61265 62615 62297 63548 62521 61223 63473 62075 62103 63240 63413 63769 62076 63343 62629 61749 62829 62745 61223 61202 31807 62075 62865 62545 62413 0 62853 62648 0 63016 0 61749 63145 0 62555 62735 61785 61579
26351 62802 62311 61749 63202 0 63075 0 63202 0 63202 61223 61202 0 62629 0 63075 63671 63075 0 63202 0 63202 0 63343 62629 61785
1003 62076 0 62750 0 63074 62827 61223 62548 62364 62850 62303 0 63589 62076 62394 62558 62205 0 62560 62555 63378 62560 0 61749 63545 0 63087 61749 53523 61223 61202 62560 62238 62811 63961 61749 0 63110 0 61974 61575 0 62976 0 62205 63809 0 61749 62947 0 62159 62408 61715 61715 62076 0 62238 62850 61749 63377 62855 62398 63131 62895 16712 62874 63460 63693 63956 61749 62816 63932 63774 0 61579 61785 61579
201 62902 62982 63253 62827 62791 0 32253 61223 61202 0 61223 61202 62801 62827 62902 27094 62458 0 61785 61287
1003 0 61749 63777 62124 61266 61286 61300 61251 4776 61202 0 63779 61266 61286 61300 61251 4776 34361 61931 61223 62400 0 63886 61579
201 62076 61872 0 61749 62937 62650 62205 0 63086 0 61223 61202 62448 62364 62615 63758 62555 62735 63281 63253 62126 61749 0 62159 0 61202 29184 63202 63987 62682 63343 63687 61785 61287
61202 63375 62827 61223 56662 0 62776 61228 0 62776 62290 0 61749 61274 8131 0 63660 61749 62290 0 63131 62076 62878 62075 62737 61749 0 62776 61228 0 62839 0 61266 61246 61274 8131 61210 61265 62398 62950 62159 61785
1003 61301 62662 12573 62380 61223 9812 62258 35924 53263 0 63630 61974 62850 63849 62737 0 63281 62902 62982 0 62950 62159 61974 61223 62878 62398 15192 62258 35924 61931 62401 63240 61223 62076 0 62311 62850 63849 63026 62737 0 61223 62205 8364 62258 35924 61931 62401 63240 61223 62076 62555 62430 61977 63886 63026 62850 63849 63026 62737 0 61785 61579 61785 61579
61202 0 62316 62893 0 63429 0 61202 63591 62959 0 62691 0 61228 63545 62850 0 62398 61749 61274 50556 61260 140 11701 63536 0 63536 62303 62695 63177 63611 63636 61271 13192 61229 0 63168 63758 61749 63429 61969 61749 63776 62338 61785 61202 0 62076 0 63429 0 61749 0 63429 61969 62544 61749 0 61785
3772 62030 63402 61872 61977 0 63844 0
1003 62323 63125 61223 62076 62103 61977 62960 63010 61223 63201 62794 62076 63709 62629 63082 62811 63945 63769 61749 0 63394 61749 63767 63138 62776 61223 62103 61977 62290 0 31807 0 63112 63343 0 62961 61749 62829 62745 61223 63473 0 62796 0 63394 62205 0 63926 62523 61223 61202 29184 63802 63851 0 61785 61579
1003 62076 61977 62831 62829 62745 62398 61223 62103 62418 61980 31807 61223 0 63243 61872 61931 62478 63201 61223 63473 0 63572 0 62648 61749 62518 63766 62449 63242 63276 61785 61579 61202 61785 61202 0 61785
1003 0 61282 61267 2129 61245 21 1136 968 4523 110 118 93 61283 3965 9574 5380 1136 1679 61223 8391 5380 1136 24682 112 61245 8980 769 8391 5380 1136 1679 84 61289 61298 2939 72 224 282 5380 1136 1679 61223 96 276 146 5280 19 481 59 127 71 2043 5380 1136 1679 84 61289 61298 2898 9446 61 35 481 59 127 71 393 5380 1136 5566 84 61289 61298 3137 61202 0 62961 0 61749 0 62776 0 63628 0 61749 63545 63671 0 63429 0 61266 61239 19832 61228 23419 61314 61223 61239 19832 61228 23419 61314 3598 769 61237 39 9 229 3243 481 59 127 6233 2240 35 5380 1136 24682 84 61289 61298 2953 61202 62398 63529 0 62797 0 63429 0 63429 0 61223 61245 1896 35 84 61289 61289 61298 2953 61202 0 63046 0 62797 62125 0 62797 62125 0 62797 0 62797 62125 0 63102 0 62797 62125 0 63087 62797 62125 0 63102 0 62797 62125 0 62797 62125 0 63102 0 62797 62125 0 62797 62125 0 62797 62125 0 63102 0 62125 0 62797 62125 0 62797 62125 0 62797 62125 0 62797 62125 0 62797 62125 0 62797 62125 0 62797 62125 0 62797 62125 0 62797 62125 0 62797 62125 0 62797 62125 0 62797 62125 0 62797 62125 0 62797 62125 0 63102 0 62125 0 62125 0 62797 62125 0 62797 62125 0 62797 62125 0 62797 62125 0 62797 62125 0 62797 62125 0 62797 62125 0 62125 0 62125 0
1003 62408 61974 63128 63451 56662 63480 0 29829 62398 61749 62997 0 62877 63735 61223 62392 63256 14735 61298 0 62648 0 62205 62878 63519 0 63536 63624 62449 62449 0 61749 62292 0 62205 61980 62292 0 61749 62829 62745 61223 63597 0 63681 62258 61969 61749 62381 63767 63138 62205 62880 62075 62292 0 62738 62855 63605 0 61749 63681 62258 62829 62745 61785 61202 0 63128 61223 62527 62794 0 62392 62299 0 61749 0 61749 0 61223 62392 63256 62878 62398 61749 0 62205 61980 62292 0 61749 46153 61785 61575
61202 0 63554 62797 63545 61266 5193 60310 61265 62076 63375 62960 63010 63351 62710 61974 4238 62258 58800 61282
47525 62075 61872 62076 27094 0 62398 61202 62959 0 63979 0 62075 62915 62170 62392 62381 0 61749 0 63973 62470 61236
61202 62959 62915 62170 31807 63281 0 63712 61749 62829 62745 61749 63084 63294 62843 0 63294 0 61339
61202 0 62560 62364 61223 61274 50556 61260 140 11701 62076 0 62398 61749 62663 63251 63253 0 63257 63464 62663 63251 61749 62663 63251 0 62853 0 73 8787 3494 40644 61749 0 63258 62829 62745 63131 0 62940 61969 0 62364 0 63429 0 61749 31807 62776 61785 61202 0 62940 61974 0 61969 62114 61749 0 63429 0 61749 31807 62776 61785
1003 0 62801 62076 0 62258 62853 0 62811 0 62311 62408 61974 62824 63877 62823 63351 0 62303 62205 62824 0 61223 61786 62480 62364 60482 62853 0 62811 0 61749 62823 63351 0 62303 62587 63600 61749 0 62984 62430 62791 61749 62737 63378 62560 63180 62823 63351 0 62303 63168 63845 63182 61785 61579 61202 0 62984 62430 62518 63766 0 62984 62430 62791 61749 62823 63351 0 62303 63168 63845 61785 61579
61202 0 62238 0 63277 62398 62075 62449 0 61749 61301 62258 62829 62745 61202 44790 62627 62767 61974 62892 62527 62928 61749 0 62868 61785
1003 61245 8787 3494 40644 61202 0 63429 62205 0 62961 0 61749 62567 0 63316 62523 61931 0 63429 0 62205 0 61749 62824 0 63279 63691 63281 0 62986 0 61749 0 62303 63588 63361 61223 62796 62637 0 63429 61993 62398 62637 0 63429 61993 62910 63592 0 61993 62637 62545 0 63429 62205 0 63429 61223 61931 0 61969 61785 61579
1003 63313 63240 0 61749 62853 0 63545 63671 0 63429 0 61266 9164 61207 61314 61265 61266 63753 62303 21929 0 63429 0 61223 0 61977 63240 0 62627 62303 0 63429 61265 61785 61579
201 0 63621 62299 61749 0 63702 0 63620 63926 0 61223 61202 0 63584 0 62824 0 62075 63767 61785 61287 61202 0 62076 0 63621 62299 61785 61287
1003 63341 62940 62075 61977 0 62986 0 61749 0 62303 63588 63361 63281 0 63429 0 62523 61749 61245 8787 3494 40644 0 63429 61969 61749 0 63202 63776 63519 0 62648 63536 63624 61749 0 63429 61969 61266 61309 1055 8980 61969 62398 61249 9612 61332 4063 9360 61749 63618 62960 0 63429 0 63429 0 61266 2613 61298 61265 62449 63242 0 61266 8337 61335 62398 7052 61332 23288 9360 62205 63519 62816 63615 62527 0 63429 63624 61749 0 63429 61969 61266 61242 11958 62398 61749 19090 61256 25215 9360 62398 61749 0 63429 61969 0 62552 61785 61575
1003 62103 63240 0 61223 61931 63313 63240 0 61749 63545 63671 0 63429 0 61223 0 63235 0 63235 0 62843 61282 61293 599 6054 11 50 5380 9 8006 110 63138 63822 61974 61977 63240 0 62776 0 63429 0 61223 0 62480 0 62408 0 63429 0 62756 0 62756 0 61266 38964 61265 61993 61202 0 63429 0 63343 62629 61749 0 62691 0 61266 62796 0 62338 62558 61749 61293 8646 61265 61293 928 8038 50 5380 9 8006 110 61266 61293 11701 61265 61785 61575
61202 0 48554 0 62627 61974 62515 62892 62527 0 62449 0 63222 63639 61223 0 62176 0 62408 61245 8787 3494 40644 0 63240 0 61785
1003 651 2811 62316 61301 62662 61223 61239 19832 61228 23419 61314 3598 0 63429 0 61749 62749 62176 0 63429 0 61749 0 63235 63074 62827 63026 62484 62408 0 62691 0 61749 62615 63758 61785 61575
1003 62103 61931 63015 63375 61223 34361 62076 0 62983 62398 62627 62767 62915 62170 0 63235 0 61223 61202 29184 62515 0 63082 0 63281 0 62756 0 61749 0 61969 0 62716 31447 0 62076 0 61749 62401 62831 61969 61785 61579
1003 62824 62690 62076 62878 0 62159 63128 63842 62398 0 63432 63647 61223 62756 62815 61931 62076 0 62159 40244 0 62159 61223 62756 62815 61931 62076 0 62159 40244 0 62159 61785 61579
1003 62076 63592 62398 22268 0 62521 61749 0 62515 0 63429 0 63281 0 63405 0 61749 0 61223 0 62801 61931 62076 0 62950 62159 61749 61785 61579 61202 0 61931 0 61749 0 61785 61579
61202 0 63235 61749 0 62776 0 62776 0 62776 0 62303 0 61202 0 62738 62408 0 62303 62691 0 62303 0 61749 62303 62691 0 61785
1003 62076 62756 62815 62075 63774 0 61749 35924 62398 61223 0 63275 62705 61993 0 63390 62205 0 63862 0 31807 63026 62737 0 61785 61579
61202 62984 0 62125 0 63987 63224 0 62797 62238 62850 61202 0 62398 62637 0 63279 63691 62205 62819 63020 0 61749 62303 63083 63343 62928 16643 0 61749 0 62555 0 62205 0 62797 0 62983 63783 61202 0 62555 0 61749 0 62205 0 62983 0 61785
61202 62408 61974 62548 62364 62494 62843 63592 0 63128 63451 61266 61293 18805 61265 61749 63377 62855 61749 62877 63779 62205 62076 63295 62316 61969 62205 62968 63922 62398 61749 62512 0 61223 16712 62695 63177 0 62076 61274 50556 61260 140 11701 62877 63735 0 62986 62695 63177 0 61266 0 61325 1389 8335 61785
1003 62567 62827 61223 63253 62627 62767 63180 61245 8787 3494 40644 63182 61749 63712 62623 62829 62745 61223 62076 62574 62311 63279 63691 62398 62862 62234 61974 62103 61977 0 62853 0 61749 0 61749 63145 63646 61749 63776 62338 61785 61579 61202 0 62794 0 61749 0 61749 0 61785 61579
1003 63676 63735 61251 18805 62928 0 61223 63555 62960 63125 63953 62159 61749 45684 0 63953 62159 61974 61785 61579
7700 90 15682 63980 62795 61974 62103 62958 63655 62833 61223 62076 61977 62678 0 62544 61286 3302 157 10845 61749 61245 8787 3494 40644 200 5348 6032 0 62398 62627 62767 61974 0 62776 61749 0 61785
1003 651 61312 62316 61301 62662 2811 62380 61223 39528 62299 61749 8914 61350 62629 61749 62850 62303 63026 62103 61977 0 63774 0 61223 61202 62982 62076 8702 61312 62258 35924 63026 63026 0 62408 35924 62850 63849 0 61785 61579 61785 61575
1003 0 61977 63240 31807 62776 61931 0 63313 62258 61980 62710 61749 0 62756 0 61266 63776 62796 61223 61977 0 63253 62398 62311 61749 0 63202 63356 0 62205 0 63202 63356 61749 62323 62897 0 62802 62311 0 769 62788 62176 62824 63712 61872 61980 62176 0 63075 0 61969 63281 61980 62176 0 62997 62448 27094 0 62691 61785 61579
61202 62408 61245 8787 3494 40644 0 62527 0 63429 0 63593 62205 45684 62928 0 63429 0 62691 62892 62527 61749 63469 63240 0 61749 0 61785
61202 62959 12613 61247 61202 62959 61274 50556 61260 140 11701 61749 0 63277 62544 0 62794 3337 4182 283 12706 61266 0 63138 0 62983 63783 61265 651 61256 62316 62323 651 61256 62316 62323 61301 62868 40574 62398 0 62521 62408 0 62303 62824 0 61749 0 62824 0 61223 62392 63256 651 61256 62316 8702 62662 61249 62380 61749 62824 0 61785
201 62076 63545 63671 0 63731 0 62797 0 62075 21929 0 62776 62776 0 61223 61202 0 61977 0 61749 61274 8131 0 62627 62303 61287
1003 62959 0 62961 61749 61245 8787 3494 40644 61202 0 63429 63624 61749 62494 63547 0 62512 62484 62205 0 63935 0 63973 0 61223 61202 63575 62258 62892 62527 61749 0 62527 63737 0 61749 63377 62855 62628 0 62527 62794 0 63016 0 63802 63851 0 61749 63377 63783 61223 62392 0 62757 62076 0 63429 63624 61749 62494 63547 0 62776 62205 0 63973 0 61785 61579
201 0 62705 0 62940 62982 61223 61202 63473 0 62716 62076 0 62364 27094 0 62791 62297 61202 0 62716 0 27094 62458 0 61785 61287
1003 62103 62682 63081 61980 0 62552 0 63253 63333 63570 61749 0 61223 63015 63375 61223 62982 42043 16934 62297 62791 61749 0 63973 61223 61202 0 61931 25781 0 62552 61974 0 63429 0 63281 0 62398 61749 63826 62288 61749 0 62776 61931 63000 63081 0 63281 63000 63081 61749 61785 61579
61202 63375 62560 63342 62716 61202 0 63685 45684 61969 61202 62824 62690 63816 63897 0 63281 63313 63950 0 63685 61202 63473 0 63086 62076 63636 63732 62398 0 62512 61202 63473 0 62940 62205 31447 61749 62947 0 61785
61202 62756 63972 63732 0 61974 62103 61977 53523 62076 45684 35924 0 63601 62983 63783 63074 63010 61749 63676 63735 63180 62823 62984 63182 61749 35924 0 63601 62124 63090 62983 63783 63074 63010 61749 63011 62745 61785
201 0 61977 62774 61202 0 27094 62458 0 61202 62527 0 62205 0 63282 61223 61202 62801 62827 62902 27094 62458 0 62076 21929 63838 0 61749 0 62338 62299 0 61785 61287
1003 63676 63735 62418 0 61749 0 62691 0 63545 63973 63961 932 17127 61432 61749 63224 0 61223 61202 0 62205 63083 62863 0 63429 0 62892 62527 0 63429 0 62950 62648 0 63429 0 63281 0 63429 0 61749 0 62691 0 63281 0 62691 0 61749 0 62691 0 62950 62159 0 61785 61202 0 62523 62950 62648 0 63429 0 63074 62827 61223 0 63429 0 62303 0 63851 62480 61980 0 61223 63473 62982 61749 62303 62691 0 62950 62648 0 61785 61579
61202 0 63482 0 63086 0 61749 0 61749 62430 62518 61785 61202 0 63482 0 61749 62430 62518 61785
1003 0 62801 61223 16712 61749 0 62398 63131 63597 0 62076 45053 0 63243 62545 62205 62076 16712 61749 0 62555 62735 63343 0 61749 0 63128 61749 0 63138 0 63138 0 63138 62430 62518 61749 62862 0 61785 61202 63131 63597 0 61974 0 61749 0 61785 61579
10321 61202 63940 0 62878 63545 63671 0 63731 62797 61266 15616 61314 61265 62076 63940 0 62878 62398 63753 62303 61974 63693 63956 62749 63746 61785
1003 34361 61969 62114 63685 62695 63939 62843 63945 63769 61223 61202 62892 62527 61969 62544 62205 0 61969 62544 62627 0 62937 62650 61980 62176 0 61202 63961 0 62756 0 61749 0 61223 62982 62892 62527 62794 63548 62824 62076 63845 63805 0 61969 62544 61749 62555 62735 61223 62892 62527 61749 61283 7149 61749 0 61785 61579
1003 0 63429 0 61749 0 62205 63545 63671 0 63731 0 62797 0 63202 6953 61350 61223 63015 63375 61223 62982 61749 0 62688 61931 0 63822 62738 61749 0 61785 61202 63015 63375 61223 63026 0 63976 61931 0 61749 0 61785 61579
26351 62915 62170 62288 61969 62398 61223 0 62961 61749 61245 8787 3494 40644 63554 63444 63554 63356 22268 62627 62303 63281 22268 62562 0 61785
1003 63004 63584 63545 62476 61223 63529 0 62076 61293 48659 61749 0 62159 62408 0 62749 63243 62545 61223 61237 65 1978 511 62476 61223 61575 62076 63797 63651 63343 62238 61749 63405 63096 62430 62791 62075 62737 0 61749 62484 62527 61579 62205 61575 61470 61203 61468 34361 62075 0 63601 62628 61223 62400 62030 63591 62853 0 61293 48659 61749 0 61579 61785 61579
500 2340 29390 62831 48554 62408 62615 63758 0 63277 0 63703 62976 61974 0 63075 63102 63398 62797 0 63398 61749 0 61223 62878 62398 0 61969 62413 63599 62865 0 63138 0 63636 62398 62637 61749 61245 8787 3494 40644 61202 62615 63758 61749 63413 63769 61223 61969 62114 29184 63168 0 62878 62615 63758 61223 62392 63256 62076 0 62984 62430 62791 61749 0 62984 62430 62791 61749 62615 63758 61785
1003 16712 61749 62767 62075 63279 63691 29184 62076 63912 0 62853 62364 63313 62774 61223 62788 31807 63681 62750 63281 63681 62258 62677 62628 61749 62877 63735 61202 63096 63032 61931 16712 61749 62615 62297 61749 62548 62518 61785 61579
61202 0 63773 0 62076 63681 62258 62678 0 62299 61202 0 62381 61749 62749 62176 63940 62555 0 62076 62398 62311 62238 62629 62877 62678 0 62398 61785
1003 63709 62629 35924 61993 0 61993 0 62205 63773 63184 62518 63997 0 63482 61974 63249 62076 62394 62558 61749 63194 63689 61223 61202 63676 63735 62878 61931 62782 63899 62737 0 60482 61980 62782 63899 61749 0 63390 61785 61579 61202 63180 62823 63351 62205 62823 63184 62518 63624 62205 62311 62518 63624 61749 0 61785 61579
1003 62982 63597 0 61251 7583 61749 63391 0 63279 63691 61223 63473 61980 0 62408 63987 62682 61969 63208 61785 61715 61715 56662 61931 63763 62394 63703 63647 61223 62782 63899 0 62794 62567 0 61749 63774 0 61785 61579 93 0 61785 61202 61785 61202 61785 61202 61785
1003 63253 0 62933 63940 62555 63413 63586 62126 62364 63628 0 63636 63732 61223 62076 62238 0 62238 0 62299 0 61969 63184 0 63636 62398 61749 53893 61223 62076 0 62705 0 63086 0 63429 0 62627 0 61223 62076 62494 63547 62299 0 62795 63352 0 61785 61575 61575
201 34361 61872 62782 63899 62234 62448 61223 61202 0 62716 0 63341 62940 0 61256 0 20215 63897 0 61265 63685 62815 61969 61223 61202 0 62716 0 63685 0 61785 61287
1003 61977 62958 62950 63213 61749 0 62776 0 63138 62893 29184 62484 62408 61575 0 62776 0 61579 61749 0 63377 63783 61223 34361 62076 0 62398 0 63501 61749 62877 63735 57420 46428 0 62776 63281 0 62776 0 62776 61749 63222 63594 61785 61579 61202 57420 61974 61977 62958 0 62776 61749 0 62776 63281 0 62776 61749 0 62776 61749 63222 63594 61785 61202 63473 0 62075 62737 63279 63691 63128 63842 0 61749 0 62776 61749 0 61785
1003 61202 0 63592 0 61228 63545 62850 0 62827 0 62413 57420 62515 61969 63208 0 61969 62877 61749 60286 62663 63251 61223 61202 63473 0 62843 63279 63691 62413 57420 0 62076 0 62205 63536 0 62870 0 62398 61749 62947 0 62205 0 62303 63377 62855 61749 63083 62863 61223 62392 63256 62076 0 62843 63279 63691 61749 62075 62737 63279 63691 61749 63222 63594 61785 61579
61202 0 62853 61749 61245 8787 3494 40644 0 61223 62392 62892 62527 61274 50556 61260 140 11701 61228 27040 61247 63279 63691 61223 0 62950 62159 61974 0 62238 61749 0 63243 62545 61785
1003 62710 62628 61223 16712 63131 62126 0 62853 63611 0 61749 0 63394 16621 62413 0 62480 62364 56662 60482 61749 0 62691 0 61228 63545 62850 61749 0 61785 61579
61202 35924 0 63547 63797 62030 0 61974 61245 8787 3494 40644 61969 63184 62737 63003 61749 62159 62408 0 62030 61223 62392 63256 62878 62398 62075 62737 63378 0 61749 0 61785
47525 62075 62103 0 63979 61202 63851 63235 61872 0 61749 62555 62430 62470 61236
1003 0 63504 0 63074 62297 61749 63532 63394 61266 63681 62258 62662 16584 62258 62662 61265 63131 62290 63447 62392 62381 61749 62303 63083 63636 63732 62738 62408 61282 815 2574 61339 61309 0 61993 61309 41734 0 61993 11266 11980 61312 0 61993 62205 13738 0 63281 62629 61749 62303 63083 61785 61579
1003 34361 62076 12613 61247 62398 61749 0 63138 63822 62523 42043 63343 62629 61749 0 62739 61223 62982 62400 29184 0 62853 61785 61579 61202 61785 61202 0 61785
1003 62398 62311 62205 62560 62238 62811 62627 0 61749 29829 58800 61223 62076 0 62961 61749 61245 8787 3494 40644 0 63429 0 63015 63660 62398 63597 0 62986 0 61749 0 62303 63588 63361 61223 62788 62802 62311 61245 8787 3494 40644 63429 61969 62398 61749 62986 0 62303 63588 63361 61749 62877 63735 62615 62297 63519 62862 62234 61785 61579
1003 62238 62984 6241 61350 61749 0 62863 62738 62855 62075 0 61749 0 61223 61202 62801 63148 0 63501 61749 63377 62855 29184 0 62648 63536 63624 61785 61579 61202 0 62076 63536 63624 61785 61579
13125 62831 63429 61969 61749 63128 63451 0 61749 0 62776 0 62627 0 62076 63480 0 63278 0 63844 63519 0 63429 0 63429 0 63429 61749 63480 0 61749 29829 61785 61202 0 63844 0 63429 61969 61749 0 63429 0 61749 0 63429 0 61749 62297 29829 61785
1003 62515 62794 62392 62297 0 63432 61749 0 62691 61266 63776 62796 0 62811 63356 61749 0 63282 0 63075 63671 63075 0 61265 61749 0 61223 62323 63125 61228 5019 0 63278 61749 0 62290 0 62398 61223 62076 61245 8787 3494 40644 61228 0 63429 61969 63208 62398 0 62521 61974 61245 8787 3494 40644 0 63429 0 61749 31807 62776 0 62418 0 61749 31807 62811 62527 61785 61575
1003 63676 63735 61251 18805 61202 63352 63251 61223 62103 62958 63655 62833 61202 0 62947 0 53263 62408 0 63045 0 39528 0 61969 62544 61749 0 62984 61309 0 43210 61749 0 63860 0 62521 62960 61785 61579 61202 0 62794 651 61249 62316 61309 62662 61249 62380 63341 651 61335 62316 61325 62662 3676 62380 61223 0 62984 61309 7057 43210 61785 61579
61202 63545 63671 0 63087 62797 63554 0 63554 0 61266 63281 61931 63084 63294 0 61749 0 63554 0 63554 0 63281 0 61749 0 63429 0 63554 63444 63554 63356 61265 62205 63630 0 63224 0 61266 63281 62523 61931 63084 63294 0 63395 0 63630 0 63224 0 63281 0 62776 0 63429 0 61265 61749 62303 63753 62303 61785
