1046 61763 61796 61580 2333 61567 61593 3385 459 2249 195 18972 3306 61383 21292 6144 2121 2468 13106 30063 61272 61223 1347 36219 42504 4260 61383 44176 7694 2349 61580 241 13095 19508 337 549 2150 5082 15186 3498 260 11232 37110 35764 1180 440 296 31493 3498 3769 61279 7640 4706 1347 7635 1881 6674 9485 29449 24576 18979 463 1661 31767 61235 13025 61216
1667 61961 388 31666 3306 1347 61272 2157 459 6611 195 2468 217 1184 26712 61275 241 21634 290 61238 337 1544 290 421 61240 61223 2032 43008 14423 2249 61223 2032 58619 3306 61223 11411 24207 731 61333 38847 5748 61238 45618 8762 50461 337 14250 4031 61272 5608 52210 25380 1660 931 61223 1347 18033 36558 61223 2526 549 21073 2058 5130 61223 195 4315 61232 2058 322 12625 10961 14799 61223 5690 9752 11713 1450 61240 61223 1046 61627 61580 61600 61223 14893 617 61355 8194 45450 543 61316 44202 61223 2645 363 26440 61263 8194 2410 543 61316 8194 45450 543 61316 44202 61223 549 21073 2058 61407 8194 45450 543 33544 61223 337 2410 543 61316 9118 61513 61223 34863 14660 731 42189 61316 8346 14586 2410 543 61316 9118 61513 337 8031 35804 2121 61228 1345 73 8787 3494 40644 1709
201 61580 426 318 15618 290 20385 61535 61816 61567 56499 3385 34215 343 13899 26565 27218 61310 5608 27218 61310 5608 27218 61310 5608 27218 61310 5608 27218 61310 5608 331 21494 1881 1709
7513 465 24724 8753 56161 5836 61223 10150 731 554 13600 954 241 3746 61423 315 61216
2438 56161 8294 2548 25678 8665 4023 21561 3451 3306 61223 17067 35213 9025 6611 50658 9044 27218 61310 3498 38218 7640 337 658 7272 5486 2249 658 51057 2014 954 53984 16912 241 39519 195 1303 2548 19671 331 18050 61223 10150 12078 1732 23573 337 1557 7852 421 38218 3306 27218 45241 61216
1321 19457 6647 5608 50619 9501 61333 13607 1046 61763 61796 61580 2333 61567 61593 337 26504 4061 464 414 771 18763 2190 1347 12084 315 9044 32733 24897 421 33963 296 11103 388 1184 4706 13695 61223 10150 12078 13053 22814 27431 24765 2468 13106 30063 61272 331 15594 600 61272 416 5812 183 3769 61279 7640 35764 3996 61383 61216
2603 265 5082 33725 421 36381 1538 250 61355 936 42593 6395 15333 61223 17067 8753 15345 3306 12869 2548 11411 954 549 50278 24724 24140 28676 47227 19822 58221 33336 3238 61216 2603 382 5073 61398 31009 32113 33336 3238 40081 922 9750 4256 1913 954 241 44610 53325 459 658 18972 13607 33336 61268 241 31666 322 51911 13695 61223 2032 4260 42593 6395 3306 44429 17051 241 33336 1479 61223 24335 16022 658 18972 30975 33336 3238 61216
201 61810 893 4758 342 61223 549 1447 965 6498 61238 3385 61240 61313 2599 370 12850 2548 241 18050 61223 2032 5554 954 21676 61223 464 50278 1689 57809 61238 44140 61235 936 414 4260 61383 16873 543 658 18972 3306 4706 13695 61223 10150 464 61235 61541 2719 954 731 45691 17840 17414 45450 543 10825 798
1667 61591 13095 55993 12615 26863 61223 49652 23274 35866 421 36803 14743 45821 337 1732 4305 343 241 549 34199 15212 1660 24072 24912 954 13095 6498 61238 6674 12644 58619 7640 61223 337 16665 24140 1660 61223 2032 11449 549 13565 1557 5592 342 13053 22814 731 61541 1750 1768 241 31666 322 549 61294 459 1474 22405 1557 43214 37414 830 965 4031 3052 31042 61383 51293 61223 1433 363 61272 61398 28738 6427 25270 7035 7640 36402 11900
3171 61223 2032 13565 13053 33817 241 18024 31070 617 61223 16684 4256 5082 534 4933 549 50278 29188 6674 12644 61275 1557 617 21449 61216
201 61810 2058 659 2548 61223 2032 549 11411 6611 1814 3996 1982 30633 241 4315 23071 20607 3498 27218 61310 3498 20823 620 61423 61282 3030 20376 8294 53047 61223 20447 1474 370 24207 61223 2032 42593 6395 3306 241 1347 7635 6208 9621 658 10025 14255 2150 6476 3498 6427 1732 8737 61272 19508 241 30534 1985 61383 1331 61275 993 843 19041 3098 61243 993 40670 954 993 4315 23071 20607 3498 27218 61310 3498 20823 61275 61223 14213 3001 48061 549 1447 965 6498 61383 27218 61310 6144 27218 61310 6144 731 382 5073 61398 61223 26847 549 19041 46611 993 40670 954 241 4315 61232 421 61232 421 61316 1709
201 61567 61235 5490 5082 61398 322 12403 38217 936 61223 337 3385 1658 659 4557 260 363 61272 931 241 830 26073 315 798
201 61567 61235 893 5486 1881 15273 26612 658 7272 5486 6611 49749 61238 2121 35393 10379 49870 61223 414 61355 2020 61272 731 1180 2099 893 426 4933 331 18050 61223 10150 12078 549 464 20115 12869 2548 241 44610 1303 51437 343 464 23054 9044 4256 41970 30633 260 1947 290 21449 10379 49870 10055 1180 10825 798
1667 3379 15618 290 4260 33336 3238 7513 5109 20437 2468 217 33364 421 61223 2032 13317 658 18972 61243 16372 23748 241 7513 5109 426 61513 61223 16986 61238 32287 6208 337 32287 6208 20564 658 18972 3306 61223 722 1433 388 20564 658 7272 33249 61349 53984 1482 922 3385 40670 954 658 1814 10498 922 21676 11900
201 61593 2695 250 1303 617 6546 33773 23224 342 337 241 33921 195 5272 1326 61216 84 61249 61251 2939 787 61580 61665 34863 31475 32808 4240 6025 32544 241 1347 9043 1910 6208 1347 18033 554 4240 33921 798
201 61596 61232 546 421 61240 337 722 817 61232 3306 1415 45903 1726 17356 61423 7704 18222 58531 7640 20564 1303 1450 421 9131 18946 5486 954 23453 2070 414 27218 61310 5608 8035 3052 3996 414 24593 15725 337 21676 61366 2097 337 5554 965 61238 1709
4326 2905 617 922 61235 21768 61333 1046 61627 61591 61665 61600 40644 15231 43523 61216
201 61591 843 4004 195 22222 61223 2121 21231 954 41540 61263 382 61355 13758 15287 2190 331 25184 936 4706 13695 61223 10150 31970 954 16610 426 61513 29449 59507 6010 41424 61223 337 22222 2030 5748 61275 29715 29410 3052 61275 798
201 61596 61232 3196 1415 3996 61223 28457 1658 61383 2831 2020 296 2599 7601 798
11107 37193 337 8552 1180 8665 658 31282 1085 19249 59336 61275 1257 936 996 37212 61228 57001 731 42189 8667 414 12403 1433 363 61272 50461 6427 5152 7939 61216
7704 13551 8294 2526 61252 5748 27218 290 241 993 843 337 8552 1180 8665 658 15287 25783 27218 61310 3251 6674 290 23184 61282 1321 21494 8294 8028 343 53984 1482 61275 337 27218 265 18309 21676 61366 47544 47227 19822 61216
201 22523 1447 965 6498 61383 1489 61241 6395 61243 61223 3385 61316 6476 6144 682 2146 14255 61383 195 1046 61627 61591 61665 61600 40644 549 28324 61268 2840 61279 925 61569 61763 61567 61228 61593 61627 61591 40644 241 2312 32215 465 61423 6427 241 51570 817 315 61223 38814 546 2410 543 61316 5608 5760 21561 61279 4061 11411 421 1299 241 51570 817 3832 26595 2468 13106 4663 61423 61223 241 18050 50769 1544 61313 61596 260 58959 61423 41268 798
722 61303 2157 7251 5608 32587 936 195 331 25285 388 3566 61223 2121 61228 1345 930 5082 3996 61423 1326 2719 61316
1034 342 2070 61238 2349 61580 337 1489 18324 39337 1489 5748 549 34863 14660 331 1345 1447 5388 61349 241 18050 61223 2032 32808 9826 14743 9077 9826 669 290 549 16684 14660 21095 56411 241 938 617 14323 61216
50919 771 1557 5592 342 30781 3052 61238 13913 52539 195 32587 33543 26444 61240 61423 61216
1667 61580 382 500 15618 290 13095 55993 4319 42593 6395 7640 61223 16372 1345 61272 19508 1299 296 15231 370 43141 1299 37424 6812 61275 1046 61627 61591 61665 61600 40644 241 21634 290 61238 61223 24335 3379 61301 1661 31767 61235 936 42593 6395 7640 658 61423 370 17051 61223 10055 1180 12869 2127 1533 6208 337 21324 61309 1661 31767 61235 13025 337 1544 6881 241 3069 843 363 19029 61309 1661 31767 61235 13025 798
201 61810 549 61263 3495 28544 25902 1660 49408 1474 45450 543 10825 47878 38931 731 29449 61223 549 11411 16284 24324 10238 2410 543 61316 9118 61223 33462 61333 731 465 31860 7629 61223 414 39858 11192 3332 265 1709
1059 1750 1947 21750 12442 931 993 13695 61223 4076 464 24149 954 2146 3142 337 7978 26804 4557 430 600 45416 2146 3142 61223 24335 4754 7682 464 2157 61268 61216
6648 5082 465 21292 3251 29410 61366 3251 1303 5082 931 25270 12084 1913 2249 21095 15550 3769 1910 5585 241 996 1585 315 6427 2121 1585 370 39932 440 3769 1910 5585 241 996 1585 16058 61223 27262 4758 3251 241 1931 17465 250 20437 61223 10150 13053 22814 60103 61216
201 61569 8104 440 965 52 3001 3064 15594 61238 38348 4319 61223 2526 549 9207 18551 2146 965 1474 465 61223 464 39122 3001 7046 4810 2249 1328 22278 61243 61223 10150 195 922 2719 954 21750 12442 931 61223 37516 659 4933 61223 2032 4260 6025 1660 3746 2150 3306 414 21880 4880 1415 1982 61223 337 22645 5767 57452 20424 2831 2020 22278 61243 1689 61223 10150 722 8104 440 965 40979 32544 7978 26804 4933 798
201 61591 13095 55993 12615 26863 658 18972 3306 61238 6427 11411 6611 24577 57640 45486 61223 10428 217 3306 61223 337 20639 948 1585 16912 61223 1303 41970 47195 1299 414 44652 4663 61423 61223 241 21880 4880 1299 241 3385 3052 459 61423 337 241 3052 3996 241 658 7272 33249 3498 44140 61235 13025 798
201 61810 549 50278 24724 57926 2301 1533 61272 996 265 217 938 382 217 817 1184 1658 93 9164 61207 61314 769 28338 61223 3385 19474 61272 31093 549 61310 11911 9501 4880 5608 21292 5608 1326 2719 61316 931 2121 10454 2825 931 61223 464 2157 459 2249 241 930 61513 35414 2190 337 1151 61223 2032 414 23573 61223 2032 38110 1913 2249 260 61349 5626 2097 1709
201 61665 61316 15347 2097 925 61569 61763 61567 61228 23419 61314 3598 29715 38110 4240 73 8787 3494 40644 93 25545 217 817 1184 61263 8763 61311 769 2410 543 61316 9118 61223 26847 241 9752 26565 13317 13053 5388 241 4537 38386 778 3137 241 1008 61294 5626 315 61223 241 2871 19106 2058 61240 61223 241 21634 290 61238 798
1667 61591 7751 1447 61275 6243 315 61223 3522 11318 61332 2121 10812 61249 8980 60513 9360 58619 7640 61223 7136 1947 370 16284 1046 61627 61591 61665 61600 40644 549 20564 7563 1985 421 241 13095 265 2470 61223 54876 3206 421 61223 2032 241 13095 265 2470 549 20564 3385 315 13057 61349 17471 9077 14401 41865 2097 43892 600 61235 25184 17945 195 18972 3306 61275 1299 11900
201 61596 342 2070 61238 2526 26565 29441 46743 5608 51513 93 61535 61567 61816 61265 1303 2157 421 12193 1347 1538 19997 61275 29441 4903 26413 61223 16684 14660 2121 61228 1345 13695 61223 2032 12078 11411 6611 549 2514 61532 3566 543 5748 61238 58618 1660 6427 2121 61228 1345 13695 61223 2032 16022 12078 549 3385 17177 659 421 4256 41970 3206 922 241 658 61313 2719 7977 13194 1507 4004 61223 4076 3001 56081 342 241 3069 19282 2096 61228 18682 1732 25129 331 1303 57247 6245 8612 1709
201 61596 61349 4628 1982 6611 15287 2190 61223 60979 61238 2190 61513 241 1347 20634 3451 13194 1303 57247 6245 8612 337 241 33921 195 10055 54838 12570 32544 830 382 21768 61240 61223 722 13690 1347 18033 1660 954 216 16795 6025 28676 61282 15970 331 25184 217 658 61313 2719 7977 8612 930 14097 20607 3251 4256 3052 459 61339 17158 331 25184 21905 830 382 21768 30584 45575 1881 61339 31371 5760 370 543 61263 15555 61243 830 266 241 2410 543 13992 61339 337 19694 337 731 363 3098 8620 2097 4315 61232 2157 4061 61216
27373 34199 465 2121 260 421 3832 3498 331 15594 600 61272 993 47568 3498 658 600 11307 1347 9043 5486 7629 6427 40979 32544 658 18972 290 241 13095 55993 12615 26863 2121 61228 1345 2354 61407 47544 7046 1447 10825 6427 2840 10238 16372 1345 936 195 2354 922 61216
201 61763 61232 61316 1447 16312 61223 52463 9826 195 731 61333 38847 948 32544 6427 36381 1538 250 61355 8194 41865 1881 61275 45618 8762 50461 337 36984 35063 554 3498 14250 4031 61272 61223 35063 554 3498 22703 8273 61383 9131 13928 37414 260 61349 5626 3832 3251 45450 543 370 5836 93 61272 18050 50769 658 61423 13028 337 1975 363 3451 8612 61265 13565 14568 617 342 241 801 1442 61256 93 2898 61332 9360 58619 7640 93 61574 61232 11568 4663 17910 61287
201 61816 5141 14731 22719 440 10379 388 61223 15629 8294 430 600 27156 337 13053 22814 40877 61270 23997 61513 60103 331 41865 6208 41708 337 3746 459 3064 4754 464 61238 617 4557 798
201 61591 1544 290 5358 61223 241 787 19106 61228 62649 4090 5358 61223 42593 6395 3306 241 2929 61252 315 965 37643 17137 5082 33725 322 25678 12869 6674 12644 463 1661 31767 61235 13025 7163 343 8762 658 2034 61279 241 25095 1184 5109 3171 61275 61303 22232 1658 798
201 61567 61235 12084 21905 241 658 7272 33249 13194 1507 4004 16684 464 2157 4286 241 464 2719 33806 241 43434 954 40877 61270 26412 61223 337 14213 658 18972 250 61238 22644 16022 658 12571 922 24198 922 549 22085 421 61243 8728 38434 337 2121 21231 954 45486 1709
46483 30637 61238 40970 2662 421 658 18972 30975 47568 3251 658 18972 13607 61216
23718 2157 29715 2030 5748 61275 13095 40859 6674 12644 61275 29449 61223 11411 16284 2410 543 61316 9118 61223 241 6152 12683 4225 26804 9750 2410 543 61316 9118 61216
201 61567 61235 382 37356 2468 13106 30063 61272 61223 1347 36219 24207 2600 7057 7163 61268 61216 7163 61268 61216 41752 61223 1347 36219 2249 731 382 5073 61398 241 55126 4004 1336 41734 27943 337 337 4706 29449 55906 1331 5786 27943 6427 24576 61223 722 13690 29292 37212 6674 9485 1347 36219 6611 734 13520 27943 337 1676 47625 27943 4706 464 1947 3238 61423 29449 93 61763 61232 426 18491 936 39306 52 2351 28145
201 61763 61238 771 554 5608 38680 61223 17067 22588 61333 421 464 20149 61270 1689 337 21750 549 4747 1474 3832 5608 40906 61333 43892 600 61235 25184 17945 61223 52672 4880 56901 620 49243 61263 5608 337 24948 7978 26804 4933 22588 16795 464 20149 61270 1689 61223 4225 19676 6144 241 58618 1660 61223 4076 10379 322 1331 28955 260 421 3832 3251 1732 20149 61270 465 61223 26890 33026 30781 5486 61270 5608 44140 61235 936 61223 722 45349 8194 41424 61223 1276 11411 61513 337 658 1814 10498 922 24577 26726 61263 3498 44140 61235 13025 798
201 61848 2514 61333 12100 61238 195 1046 61627 61591 61665 61600 40644 16684 14660 35063 36558 61223 50658 46250 1299 669 290 43008 14423 2249 61223 2032 3927 58124 1545 1479 337 7136 342 1450 61243 24576 1545 965 26412 61223 18979 241 49749 61423 1170 3996 61423 26863 61223 337 731 10552 549 11411 12850 1545 3238 1303 18614 925 61569 61763 61567 337 1034 61816 61763 61567 61223 2526 48037 546 7136 342 1450 9750 195 2354 922 798
1667 61591 7638 27256 414 546 61303 6245 5608 42733 996 18958 459 7640 20564 27262 363 936 414 54499 1127 6208 1170 11790 26595 8035 3052 11307 61223 1347 9043 52539 37794 3498 8035 3052 11307 464 33461 18324 5358 61223 26847 13317 331 12111 4758 414 31002 47100 3306 61275 1299 241 830 9325 363 5135 61223 1347 11716 61268 4920 61325 319 61268 19895 61216 7163 61268 61216 41752 93 61272 6773 45153 769 6674 12644 61223 54499 1474 61272 1331 28774 414 4260 61383 717 967 24778 4240 3069 843 363 14719 27407 1709
1667 61591 13899 44548 32943 4751 61398 61223 38027 13899 26217 669 290 61223 722 2468 342 19997 19212 331 2470 265 23224 217 549 61294 459 61355 9826 669 290 61223 52463 9826 195 57706 19997 61275 260 5082 61398 43892 600 61235 25184 17945 61223 331 61423 370 3306 370 61513 25285 61513 24621 967 4286 61223 34130 24207 1299 195 382 42745 1257 4004 1881 337 1347 9043 32113 40850 61223 7046 4810 51091 9131 18946 32113 6844 3451 4240 7986 3306 61339 3001 61223 2032 549 16684 2121 21231 954 61223 4076 993 1768 19676 9826 669 290 549 35494 16007 11900
201 61574 61232 29188 41424 61223 241 38734 13565 28324 342 61223 2032 3927 28202 10655 2249 241 45473 1347 21142 56297 1002 61567 61580 45391 61535 61223 830 388 2349 61580 241 22593 388 315 543 337 26504 6812 61423 4315 363 9325 8762 61223 24403 36219 16284 60103 61223 3385 5627 33249 5608 241 1544 61921 61665 337 36984 2468 10791 26582 61423 61223 241 6152 12683 8368 5141 61223 4076 938 61270 337 26153 61310 8612 7421 61235 25184 265 3832 4240 15287 5748 331 25184 17945 61223 20564 29410 61366 14586 798
1667 61665 61241 31561 61243 20385 61535 61816 61567 56499 464 4225 388 1660 5358 55547 9750 195 27218 61310 14586 27218 22406 922 61223 52463 14586 195 1046 61627 61591 61665 61600 40644 241 39519 195 27218 61310 14586 27218 22406 922 61223 658 363 2070 33773 29699 14586 241 1928 2912 22031 33336 343 61423 61223 2354 61407 15805 42308 11974 5836 61223 3385 61263 19508 27218 61310 3498 42308 11974 5836 61223 521 61665 61567 34363 993 318 3350 722 13690 27218 61310 3498 33336 61268 44584 27731 30423 1913 521 1423 34363 1557 500 993 836 61468 11900
201 61591 61235 1180 382 61407 465 59352 414 1470 42918 61241 3498 1661 35589 4460 61563 1658 61423 3385 17177 659 61243 549 1489 4571 61238 241 1470 42918 61241 13194 1470 42918 61241 4240 24011 61216 7704 5490 600 7628 61279 1347 6020 1947 9750 26444 61240 61423 37424 4061 2450 61303 2905 11307 61223 24335 16665 1507 61275 7635 217 93 61596 769 2468 771 290 93 61247 61265 337 722 61563 382 61563 382 322 936 61223 17067 464 61333 7593 6611 195 2905 13367 93 61239 61265 1709
201 61596 342 2070 61238 549 13803 6611 12100 31282 11157 61223 17067 37845 2662 6611 549 2020 61407 5608 31282 4061 61223 10150 731 18614 61223 722 54105 40979 32544 549 658 18972 421 36402 798
14842 13053 5388 5608 2468 13106 23646 2121 61294 1846 15720 1303 4975 343 4061 337 73 8787 3494 1804 2906
201 61567 61235 61263 15345 61243 7136 3451 61349 13386 61223 925 61569 61763 61567 23012 217 817 1184 61263 337 1347 1532 7628 61275 23012 217 817 1184 61263 61223 43008 14423 2249 61223 2032 23012 217 817 1184 61263 241 925 61569 61763 61567 1814 18946 5486 15720 241 30534 1985 61383 1331 61238 17847 1709
16665 12193 60760 337 14893 61270 2470 61216
1321 1947 459 7629 61223 2032 24576 17824 382 546 61238 24451 37356 61223 52463 14401 195 27885 19997 61275 19597 60510 61223 13594 31002 47100 250 29410 61366 8194 241 46419 12615 195 22222 61223 2032 13565 13053 33817 241 24198 61423 61223 10655 16284 241 19942 342 43489 61216
201 61535 61294 61355 1331 61223 17137 465 6647 6144 17137 5082 33725 61243 17137 5082 33725 290 2354 61407 18615 33336 3238 549 40762 14660 24576 1328 22278 61243 61223 337 8368 549 53716 22228 4088 22278 61243 2121 33336 21449 42593 6395 7640 3385 61263 19508 33336 61268 414 3385 61263 1331 61275 53366 798
201 61567 61235 61240 1660 315 500 2811 7057 42593 6395 7640 337 9621 21676 61366 5836 34863 4256 5082 61313 37015 38476 7272 617 6245 19697 1303 33994 965 37414 241 31666 322 658 18972 13607 33336 61268 61216 6648 52158 5748 1303 1947 10825 33336 3238 29715 2312 32215 465 43512 11440 59944 61223 15441 56408 58211 8194 337 20191 922 241 7704 16053 3498 4818 17356 61423 464 21533 843 830 49870 7866 290 1881 798
201 61921 61294 659 61223 16026 459 7927 922 45618 8762 50461 61223 11411 24207 52210 25380 1660 931 1046 61627 61591 61665 61600 1804 3137 17067 1347 18033 5486 6611 331 25285 32113 61223 3385 26440 1658 2097 61223 6427 658 12052 1474 15725 9131 1982 5626 61223 24948 29920 843 61270 421 12570 658 10025 14255 2150 8665 9621 1814 61240 2190 1910 4319 43892 600 61235 25184 17945 798
201 61591 46516 61238 17847 61223 2468 13106 23646 331 1947 459 39932 440 4108 1910 266 1347 61272 2157 459 6611 195 21533 25783 1303 2548 4305 331 12111 37225 798
2603 465 43047 260 421 2020 21676 61366 47544 27218 61310 3251 717 659 265 23646 414 53082 27218 61310 3498 35213 342 28676 27885 16647 61282 7704 25184 1913 8294 1347 18033 554 14401 17847 195 27218 61310 3251 27885 16647 337 52912 1881 922 61223 17067 549 8035 41261 12869 2548 241 24536 61263 1532 2450 61272 554 426 922 2651 61294 620 61216
201 61591 25002 543 23054 1881 5152 3052 61272 6427 260 363 370 61223 549 1447 965 6498 61238 35063 554 14401 241 33401 38837 61223 58618 1660 61223 31282 1085 19249 36803 23274 35866 421 61223 1814 61235 1180 543 2097 337 31282 1085 19249 36803 787 61816 4706 29449 798
11107 19041 967 61275 464 554 13600 954 2468 1532 61252 27600 61513 4706 13695 61223 10150 3069 266 1768 3306 8665 669 2825 414 17824 382 9319 16873 543 337 195 4315 61232 2157 2912 61275 2312 2695 6647 3498 2312 2695 11157 13301 1450 12570 9621 296 12869 290 337 31970 5358 1433 290 21449 2468 13106 30063 61272 337 830 382 21768 61240 61216
201 61627 7456 2121 7046 954 61240 61423 24536 61263 15731 29715 13095 6498 61383 61223 549 61294 459 61355 8194 2121 61294 15550 61275 38837 337 31282 1085 19249 36803 241 13095 19508 29449 195 2410 543 61316 9118 61513 1046 61627 61591 61665 61600 40644 798
1667 61591 1532 44176 1732 3418 363 290 6611 6674 12644 51498 26612 61223 722 44584 37212 6674 9485 61223 24403 36219 27800 61238 241 7704 18222 4818 17356 61423 61223 37815 2157 6208 61223 1544 290 421 61240 61223 53791 620 6208 61223 38746 4061 61223 45349 4240 21634 290 61238 61223 241 1544 266 315 61223 337 7704 16053 13194 2929 382 543 61272 12615 11900
201 61591 44610 3064 15594 440 10702 2150 1768 45154 617 1881 17414 430 41366 465 61223 12078 59710 421 331 18050 61223 2032 3385 195 33510 61275 51978 3306 61275 15704 13367 337 260 15503 8194 12442 36439 48037 931 922 61223 10150 12078 35664 2020 17051 798
7364 363 3451 5608 38680 337 17786 61223 20893 11411 6611 1507 61270 37212 1347 28780 26202 331 45618 8762 61398 61238 61223 731 42189 1985 6611 24577 30781 7939 61238 8368 5141 61223 17067 1347 7635 421 8031 61252 954 61216
201 61961 290 2410 543 61316 9118 29715 2301 1533 61275 23012 217 817 1184 1658 61223 28677 21768 61355 8194 2301 1533 61275 61223 241 18050 50769 925 61569 61763 61567 61223 1034 61816 61763 61567 61223 337 2301 1533 61272 22747 922 30584 1489 266 2905 61240 798
8527 61275 61303 250 5748 4583 6010 2099 24724 45450 543 370 5836 34863 14660 731 3451 61398 2108 936 10379 29834 3385 1947 10825 39068 2470 290 948 343 93 61232 2470 290 11465 10439 217 647
1667 61535 61235 965 55993 4319 35393 41865 5836 45618 8762 50461 658 4092 2070 370 15720 241 7704 18222 4818 17356 61423 61282 414 14825 370 6208 1557 617 6245 3498 241 5021 27256 61223 54499 15550 45450 543 370 39932 1660 61223 3385 61316 6476 3251 58889 22588 382 61263 3238 61423 29449 241 41752 61223 1347 11716 61268 880 1055 19288 722 54499 15550 7704 18222 58531 7640 61223 23012 363 14363 29699 3251 55126 1538 22918 60404 45450 543 370 5836 14893 617 42745 45450 543 370 93 61272 10155 15550 5690 9752 290 8394 22719 440 14893 61270 4663 61265 1347 11716 61268 13272 54539 241 4791 27256 11900
1696 1447 965 49321 6674 12644 58619 7640 61223 7136 2905 3306 370 16284 73 8787 3494 40644 241 55126 4004 55126 1538 4544 644 27943 61223 13565 24324 342 61223 2032 3927 13317 16247 13057 241 13095 265 23645 14149 8372 6427 21095 5388 241 1544 61593 61810 93 61270 15503 9826 22747 922 61333 647
201 51523 47962 61223 13095 55993 4319 19222 1585 315 8762 549 993 40961 6611 722 388 931 3306 2121 21634 290 61333 241 7704 16053 5608 58531 3306 93 61235 4031 363 61238 4706 13695 61223 10150 464 61235 61541 2719 954 241 39210 2097 241 46944 17840 2526 61252 61275 337 1732 6020 1947 370 39932 4286 241 13053 1127 6208 3385 21880 4240 1415 3996 44196
201 45857 40436 61243 5358 1046 61627 61591 61665 61600 1804 3137 5013 61816 337 2333 61593 61796 61580 2333 61567 61627 22085 421 421 421 331 25184 1913 954 1303 57247 6245 19697 241 45473 1814 61235 1180 543 1881 1347 25184 17945 1046 61627 61591 61665 61600 40644 241 6243 315 61223 337 28338 1303 51437 61268 4225 817 61243 30014 14825 3560 241 46419 12615 241 24011 46419 5585 798
7704 13551 2097 241 5654 48987 2929 382 315 600 363 93 61245 8787 3494 40644 3080 6648 51437 61268 60405 37225 331 25184 936 1544 4903 20115 6476 6144 11524 9728 61383 33995 44053 543 41286 3947 43817 818 209 18966 337 54849 22212 55390 56297 337 21796 9077 3251 43892 600 61235 25184 17945 1002 2651 421 61240
1667 61763 61232 5569 20687 61243 4225 61268 24621 967 771 61383 241 195 25375 315 6208 195 9621 21676 922 61223 549 7852 10556 731 1180 2099 10025 4319 25449 2108 922 61223 23054 61268 1814 61303 4880 8273 61513 27218 61310 8612 61223 2468 543 61313 15550 26153 8620 1881 61223 8368 5141 331 57706 50048 41268 61223 337 22703 37414 658 4092 61243 414 1433 61243 26595 44140 8195 61423 61223 17067 549 46581 3064 10655 954 61216 1008 33921 195 658 18972 388 3566 33336 61268 61223 20385 61535 61816 61567 56499 35213 45821 25678 15725 21676 61366 15805 20823 61275 337 37242 13607 20823 61275 241 33336 343 61423 337 2526 22031 20823 61275 61223 17067 34863 25678 8665 4706 993 40670 296 42593 6395 7640 241 669 965 1331 61275 47394 337 731 1180 965 1331 9044 24593 10825 11900
7391 61243 3764 14613 29552 41261 43523 4706 24403 61243 18946 32113 45618 8762 50461 25095 1184 1985 42504 13127 3996 45575 1881 241 4514 421 9191 6208 61216
1667 61574 61235 6929 61223 1072 2146 61333 6773 10963 61223 13565 2468 217 1184 967 342 49408 6596 17414 1557 21796 5585 241 22719 61238 241 38746 19120 61223 61162 58211 14401 2174 6881 23645 61316 3142 61275 60811 39437 40091 21449 35605 337 43892 600 61235 25184 17945 11900
201 61665 4460 58055 61316 1658 19212 28378 2020 421 23224 217 61223 722 13690 337 22719 61383 787 61671 61569 61228 61240 61313 2599 241 7046 954 3566 1507 4004 363 925 2695 266 6546 21634 2651 61263 337 2068 56475 20404 22574 798
1667 61600 61235 27396 1881 1470 61241 2470 922 290 61223 2030 61241 1085 5074 23646 25678 12869 46191 61240 27585 296 543 31046 61223 414 3332 1846 290 61272 19508 1299 241 21634 290 61238 241 1276 61241 370 363 26176 10963 61223 10150 3385 26440 34380 1303 322 61232 2912 61272 6144 1303 322 61232 61316 61216 61702 61216 321 321 321 321 321 321 321 321 321 321 321 321 321 321 321 321 321 321 321 321 321 321 321 321 321 321 321 321 321 321 321 321 321 321 321 321 321 321 321 321 321 321 321 321 321 321 321 321 321
1667 61591 644 15618 322 3186 49060 7640 18632 30633 1299 414 4260 61383 16873 543 20564 16372 1345 936 195 658 18972 388 3566 33336 61268 61223 52463 8194 195 658 18972 388 3566 4260 61383 44176 45968 10963 337 658 18972 388 3566 44140 61235 13025 241 1339 24198 61423 61223 1732 61316 6476 3498 836 3396 1661 31767 61235 13025 41268 337 48488 617 1947 61423 11900
201 61627 1127 817 5579 61223 2032 12078 1347 25184 1913 15720 241 2526 22031 20823 620 61423 925 61535 61627 61596 61816 61600 40861 61223 4076 12078 2468 217 33364 421 61223 2032 50332 2249 658 21494 954 32808 5608 21292 5608 93 61567 61232 843 659 61232 24765 19587 2747 15970 1709
201 22523 2150 13551 3832 6144 46160 2150 61252 1585 61241 1689 543 61272 6144 2174 382 322 33528 61223 414 47962 61223 24403 36219 2249 20069 48398 13758 1732 3566 543 948 4286 241 195 18237 61243 5358 938 2905 61240 10379 29834 57706 16647 36402 4706 1303 22115 1881 140 8131 61228 1345 59033 440 140 8131 11088 843 266 1345 549 34199 948 61407 3251 61216 1321 7628 61275 2121 32808 3498 3769 1910 18603 61223 195 617 7481 3498 28081 11095 38388 61223 29715 23054 33544 938 2905 61240 5760 21561 61279 4061 59352 798
201 45857 922 948 29645 440 1303 5082 931 4706 241 15347 1881 2526 22031 6427 7563 61263 3498 2526 22031 59352 241 13899 27274 3069 61223 7563 23287 9077 36886 24948 43008 24149 954 61223 2032 996 37212 61228 57001 41540 61263 382 46259 6427 549 61263 3495 28544 421 26565 58618 1660 34863 14660 8753 7852 936 61223 241 18050 50769 31666 3306 15287 61275 61223 17067 549 20564 1303 50565 421 2912 370 936 1257 26412 93 1345 266 1538 19997 61223 37823 14755 19997 61223 37823 14755 19997 1489 343 61223 12193 22719 61383 647
1696 1447 965 6498 61238 731 1180 4976 19952 45242 331 12111 37225 996 24724 61228 57001 4256 17519 3498 5760 4092 61279 7640 464 2301 5627 1046 61627 61591 61665 61600 40644 241 331 25184 315 6208 549 21073 2058 5130 1660 61216
1667 61591 843 4004 195 22222 61223 14954 1347 20634 3451 5608 40906 61333 29449 241 36984 24198 61423 61223 658 4092 2070 370 27800 61238 10428 217 3306 1170 1660 265 61477 922 61223 722 3346 31042 61383 23646 36984 26863 61223 15441 56408 8160 6611 56902 20149 3498 29449 61223 3385 5266 343 15720 241 9621 21676 61423 61223 35351 549 34863 14660 658 10025 14255 2150 6476 14586 16840 57597 4663 922 47568 3498 16840 57597 37110 11900
1034 61816 61763 61567 61228 61593 61235 61591 464 30976 14106 4706 29449 2121 1347 1532 13928 195 996 843 57753 61216
201 61591 47289 37643 7704 61513 5551 61223 38301 19676 5608 40906 61333 241 1890 61235 38145 2825 363 1046 61627 61591 61665 61600 40644 8035 41261 370 15720 241 1489 15550 2683 6025 15731 10055 13695 61223 4076 12078 20564 13053 5388 61349 798
201 61665 61241 13453 6812 61223 52463 9826 195 12403 922 2468 10791 26582 922 61223 19212 13053 56411 16022 241 801 1442 61256 93 2898 61332 9360 2121 1072 2335 13738 61301 2121 38637 20564 19085 4976 936 241 6594 61245 798
201 61600 421 3832 5608 22703 37414 29449 61223 17067 11411 6611 13095 6498 61238 50083 61223 3001 29715 32943 817 5579 61223 38814 546 241 18050 61223 2032 2410 543 61316 3996 549 32733 40979 32544 14743 43718 4706 36984 24621 967 3238 61423 2410 543 61316 18615 798
201 61535 61235 61223 241 46516 61238 17847 8368 549 20259 363 936 241 18050 61223 2032 38027 731 382 5073 61398 241 24011 1303 57247 6245 8612 24403 36219 2249 22953 250 61355 13758 669 2825 61223 996 29188 41424 27885 7593 2249 47568 5608 51513 6427 14213 4583 549 2514 61532 61333 19997 731 1180 4976 19952 2719 7629 195 26153 61310 10176 42350 27396 61383 36121 421 2099 61272 1709
46926 21768 39337 549 554 13600 3832 5608 29441 8433 322 936 1347 12084 1913 15720 4706 13695 61223 10150 23054 954 28081 11095 61263 2312 61303 11095 61263 61228 4092 61241 1085 61303 290 1345 93 13192 61245 61265 12100 1474 4628 61241 3498 19587 382 322 13025 61216
201 61567 61243 5082 3996 61238 337 1814 11974 33970 8028 343 195 10379 322 1331 37414 922 241 658 7272 33249 3498 44140 8195 61423 61223 2526 13095 55993 4319 26863 549 60979 6611 18721 61270 4663 388 241 41970 30633 1299 1415 45903 1661 363 798
201 61627 7456 2831 2020 6025 4286 35393 7046 61423 10379 421 93 2335 24326 2335 61301 2980 61325 46607 13317 195 18972 3306 61275 41865 33544 61223 241 18050 50769 2831 4240 6427 337 265 10127 388 893 49243 61263 3251 3746 10607 1709
201 51523 2108 464 25129 93 61235 25184 265 3832 5608 44140 61235 936 61265 241 46516 61238 17847 549 2121 21231 17051 61223 337 16684 39345 954 59898 241 60405 363 6208 20639 948 1585 16912 241 41708 61423 61223 24335 16684 14660 993 1768 19676 9826 2410 543 61316 9118 1709
2871 61240 61279 1450 61423 771 382 931 61241 464 61333 7593 7629 241 195 25375 315 6208 195 296 771 382 931 13194 241 7704 18222 4818 17356 61423 61216
1667 45857 51226 21989 2312 46273 2929 61252 315 61268 343 331 18050 61223 10150 27218 36886 1347 25184 265 17051 993 25783 10055 5491 61407 3251 1557 40961 337 7136 18614 241 1303 61355 322 2097 241 2034 61252 25074 18401 20823 843 61223 1034 5935 61333 1544 290 465 24212 12688 1667 843 554 2599 61383 337 1545 24765 37884 43501 24765 11440 61313 1863 45154 37153 22703 37414 30781 7939 61423 731 382 465 241 31666 322 658 18972 13607 2929 61252 315 965 15000 17137 5082 33725 290 11900 11900
201 61591 61349 290 3206 7682 195 1345 659 61223 28457 2548 61223 337 993 60509 21750 12442 931 798
201 61665 2099 17956 1470 543 3451 7640 93 61286 61300 61251 4776 7978 48704 93 61286 61300 61251 4776 14213 20203 967 4557 669 61223 731 382 5073 61398 61287
10586 21952 13053 22814 24576 15237 61407 26412 61223 18979 731 1180 4976 19952 363 33544 464 1689 2157 954 3500 2905 61279 6427 9131 18946 52539 414 22644 2121 61228 1345 4566 11983 5836 337 2526 61252 61275 61223 9283 922 1276 40366 2249 61216
7391 8552 659 61243 658 35567 61252 8194 658 21494 33544 35393 2146 948 1689 1482 250 8762 241 549 534 6647 13194 61228 1532 61263 1532 3750 61310 5109 342 922 1127 37643 140 8131 993 464 24149 3832 3251 61228 61263 2470 61263 2150 22405 319 61763 49306 61216
201 61591 1686 15618 322 16757 26863 1732 9196 1450 421 6427 25002 421 658 18972 954 33336 3238 61223 1347 7635 421 10563 26863 61223 658 18972 370 24207 33336 3238 4260 44176 337 3149 26863 195 658 18972 3306 922 44140 8195 922 1709
1046 2514 1184 7628 931 1046 61763 61796 61580 2333 61567 61763 61223 17067 1433 27801 421 241 1489 15550 33970 10963 331 25184 936 1303 57247 6245 8612 61223 25002 421 40366 954 13095 5608 2468 13106 23646 61223 1303 61333 7593 24207 45331 61303 250 5748 4130 61763 61574 61665 61216
1276 464 61366 2896 48159 44060 61513 61216
1667 61591 61228 7282 954 61240 61423 61223 241 817 1982 1347 1538 19676 3251 2468 217 1184 26202 414 57809 61423 44140 8195 61423 1303 5082 931 12193 35342 1170 382 18061 61223 3001 241 17315 315 2468 342 19997 8753 15345 3306 43523 195 27218 12625 731 38329 1474 22031 37424 11157 61223 337 1151 61223 2032 2468 217 1184 967 342 16684 549 2121 21231 4933 61223 4076 29291 250 1303 5082 465 17824 382 27731 2468 217 1184 26202 11900
201 61591 49749 61423 2468 10791 26582 61423 16684 14660 549 34199 15212 20036 440 61223 1276 11411 61513 241 2034 1982 6427 549 1347 5490 600 8160 9907 337 3385 1347 5490 600 8160 12850 7046 1447 10825 61275 38217 217 241 39210 1881 798
201 61574 61240 61303 61282 7364 290 546 382 217 817 1184 61263 118 93 61267 26807 5380 27710 110 61223 8391 1571 27710 110 112 61245 8980 769 8391 1571 27710 110 84 61289 61298 2939 72 92 282 1571 27710 110 61223 96 276 146 22730 110 2446 1571 27710 110 84 61289 61298 2898 140 411 747 110 2446 1571 27710 110 84 61289 61298 3137 24621 967 3238 61238 722 14363 5168 922 1545 2747 12683 260 61349 5626 1881 93 61239 19832 61228 23419 61314 61223 58 19832 61228 23419 61314 3598 769 51 2412 2004 61217 158 19 2446 1571 27710 110 84 61289 61298 2953 1571 27710 110 61223 52463 6144 195 1545 2747 12683 19845 47544 7189 2099 42745 260 61349 5626 1881 61223 84 33 471 61212 226 1571 27710 118 93 61247 125 23419 61314 61265 61287
201 61600 1482 52124 1881 549 3418 61532 3566 543 948 440 669 3306 12193 12403 922 13899 600 54158 965 14586 993 342 16647 922 17824 382 546 4286 36965 363 936 241 31666 322 549 1447 965 6498 61383 25270 12084 17945 57926 35063 554 3498 29887 24878 337 549 21073 893 554 3251 331 20335 1180 10825 241 13095 265 2470 61223 40633 16684 14660 241 15347 217 241 1544 61593 61810 241 44610 1433 342 15271 46915 337 2354 967 61223 722 13690 2354 967 61223 60979 7629 16022 40906 61333 31666 6647 3251 52210 38145 61223 35063 554 3251 4076 1433 342 15271 46915 798
20385 61535 61816 61567 56499 464 24912 14106 195 32804 922 464 61235 61541 37225 922 12193 24198 922 61282
337 16665 2450 731 10552 22799 24207 45331 600 3238 337 13095 241 7696 3566 14893 61270 2470 61236
3069 39035 6144 5760 290 25471 195 22120 382 53644 44202 6427 731 1180 2099 893 4758 19697 61513 61223 2032 731 10552 16665 61339
11735 382 35662 61223 2032 60405 4758 6144 938 61270 16898 20607 3251 52210 38145 2121 5760 37759 7640 44140 61235 13025 2333 61593 61796 61580 2333 61567 61567 1347 9043 5486 2249 24140 4286 13695 61223 2032 731 24537 20564 195 266 7977 61349 241 31666 322 13695 61223 2032 12078 20564 20301 3306 1046 61627 61591 61665 61600 40644 2121 61228 7272 61407 315 61272 19508 1299 33132 2099 13695 61223 2032 12078 21251 15720 29920 14613 8194 61216
201 61240 1059 61627 61591 61816 61600 61816 61535 63153 61223 10150 20447 22814 45618 8762 61398 61238 337 1975 21067 4286 25095 1184 1985 42504 13127 3996 1415 4260 61383 4514 421 9191 6208 61223 1276 36525 61513 21357 5748 61275 61223 10150 4260 38680 241 4514 421 9191 6208 658 10025 14255 2150 12869 24324 931 25095 1184 1985 42504 45618 8762 50461 7501 4810 1658 61223 1303 41970 47195 2121 7189 2099 42745 45618 8762 50461 37515 45066 47544 45618 8762 50461 798
12668 217 1184 7977 6144 331 15345 61243 13317 993 1545 61423 45234 731 1180 4976 19952 4758 25678 15725 2526 22031 938 22112 15731 241 39519 195 216 4705 60325 318 1557 5592 61241 3251 19602 290 61216
201 61961 388 13095 43564 14250 3142 73 8787 3494 40644 337 24577 30781 7939 61238 8368 5141 464 1947 3238 61238 38680 61223 17067 11411 6611 2410 543 61316 8346 5608 1489 343 6427 331 12644 61407 5608 40906 61333 45618 8762 50461 61223 16986 61238 4076 45450 543 15725 14893 61270 4663 337 51570 817 61223 36775 534 7629 61223 51570 600 21073 893 61263 9826 930 25375 620 61223 549 21073 893 554 9826 2410 543 61316 9118 1276 61310 546 1660 61223 337 260 382 61316 534 1709
201 61270 370 2301 1533 61272 996 265 342 22405 23012 217 817 1184 1658 93 9164 61207 61314 61265 93 61235 7456 3385 44075 9131 1982 61423 21869 61310 61223 2831 2020 2121 38637 414 21880 4880 1299 241 260 61349 5626 3832 3498 61202 6245 21693 28145
201 61580 382 9043 61263 5608 2146 2070 61240 48037 546 241 1170 363 61223 722 549 50278 24724 2121 24537 464 1689 2157 6611 798
1667 61580 61235 15555 61243 5608 58619 3306 73 8787 3494 40644 195 4023 56409 1982 61232 43512 6427 14250 4031 43644 41865 33544 12193 22222 61223 20893 40698 7629 241 731 1180 4976 19952 363 9044 241 4256 13106 19282 6208 4023 12869 11307 93 61665 61593 61810 61265 93 7052 61332 1557 7739 2980 23288 9360 337 2121 38637 7046 4810 6611 7136 843 32113 241 13095 265 2470 8394 241 39210 1881 241 14735 61298 26733 13539 993 3522 19069 2980 25215 9360 1557 17786 61223 20893 549 20564 3385 2020 58211 61349 241 13095 265 23645 54160 11318 61332 993 10812 12911 2589 4063 61350 647
201 61591 1338 13367 6010 44768 61223 241 57926 2034 459 61423 23012 217 817 1184 1658 241 21880 4880 1299 241 2174 1750 363 3306 61282 5013 1750 363 61243 61223 241 41970 47818 241 23012 217 817 1184 61263 61223 1732 28517 61243 296 731 554 4240 216 1450 3052 61275 61223 3385 61316 6476 6144 1470 2905 2912 61235 388 10624 61275 43601 266 965 8194 4023 322 8054 61243 388 12625 93 38964 769 337 15287 25783 8031 61252 3498 337 296 31493 18615 19508 59352 93 217 47962 61223 5013 61665 61580 61228 843 465 388 936 769 35063 554 6144 4076 37884 363 61243 15287 61275 6144 23012 217 817 61232 2825 61263 93 61293 11701 44196
1008 61627 61627 658 3332 1846 290 343 60103 331 1890 11568 61235 322 20437 10702 2150 1768 61423 1303 5082 931 73 8787 3494 1804 2906
201 61591 15618 322 26176 10963 1303 322 61232 61316 61223 11411 61513 46250 1489 2190 61513 2312 61316 61513 620 925 61569 61763 61567 61228 23419 61314 3598 19212 13053 56411 4076 7563 2150 26217 6443 61313 2249 465 10055 241 39210 1881 59352 798
201 61961 250 13803 7629 4583 61223 2032 61223 14213 731 29086 61228 250 241 1153 3566 993 843 414 21014 61223 2032 731 10506 16665 4023 1085 6395 61243 61223 1489 61241 6395 3306 34863 8552 38602 658 7751 8853 922 61223 17067 39078 15720 7682 51978 3306 922 61223 10150 2121 61294 1846 4933 6427 4256 5082 47100 3306 922 49032 61275 798
201 61600 3418 363 31510 61223 2032 7696 61240 10379 322 1331 9077 5608 9059 936 549 4256 2599 370 15720 61223 49949 342 14213 3385 464 61238 44129 241 22719 61383 6243 2020 798
201 61535 61240 465 24724 1303 5082 7977 3498 61161 370 5836 241 33921 195 216 1450 3052 21768 61240 6427 430 459 1881 922 61223 49489 4305 195 2410 543 61316 9118 61513 241 1489 343 61423 61223 33462 61333 53325 3996 1303 5082 931 23054 936 798
2438 2014 6647 6144 61228 61263 690 61263 34161 265 546 27274 140 8131 195 938 2905 5935 4225 26804 9750 464 554 13600 3832 8194 4315 4031 61272 8194 61216
201 61750 8195 1583 370 465 2108 61223 722 817 2014 936 61223 337 1303 20149 61270 5608 3769 3206 34863 14660 658 18972 3306 61223 1557 5627 33249 5608 241 658 61423 370 3306 370 51554 44140 8195 61423 798
14775 6783 23649 61228 10025 6783 23649 61228 5490 52158 620 2121 59024 12777 61303 22232 61263 17137 5082 33725 61243 3251 21059 4092 4706 15287 61275 26739 931 337 4023 967 315 426 2651 61238 266 195 9131 18946 1910 33544 2121 3346 948 217 61216
11107 24694 1985 3566 13899 27274 3069 57247 6245 19697 241 41143 4315 61232 2157 2912 266 1046 61763 61796 61580 2333 61567 61567 4706 37098 1881 6674 9485 31666 7640 28081 11095 61263 3251 51570 817 93 61293 18805 61265 337 22918 6674 9485 29449 464 1947 3238 61423 337 464 1947 3238 61423 93 61763 61232 61303 61216 39306 52 54947
201 61591 843 4004 195 22222 61223 13053 15550 241 25002 543 658 893 4758 3251 45450 543 10825 1046 61627 61591 61665 61600 40644 29715 39150 12683 17112 37444 54439 25678 10825 241 18050 44768 61223 2032 35213 45821 15231 388 61513 61223 18979 414 27431 53574 830 388 61216 201
201 61627 61243 5608 337 61313 2599 61223 42939 2912 6476 5608 241 18149 9173 61223 24694 1985 6611 61223 464 15237 4730 787 61671 61567 5654 600 1660 798
11111 17840 787 61671 61569 16020 2912 31896 10055 13695 61223 4076 337 61313 27594 2603 290 61333 58055 61316 27754 61268 31666 61243 61223 26847 331 5490 600 8160 61268 21292 5608 1046 61627 61591 61665 61600 1804 2906
201 61567 1328 15618 290 24576 8465 49060 7640 42593 6395 7640 414 16873 543 658 7272 5486 17051 658 18972 954 61223 658 18972 61272 4260 2099 13097 2097 33336 3238 241 1072 7220 61238 17847 798
201 61627 7456 61223 26847 16684 36071 464 1689 61303 1689 57926 26402 38471 722 388 931 7640 93 217 47962 61223 22747 61243 388 61279 2121 21634 290 61333 12857 61243 241 1046 4207 1447 61270 1947 61513 337 7563 61263 6144 2312 2058 27156 2121 1046 4207 1447 61270 1947 61265 12857 61243 241 41752 769 2526 43008 14423 7629 61223 2032 549 13594 464 1658 659 4933 27318 6427 52817 2719 61268 1583 19508 3746 2150 48663 61223 3746 459 3385 1347 12084 1913 12850 2548 798
3282 4286 3069 342 3418 13106 14401 25678 15725 7563 15731 1008 61665 61929 337 36984 2526 22031 1433 363 61272 61398 28738 61223 9207 370 16284 7563 61263 3498 7563 15731 61223 73 8787 3494 1804 2906
6648 5082 465 1046 61763 61796 61580 2333 61567 61763 464 12613 61247 331 21494 342 241 18050 61223 2032 2603 1180 4976 19952 45242 45618 8762 50461 241 39519 195 46209 18378 318 3764 546 217 331 43892 600 61235 25184 315 6208 93 61810 3495 19997 16898 33856 464 58619 15333 61265 7173 10963 61216
201 61569 620 61228 25545 217 817 1184 61263 1347 6020 1947 18551 464 554 2599 370 16284 35392 15731 61223 33686 61228 554 6881 617 61407 3498 2333 61535 61593 798
14842 3418 61532 3566 2896 1910 61238 1303 57573 61316 7704 421 9500 8612 337 47289 15000 4315 4031 893 17956 29449 241 13095 265 23646 61223 11411 16284 30781 7939 61238 21292 5608 1046 61627 61591 61665 61600 40644 60979 2249 34398 61316 13758 4315 18467 9728 61513 61223 10150 17112 363 61238 2121 21231 954 5760 2470 61303 4061 241 44610 31666 290 25365 1474 61333 28386 61349 363 61423 4256 41970 30633 53325 11307 1303 1947 10825 61216
201 45857 1538 266 28774 4583 549 43469 3001 61223 337 46752 28774 4256 1913 954 21750 12442 931 993 13695 61223 4076 22085 265 4557 7696 61238 2450 30063 798
7391 549 34199 15212 49408 8665 1557 2146 5748 241 930 61513 35414 2190 61223 464 39122 29645 20069 11336 12570 61238 13913 52539 4706 13695 61223 10150 42915 954 61223 2032 993 5592 2097 7136 38931 414 9059 15555 61243 6427 9059 15555 61243 5608 7563 23287 5585 61223 195 9283 922 12078 549 658 10025 14255 2150 370 936 6427 658 10025 14255 2150 370 936 61216
7391 41940 2249 731 3451 61398 2108 954 5760 290 25471 195 12571 922 241 5760 32423 4004 195 2354 922 61223 26847 549 3385 38931 2354 57926 1507 8433 61272 337 1814 61303 4880 8273 3566 1347 18033 554 3251 1347 18033 554 3498 22299 61303 61216
201 61574 1184 61275 61303 52117 37925 241 39519 195 38217 33543 3030 16441 17607 720 18862 5168 43323 3498 37424 11157 61223 12193 12571 922 14743 9025 7927 922 38217 33543 798
201 61574 61235 6929 993 1768 61272 61398 322 12442 931 7696 61240 922 12442 36439 337 1415 58809 61223 6152 51425 12078 1557 3495 7593 6611 61223 337 658 7272 388 4557 21750 12442 931 195 61202 2599 61310 18378 1709
201 61627 61241 195 1303 322 61232 2912 61275 296 543 290 61223 414 41970 1910 61238 1299 61223 26402 1474 61238 337 31282 1085 19249 59336 22085 421 61243 21292 5608 241 43434 954 2121 1489 1689 1910 440 1470 61241 1180 1085 250 1345 6427 241 195 25375 315 6208 195 3069 39035 3251 2034 1184 61263 3251 5760 5082 290 337 930 14097 20607 3251 1276 8667 465 61216 18888 459 3927 241 38931 2121 296 543 16312 61223 33032 21905 37242 43523 61223 722 17129 46191 61240 27585 241 21880 4880 1299 241 21991 250 61303 343 61316 61275 830 543 11900
32268 1982 8294 658 24324 36439 1303 554 6881 5585 61223 4076 13386 61223 24335 4754 13913 5486 57298 241 1153 363 61216
1667 61535 61294 61223 414 2662 46879 465 13594 1347 7635 954 3051 61275 4880 931 61223 34130 24207 1299 1975 2912 2157 61263 3251 1557 266 26202 337 9131 18946 32113 37583 464 49489 2058 195 2410 543 61316 9118 61513 61223 17067 331 1947 459 7629 61223 2032 8368 53716 3385 1331 27396 61383 296 11103 388 5358 11900
17521 363 61477 19656 23012 217 817 1184 61263 93 15616 61314 61265 1732 28517 61243 296 9131 1982 61366 5358 21869 61310 241 2146 534 421 5358 61216
201 61796 61580 61567 1732 48027 7629 4706 1814 30829 10825 47568 29449 241 5498 5082 4240 2929 363 61238 61223 10150 37516 659 4933 61223 2032 27318 3069 843 52539 37845 2662 7629 13875 52661 3206 61275 41424 61223 17156 4976 936 57091 4061 464 20115 370 23184 61275 337 13913 1910 33544 61223 14954 38680 3385 21880 4880 2121 47568 61223 241 38637 12078 20564 658 363 2070 370 936 798
201 61961 290 60462 16684 1347 2514 342 34380 57810 17167 61350 938 382 217 817 1184 38388 1347 1532 7628 61423 61223 464 39122 57809 61238 2121 24537 42915 6611 61223 2032 47878 38931 337 1347 1532 7628 931 798
7513 9325 549 13317 1433 3560 61366 9319 61223 26847 13317 24577 30781 3052 61383 216 315 61272 948 1881 61275 1046 61627 61591 61665 61600 40644 6427 731 11492 343 61216
1667 45857 421 388 465 1303 1450 61243 5875 620 53919 5080 61223 1814 11974 18979 23930 1947 18551 4315 363 51710 5013 61816 61596 61569 61223 57534 53255 62005 61816 61596 61569 58124 32808 13758 4562 965 241 33921 195 13095 6498 61383 731 38329 1474 600 1660 241 26726 1658 61423 11065 337 36758 61470 61272 18024 61468 37038 45821 15231 370 18492 61238 41865 2097 61223 5013 61816 61596 61569 7046 4810 2249 331 1947 459 2097 798 11900
1667 61627 61243 5608 1347 7635 1881 337 40436 290 421 1732 32869 61223 414 38637 57809 61238 38680 7866 1331 61243 4706 13695 61223 10150 8552 38602 658 21292 8194 61223 24335 38680 34863 1557 5592 954 21750 45331 600 3238 2410 543 13992 61223 10150 1732 61316 8665 57809 61238 41708 195 12100 1474 4628 61241 14586 7751 8853 922 61223 11411 7927 922 45331 600 18378 2410 543 13992 73 8787 3494 40644 798 61216 321 321 321 321 321 321 321 321 321 321 321 321 321 321 321 321 321 321 321 321 321 321 321 321 321 321 321 321 321 321 321 321 321 321 321 321 321 321 321 321 321 321 321 321 321 321 321 321 321 321 321 321 321 321 321 321 321
201 51523 2662 49652 669 10700 549 16684 14660 40436 290 217 61223 10150 14660 260 15503 4240 241 2034 2470 61223 2526 61223 24140 61223 18877 8246 32883 61223 10150 13053 22814 669 2825 35764 1180 440 32231 6427 6025 15731 337 6025 15731 798
7771 965 1447 1768 1008 61294 5626 217 29715 13579 38388 22918 8246 13097 337 2146 315 7481 48890 21634 290 61333 7978 7629 241 12100 1474 4628 61241 3498 44140 8195 61423 61216
201 61567 61235 9196 17960 57809 61423 26863 61223 24593 370 5836 61223 337 4254 27215 2157 15290 7640 3385 40961 6611 1732 43213 331 18050 61223 10150 12078 32733 20191 954 241 21676 61423 61223 17067 7046 4810 6611 61223 10150 4260 32808 5608 658 15347 1881 20564 658 18972 3306 798
201 61961 250 61223 241 18050 50769 4315 61263 2905 266 30637 241 787 61311 2898 34863 14660 464 61235 61541 363 936 25678 8665 19845 4319 1198 12403 36121 30267 3769 1910 5585 61223 17067 24948 14660 36965 363 936 4706 13695 61223 10150 12078 28202 14743 9025 6611 798
201 61763 61232 61316 2599 61223 241 18050 50769 1347 7635 2097 29449 61223 195 3346 459 296 2312 30301 61235 61316 3251 3346 31042 61383 5585 993 27218 61310 3498 58750 7640 61223 4256 5082 534 15720 414 4260 61383 16873 543 61223 241 464 15345 61243 5358 195 265 26202 731 45691 17960 731 61333 38847 948 1660 296 8762 50461 1709
201 61596 61232 620 40762 3385 18614 61223 464 56161 8294 2548 1347 25184 45416 549 2514 61532 3566 543 948 61238 136 1507 8433 61272 93 617 50241 682 319 61275 61265 337 12571 922 7751 8853 922 798
201 61580 426 5082 15186 14401 1303 57247 6245 19697 16684 14660 331 21494 342 59507 41424 61223 2032 1667 2150 9196 2150 6476 9826 195 40906 42350 61680 1732 18050 44768 61223 2032 1347 9043 52539 4256 41970 1910 61383 669 3306 24403 36219 2249 2526 44548 60103 241 31666 322 42033 8612 38219 54439 6427 30781 3052 440 731 38329 1474 22405 26444 382 290 798 61216 321 321 321 321 321 321 321 321 321 321 321 321 321 321 321 321 321 321 321 321 321 321 321 321 321 321 321 321 321 321 321 321 321 321 321 321 321 321 321 321 321 321 321 321 321 321 321 321 321 321 321
201 61567 61238 382 21768 61333 16684 24403 36219 954 32808 13758 60103 331 22703 8273 11165 549 61294 38329 1474 600 1660 29449 61223 722 830 388 241 22593 388 315 543 34863 24403 36219 954 731 38329 1474 27274 10379 954 31970 931 337 1347 21142 617 2097 2312 25545 11307 43892 600 61235 25184 17945 337 22703 8273 61383 45618 8762 50461 1709
12668 217 1184 7977 14401 61161 15725 464 25678 370 9044 830 388 1046 61763 61796 61580 2333 61567 61627 61228 62005 61816 241 31666 322 1303 61313 19138 1658 73 8787 3494 40644 19212 195 382 5630 23054 217 61216
201 61591 843 4004 195 22222 61223 8368 27262 41506 61223 2032 8368 549 19041 967 61275 13053 22814 3001 731 22918 61223 20893 1732 3418 363 290 2249 21292 5608 61223 10150 54499 22814 3750 617 61310 6144 47335 798
3030 16441 41184 50813 2150 10127 6812 1928 14692 2249 1447 343 1557 48027 2249 41708 2121 61228 1345 1975 4903 9319 5585 195 1046 61627 61591 61665 61600 40644
337 549 61294 967 421 3001 2410 543 61316 8346 19697 2121 7696 25518 14893 61270 4663 61236
201 61627 7635 5551 61477 13594 731 38676 61272 421 35892 195 416 21991 61279 6812 922 993 1347 12084 17945 93 61235 546 771 2600 54333 37110 22918 61265 241 22799 16284 464 1947 3238 61423 22299 61303 61282 4544 10812 500 1804 2980 1676 11980 61312 27943 61223 722 13690 11549 27943 6427 24576 1709
7391 549 16684 14660 53048 1331 342 61223 14213 1153 24912 241 12613 61247 7046 4810 6611 20069 48398 5608 2468 13106 23646 61216
1667 61580 426 2905 5266 370 27800 61238 21634 290 61333 337 1544 290 421 61240 43008 14423 6611 61223 2032 52210 25380 1660 931 14250 4031 61272 3251 2410 543 61316 1913 1046 61627 61591 61665 61600 40644 21095 1846 6611 37038 9077 5608 40906 61333 43892 600 61235 25184 17945 61223 38814 546 1338 290 61333 61223 35440 5266 370 61513 46250 2468 10791 26582 43892 600 61235 25184 17945 12193 2410 543 61316 1913 922 7704 18222 58531 7640 61223 7136 315 13057 3498 1046 61627 61591 61665 61600 40644 549 13594 24324 342 11900
201 61567 546 382 6872 49060 7640 45450 543 370 39932 440 45575 1881 3385 1947 370 15720 2121 24577 30781 7939 61423 45450 543 370 5836 61223 241 18050 50769 241 18050 61223 2032 337 342 6929 12078 29410 6611 241 13095 265 2470 798
201 61763 61232 5569 20687 3306 61223 31002 47100 3306 61238 28081 19106 6783 3498 48159 44060 61383 35393 260 61349 61252 61223 20564 1347 18033 1660 5748 922 195 1814 3996 1982 3206 922 21991 7734 922 549 266 61263 382 4628 61241 3498 61223 241 18050 50769 16873 543 61228 9196 546 26565 33897 1085 3306 241 13899 48987 38027 3332 798
201 61591 17786 14615 11165 61223 4076 669 10700 42977 11703 948 5388 6144 93 217 47962 61223 5690 61279 1450 61423 771 382 931 61241 2146 965 893 370 769 4315 61232 2157 2912 61241 24536 22213 5135 61228 5019 29552 41261 18551 4706 1347 19344 10238 993 55126 1538 29449 61223 11411 16284 296 12869 39184 19120 1046 61627 61591 61665 61600 40644 42977 11703 948 5388 14401 25678 15725 993 1545 61423 45234 42977 11703 948 5388 3251 938 34740 1482 73 8787 3494 40644 1709
1667 61961 250 24403 36219 2249 27431 965 13758 16372 23748 296 993 3052 1982 296 1433 315 61407 4240 9592 843 3466 3396 319 61268 19895 61216 7163 61268 61216 41752 61223 20069 48398 4240 38238 931 4706 13695 61223 10150 464 61235 61541 2719 954 195 33259 13367 61223 464 15237 4730 787 61671 61567 5654 600 1660 11900
2929 382 217 817 1184 5266 34863 3385 61316 8665 8113 948 1881 93 61272 61316 3560 1846 61513 46250 8113 948 1881 6427 1276 61275 948 1881 331 14518 5388 3251 5554 965 61333 61265 337 346 13097 7939 388 290 93 61272 18050 50769 346 13097 931 61243 61223 1303 61333 19676 6144 346 13097 1474 61243 6427 346 13097 1474 61243 61223 26847 13317 4023 56409 1982 61232 24765 346 13097 1085 61243 647
