61202 0 61966 0 0 61202 0 61966 0 61202 0 61966 0 61202 0 61966 0 61202 0 61966 0 61202 0 61966 0 61202 0 61966 0 61202 0 61966 0 61202 0 61966 0 61202 0 61966 0 61966 61202 0 61966 0 61202 0 61966 0 61966 61202 0 61966 0 61966 61202 0 61966 0 61966 61202 0 61966 0 61966 61202 0 61966 0 61966 61202 0 61966 0 61966 0 61202 0 61966 0 61966 0 61202 0 61966 0 61966 0 61202 0 61966 0 61966 0 61202 0 61966 0 61966 0 61202 0 61966 0 61966 0
1667 41095 61985 61202 61866 0 61920 3709 62609 62009 62088 61202 0 61920 63497 62054 61202 0 61920 62047 62614 61202 0 61756 0 61756 0 61202 0 61756 0 62248 0 61202 0 61756 0 62248 0 61202 0 61756 0 62248 61920 61202 0 61756 0 62248 61920 62088 61202 0 61756 0 62248 61920 61202 0 61920 0 62248 61920 61202 0 61920 0 62248 61920 61202 0 61966 0 61920 61202 0 61966 0 61920 61202 0 61966 0 61920 61202 0 61966 0 61920 61202 0 61966 0 61920 61202 0 61966 0 62248 61920 40242 61756 40242 61756 61202 0 61920 0 61920 61202 0 61920 0 61920 61202 0 61920 0 61966 62118 61920 61202 0 61966 62118 61920 0 61920 61202 0 61920 0 61966 62118 0 61920 61202 0 61920 0 61920 61202 0 61966 62118 0 61920 61202 0 61966 62118 0 61920 61202 0 61966 62118 0 61920 61202 0 61966 62118 0 61920 61202 0 61966 62118 0 61920 61202 0 61966 0 61920 61202 0 61966 0 61920 61202 0 61920 0 61920 61202 0 61920 0 62248 61920 61202 0 61920 0 61920 61202 0 61920 0 62248 61920 61202 0
1667 3709 0 61801 61966 318 61202 0 61756 0 61202 0 61756 0 4845 0 62013 62806 62054 61202 0 61756 0 62054 15024 61202 0 62393 62806 15024 61756 3833 61866 0 62047 61747 61747
3709 62274 62393 0 61801 16780 8881 0 62013 61920 4845 38718 1812 1812
4845 62053 62393 62806 15024 61756 8881 62118 62013 62118 61920 10559 62393 62118 62455 62588 61801 61202 63497 62455 62373 61801 5199 62088 14499 61971 63780 61985 11533 3709 62456 62455 62009 62905 62088 61202 0 62393 62806 15024 61756 15533 62393 62806 15024 61756 36879 62118 0 15024 61756 15678 63195 62054 62047 62487
4845 17444 61283 61260 4845 0 61966 0 61202 0 61966 0 61202 0 61966 0 61202 0 61756 0 61966 61202 0 61756 0 61966 61202 0 61756 0 61966 61202 0 61756 0 61920 61202 0 61756 0 61920 61202 0 61756 0 61920 3709 62023 62023 62013 0 61920 4845 61911 62254 62343 61920 61202 0 61966 0 61966 61202 0 61966 0 62054 61756 10559 62013 62349 62118 61920 11028 0 61966 62701 62047 61747 61747
61202 0 62393 62806 15024 10559 62053 62393 62806 15024 10559 62393 62118 62053 62393 62806 15024 3709 62118 62053 62393 62806 15024 3709 62118 62053 62373 61966 3709 62118 62053 62373 61966 3709 62118 62053 62373 61966 61202 63291 38718 61202 63497 62054 62118 62053 61866 61202 40241 0 61202 40241 0 4845 0 62393 62806 62054 61756 3709 62456 62054 62118 62053 0 61920 61202 0 62393 62806 15024 3709 62456 62054 62349 62701 62363 63365 61920 61202 0 62393 62806 15024 3709 62456 62054 62349 62701 62363 63365 61920 61202 63497 62054 62349 62701 62363 63365 61920 8881 62926 62696 61756 3709 62456 62054 62349 62701 62363 63365 61920 61202 63291 38718 3709 62118 62053 62393 62806 15024 3709 62118 62053 62373 61966 16780 61202 63497 62054 62118 62053 49087 61747 61747
1667 5199 61866 61949 62053 63288 61985 5199 61866 61949 62746 3709 63762 61920 3709 63762 61920 8881 62373 62013 62306 21263 63465 61202 62487 62638 62966 61985 3709 62265 62348 61202 62487 62638 62966 61985 10559 55171 61202 0 62393 62248 61920 10559 62013 62058 61875 62349 61920 15533 62058 62053 62348 61747 61747
1667 3709 61911 62254 62966 61985 31277 4845 0 61920 0 61920 61202 0 62118 62047 61202 0 62118 62047 61202 0 62118 62047 61202 0 61756 0 61920 61202 0 61756 0 61920 61202 0 61756 0 61920 61202 0 61756 0 61920 61202 0 61756 0 61920 61202 0 61756 0 61920 61202 0 61966 0 61920 61202 0 61966 0 61920 61202 0 61756 0 61920 61202 62487 62047 0 61920 61202 0 61966 0 61920 61202 0 61966 0 62047 0 5199 62088 61202 0 61756 0 61920 61202 0 61966 0 61920 61202 0 62047 0 62047 0 62047 61747 61747
3709 55171 16780 28119 62254 0 61866 61202 62487 62389 62248 61920 61202 62935 62588 61920 3709 62248 61985 11028 61985 62047 61747 61747
1667 0 61756 0 61756 0 61202 0 62966 62363 62343 63274 61985 4845 63078 62004 61866 4845 62926 62696 61756 8881 62349 0 61756 8881 62349 62363 62349 61920 3833 62349 62701 62363 62349 61866 61747 61747 15533 62393 62806 15024 3709 62393 62118 62053 62393 62806 62054 7537 55324 61801 61202 63762 62970 33021 3709 62456 62013 63365 61920 61202 0 62966 61985 61202 0 62966 62363 62343 63274 27832 61202 63497 62254 0 16780 18700 62054 62118 62053 62254 63627 8881 62349 62701 62363 61756 61202 0 61801 61202 0 61801 0 61966 15678 63195 62118 62248 61920 61202 0 61966 0 62047 61747 61747
1667 41095 61985 11533 34152 63393 63164 62935 3833 62728 63465 1812 1812 3709 62373 61756 0 61801 31277 3833 34547 62363 1812 1812 2699
1667 4845 62274 62389 61920 8881 62389 61920 61202 62487 62638 63821 61985 6663 55171 8881 50233 63891 61985 61202 63078 63821 61985 12305 62118 62053 62704 62487 62348 61747 61747 3709 62393 62118 62053 62393 62806 62054 61756 8881 62058 62053 61971 61971 61756 10559 62393 62118 62053 62058 62053 62047 8881 50233 63891 61985 10559 62393 62118 62455 62373 61801 61202 62455 62373 61801 61747 61747
1667 3709 0 61801 61966 3379 61202 0 61756 0 61966 61202 0 61756 62363 61966 61202 0 61756 62363 61966 61202 0 61756 0 61966 61202 0 61756 0 61966 61202 0 61756 0 61966 61202 0 61756 0 61966 61202 0 61756 0 61966 61202 0 61756 0 61966 61202 0 61756 0 61966 61202 0 61756 0 61966 0 15024 61801 61202 0 61966 0 15024 61202 0 61966 0 62047 0 62047 61747 61747
1667 0 61756 0 61756 61202 0 61756 0 62054 0 61202 0 61756 0 62054 0 61202 0 61756 0 61756 61202 0 61756 0 61920 38613 62053 62559 62559 62023 61920 61202 0 61756 0 61756 61202 0 61756 0 62054 61920 61202 0 61756 0 61756 61202 0 62325 62047 61202 0 62325 62047 11028 61985 61971 62047 61747 61747
1667 0 62393 0 62806 62054 61756 62088 61202 0 61756 0 62054 61756 3709 61911 62265 62348 61202 0 61756 0 62054 61920 61202 0 61756 0 62054 61756 3709 62393 62118 62053 62393 62806 15024 62088 61202 63762 61920 5199 62088 8881 63109 62806 62054 61756 61202 0 61756 0 61966 61756 15678 63195 53890 62118 15533 62455 62009 62884 62348 61747 61747
4845 0 61920 0 62325 0 61202 0 61966 0 61966 61202 0 61966 0 61966 61747 61747
1667 5199 63374 61801 3709 63388 61971 4845 61911 62265 61756 8881 62455 62370 61875 62806 62054 61756 61202 0 62118 62047 61202 62325 62349 61920 10559 62393 62004 61866 62306 4845 62274 15024 61756 8881 50233 62325 5199 62023 62053 62704 62058 62047 61202 62325 62363 0 14890 61747 61747
1667 61202 63233 62559 61801 61202 61866 63649 61202 62539 62004 61866 1812 1812 2699
3709 55171 61202 63164 62638 55324 61801 61202 0 62393 63109 61985 34304 61756 62614 61866 61801 34304 61756 62614 61866 61801 5199 62088 62058 62053 62047 61747 61747
3709 63762 61920 16780 4845 43122 62389 61756 61202 0 61756 63891 61985 60481 62455 61966 1812 1812 4845 43122 62389 61756 8881 62363 62370 62389 11533 15533 62058 62053 62047 1812 1812 10559 61911 62370 61971 63780 61985 62088 10559 63762 61920 8881 62393 62806 15024 61756 3833 62389 62343 1812 1812
1667 4845 0 61920 4845 0 61920 61202 0 62325 61228 0 62325 644 4845 0 61920 4845 0 61228 0 61228 0 61228 0 61228 19115 61202 0 61756 0 61920 3709 0 61920 0 61920 61202 0 61920 0 61920 3709 62393 0 61920 61202 0 61920 0 61920 16780 4845 0 61920 61202 62227 61801 0 61920 61202 62227 61801 0 61985 3709 62265 62004 61920 3709 62265 62004 61920 40039 63780 61985 61202 62227 61801 0 61985 15533 62254 0 61985 50002 62561 61747 61747
3709 62456 62455 61875 62373 61866 61202 63674 62638 62966 61985 3709 33121 61920 93 61202 62455 62370 63320 15024 870 1812 1812
3833 62389 63164 63288 61985 4845 0 0 15024 62088 61202 63679 62697 62009 63821 61985 61202 0 62697 63977 61985 18700 62054 62118 62053 62704 62487 62348 61920 4845 62389 61971 62588 4845 61911 62389 61971 62842 61866 61202 62697 61866 62539 61920 61202 0 62325 61202 0 62325 61202 63497 62054 62118 62053 62254 62370 8881 33121 61756 3833 62054 62118 62053 49087 61747 61747
3709 62265 62004 62746 61801 61202 62487 63664 8881 62363 62370 61920 15533 62274 62455 1812 1812
1667 3709 0 61801 61966 500 61202 0 62393 62806 15024 4845 0 61920 0 62325 644 4845 0 61756 0 61920 61202 0 61756 0 61920 61202 0 61756 0 61966 61202 0 61756 0 61920 61202 0 61756 0 61920 4845 62926 62696 61920 61202 0 61756 0 61920 4845 61256 9656 61202 62456 63497 63977 61985 3709 62456 0 61966 61202 0 61966 0 15024 3709 0 62343 61920 1442 61309 61202 62456 63497 63977 61985 3709 12911 61202 62456 63497 63977 61985 15533 62058 62053 62348 61747 61747
1667 4845 0 61756 0 61920 4845 0 61920 61202 0 61756 0 61920 4845 63078 63821 61985 58351 51312 15678 0 21263 63465 61202 40241 0 15678 0 61920 11028 62013 62539 62047 61747 61747
1667 5199 63780 62609 12480 11533 3709 63002 61920 3833 62363 62370 1812 1812 3709 62118 62638 62343 61801 27834 62638 62343 42198 61920 62013 62047 62487 50462 27834 61920 52246 61202 62325 62349 62118 2699 93 3833 62248 23463 870 1812 1812
61202 0 61756 0 61756 3709 62325 62363 61801 8881 62058 62620 62349 61920 61202 0 61756 0 61756 61202 0 61756 0 61756 55324 61801 3709 0 61966 62118 61920 61202 0 61756 0 61756 10559 62013 62620 62047 62701 61920 3709 62393 62118 62053 62274 61875 62349 61866 61202 63679 62697 62009 62047 61747 61747
1667 61202 0 62638 62047 61202 0 62638 62047 61202 62487 62638 63821 61985 61202 62609 62009 14890 61747 61747 40242 61756 29568 62254 62227 38718 61747 61747
1667 3709 61911 62254 62966 61985 31277 21263 63465 61202 62935 62701 55324 61801 3709 62389 63465 41501 63320 61920 61202 61966 62697 44373 34587 61202 0 62966 61985 62088 61202 0 61756 0 15024 61801 3709 61911 62254 62343 15024 16780 18700 62004 63664 61202 61866 62539 15024 5199 62088 3709 61911 62254 62343 15024 61801 61202 61866 0 15024 61202 61866 0 15024 3833 62348 61747 61747
1667 3709 62265 62004 61920 61202 0 61756 0 61756 61202 0 61756 0 62054 0 93 9164 61207 61314 61265 61202 63291 62009 61949 44373 31277 41095 61202 0 61756 0 61756 4845 61911 0 61920 61202 0 61756 0 61756 18700 62054 62118 62620 61966 62363 61202 0 61920 18700 62054 62118 62254 0 61920 3709 62393 62118 62248 61920 61202 0 61756 0 62248 61920 11028 0 62047 61747 61747
1003 0 61966 61228 23419 61314 3598 61202 0 61920 4845 0 62325 61228 0 62325 61228 19115 61202 0 61756 0 61920 93 0 61756 0 61966 0 62118 61202 0 61756 0 62118 778 61311 769 8881 0 62013 62806 62054 61202 0 62013 62806 62054 28119 62254 0 61920 61202 0 61756 0 61920 61202 0 61756 0 61756 61202 0 61756 0 61756 61202 62609 62009 62088 61579 61747 61747
1003 62023 62023 63291 62004 62393 61920 61202 63291 38718 61202 0 61756 62614 61866 61202 0 61920 0 61966 61202 0 61966 0 61966 61202 0 61966 0 61966 61202 0 61966 0 61966 1902 29194 62970 62995 61202 0 62325 0 62325 644 61202 0 62393 62806 62054 61756 61202 0 62393 62806 62054 61756 3709 62393 62118 62053 62393 62806 62054 61756 61202 62227 62363 62118 61920 61202 62227 62389 62248 61920 61202 62227 62389 62248 61920 61202 62227 62389 61920 61202 62227 62363 62118 62053 49087 61747 61747
1003 61911 63195 62118 61202 0 61756 0 62325 93 61251 5340 61265 4845 61911 63195 62118 61202 0 61756 0 61966 8881 62704 62058 62047 8881 62704 62058 62047 5199 62088 3709 62393 62118 62053 62370 61875 62349 61866 61202 62227 62701 61920 12305 0 62047 61747 61747 55324 61801 5199 62088 3709 61911 62118 62053 62370 61875 61866 61202 63679 62697 61920 61202 63679 62697 62009 61202 63679 62697 61920 15678 62697 62009 62926 61756 29194 62926 62696 61202 63497 62054 62118 62053 62370 61875 62047 61747 61747
1667 8881 50233 63891 61985 4845 61911 62265 62696 61756 8881 62118 62058 62343 61920 10559 62456 62455 62373 62274 34682 8881 62118 62053 62393 61920 5199 62088 61202 0 61966 0 61920 61202 0 61920 61202 0 62047 62047 61202 0 62047 62047 61202 0 62047 62047 61801 61202 0 62118 61920 61202 0 62638 63821 61985 11028 62058 62053 62370 62348 61747 61747 4845 0 61920 4845 0 61920 61202 0 61920 61202 62455 62370 62389 61920 15533 62455 62370 61875 62588 61202 62455 62370 61875 62047 61747 61747
6663 62349 0 15024 61202 0 61966 0 15024 6663 62349 0 15024 25266 3833 62363 62370 62806 15024 8881 61756 0 62325 55324 61801 3709 62389 63164 61920 3709 62389 63164 61920 61202 63233 62348 61202 63233 62348 11028 62058 62248 62047 61747 61747
1667 4845 0 61756 0 61920 62088 4845 0 61920 4845 0 61920 61202 0 61756 0 61920 5199 62088 6663 63078 63821 61985 4845 62248 62321 62373 61202 62227 62701 0 61985 61202 0 61756 0 61920 93 0 62248 61920 62088 61202 0 62389 62248 61920 61202 0 62389 62248 61920 61265 3709 0 62393 62806 62054 61920 801 10276 61256 93 2804 61332 9360 61202 0 62393 62806 15024 15533 62254 0 50002 61966 61747 61747
1667 48020 61756 8881 50233 62325 25211 62047 43122 62349 61801 41501 62806 62054 61756 61202 63419 62561 1812 1812 6663 62053 63388 61971 61866 61801 61202 0 63374 62248 3709 62023 61920 62614 61866 27834 62638 62343 34152 0 62561 2699 93 3833 62348 870 1812 1812
1667 3709 0 61920 63977 0 62054 61202 0 61920 63977 61966 31277 61202 0 61756 62363 61966 61202 0 61756 62363 61966 61202 0 62393 62806 15024 15533 62393 62806 15024 3709 61920 0 61801 61202 0 61801 0 61756 61202 0 61756 0 61756 61202 0 61756 0 61756 61202 0 61756 0 61756 61202 0 61756 0 61756 11028 62455 62373 62393 62348 61747 61747
1667 28119 62321 62227 62227 61866 27834 62638 62343 61202 62487 62638 62343 61920 3709 63388 61971 3709 63388 61971 8881 62363 62370 61920 61202 63497 62054 62227 61966 62254 61866 11028 61985 61971 62047 61747 61747 3709 63388 61971 61801 61202 63078 63821 61985 3833 62254 62966 61985 3709 63388 61971 3709 63388 61971 5199 62088 5199 61966 62697 62248 61756 8881 62004 61866 62306 29568 62620 62373 62325 61801 61747 61747
61202 63078 63821 61985 4845 61911 62363 62370 62389 61202 62935 62701 0 3833 62058 62620 62561 1812 1812
3833 61866 62966 0 62054 61756 4845 62248 61971 62588 61202 0 61756 0 61920 4845 62926 61949 61202 0 62118 61920 61202 0 61920 0 61202 0 61920 0 14890 61747 61747
1667 4845 0 61801 0 61966 61202 62905 62306 61966 61202 0 61920 4845 61249 183 61202 0 61920 61202 0 62393 62806 15024 3709 8794 10884 61202 63291 62013 62248 61920 61202 40241 0 15024 5199 62088 3709 0 61920 6663 5602 55324 61801 11028 61875 62047 62306 4845 62926 62696 58351 51312 5199 62088 4845 0 61920 4845 0 61920 463 61202 63291 62013 61920 61202 63291 62013 61920 61202 62905 62306 62966 61985 5199 62088 1676 4497 61202 63291 62013 61920 61202 63291 62013 61920 61202 63291 62013 61920 61202 40241 0 14890 61747 61747
1667 4845 61875 0 63274 61985 53027 61202 0 62227 61920 62088 4845 62274 62393 62806 62054 7537 61756 61202 62227 62701 0 15024 18700 62054 63465 61920 3709 62539 61801 3709 62539 61801 61202 62227 62701 0 61985 61202 63679 62697 61920 12305 62118 62254 0 62199 49087 61747 61747 3709 62561 62588 61202 63679 62697 61920 61202 63679 62697 61920 38613 61202 62349 62701 61966 61202 63679 62697 61920 38613 62456 62054 62118 62620 62588 63204 61920 5199 62088 61202 0 62638 62966 61985 5199 62088 3709 62539 61801 3709 62539 61801 3709 62539 61801 61202 62487 62638 62966 61985 5199 62088 3709 62539 61801 61202 62487 62638 62966 61985 5199 62023 62265 61747 61747
1667 61202 0 0 62325 644 61202 0 61966 62389 61756 61202 0 61756 62248 61866 18700 62248 61866 62588 36816 62926 61756 40242 61756 4845 0 62009 62047 61202 0 62009 62047 5199 62088 61202 0 62009 62047 61756 6663 61911 62118 62053 0 61920 61202 63291 62013 62248 61920 61202 0 61756 0 61920 11028 61875 62047 62306 61202 0 62009 62047 61747 61747
1667 3709 651 61325 3709 651 61325 61202 0 61756 0 61756 61202 0 61756 0 61966 61202 0 61756 0 61966 61202 0 61756 0 61920 61202 0 61756 0 61920 61202 0 61756 0 61920 61202 0 61756 0 61920 61202 0 61756 0 61920 61202 0 61756 0 61920 61202 0 61756 0 61920 61202 0 61756 0 61920 61202 0 61756 0 61920 61202 0 61756 0 61920 61202 0 61756 0 61920 61202 0 61756 0 61920 61202 0 61756 0 61920 61202 0 61756 0 61920 61202 0 61756 0 61920 61202 0 61966 0 61920 61202 0 61966 0 61920 61202 0 61966 0 61920 61202 0 61966 0 61966 61202 0 61966 0 61966 61202 0 61966 0 61966 0 61202 0 61966 0 61920 61202 0 61966 0 61966 0 61202 0 61966 0 61920 61202 0 61966 0 61920 61202 0 61966 0 61920 61202 0 61966 0 61920 61202 0 61966 0 61966 0 62047 61747 61747
1667 8881 0 62013 62806 62054 61202 62697 61866 62539 61920 61202 0 62013 62806 62054 61202 61866 0 61920 5199 62088 61202 0 61920 0 62013 62806 62054 61202 0 61920 61202 62227 0 61920 61202 62227 0 61920 3709 62393 62118 62053 62274 62306 61202 0 62389 61920 5199 62088 3709 61911 62265 61756 4845 61911 62265 61756 61202 61866 0 61920 61202 61866 0 61920 5199 62088 4845 61911 62118 0 61920 61202 0 62013 62349 61920 10559 62013 62349 62118 61920 61202 0 62013 62349 61920 10559 62013 62349 62118 61920 61202 62456 62620 61971 62588 4845 62926 62696 61920 61202 61866 0 62248 61920 12305 62254 0 62047 61747 61747 61747
1667 21263 0 61801 8881 50233 62325 3709 61911 62118 62343 0 61756 61202 0 61756 0 61756 61202 0 61756 0 61756 61202 0 61756 0 61966 61202 0 61756 0 61966 61202 0 61756 0 61966 61202 0 61756 0 61966 61202 0 61756 0 61966 61202 0 61756 0 61920 61202 0 61966 0 15024 61756 5199 62088 61202 0 62047 5199 62088 61202 63078 63821 61985 61202 0 62393 63109 61985 18700 62054 62118 62455 62349 34682 61202 63679 62697 61920 18700 62054 62118 62053 62254 0 61920 61202 62325 62343 0 62047 61202 0 61966 0 62054 61920 5199 62088 4845 0 61756 0 61920 61202 0 61966 0 62343 0 62047 61202 0 62343 0 62047 61202 0 61966 0 62047 61202 0 61966 0 62047 61202 0 61966 0 62047 61747 61747
1667 4845 0 61756 0 61756 0 61202 0 62118 0 61920 0 61202 0 61920 0 61920 0 61202 0 61756 0 61920 0 61202 0 61756 0 61966 0 61202 0 61756 0 61756 0 61202 0 61756 0 61756 0 61202 0 61756 0 61756 0 61202 0 61756 0 61756 0 61202 0 61756 0 61756 0 61202 0 61756 0 61756 0 61202 0 61756 0 61920 61202 0 61756 0 61756 0 61202 0 61756 0 61920 61202 0 61756 0 61966 0 61202 0 61966 0 61202 0 61756 0 61966 0 61202 0 61966 0 61202 0 61756 0 61966 0 61202 0 61966 0 61202 0 61756 0 61966 0 61202 0 61756 0 61966 0 61202 0 61966 0 61966 0 61202 0 61966 0 61966 0 61202 0 61966 0 61966 0 61202 0 61966 0 61966 0 61202 0 61966 0 61966 0 61202 0 61966 0 61966 0 61202 0 61756
1667 0 61920 63977 0 61966 61202 0 61920 0 61966 0 61985 61202 0 61920 0 61966 0 61985 61202 0 61920 0 61966 0 61985 61202 0 61920 0 61966 0 61202 0 61920 0 61966 61756 55456 62009 62349 62701 62254 34682 61202 0 61966 0 61985 61202 0 61966 0 61966 0 61202 0 61966 0 61966 0 61202 0 61966 0 61966 61202 0 61966 0 61966 0 4845 0 61756 0 61756 61202 0 61756 0 61756 93 61246 61265 61202 0 61966 0 61966 0 61756 93 0 61265 61202 0 61966 0 61966 0 61756 93 61239 61265 3709 62456 62054 62118 62053 62704 62058 62053 62348 61920 61202 0 61756 0 61756 61202 0 61966 62118 0 61966 0 62047 0
1667 3833 62389 63164 63288 62995 61202 56968 15024 61756 10559 62456 0 63204 61920 18700 63300 62561 18473 21263 63465 61202 56968 15024 61756 3833 62088 62118 62053 49087 1812 1812 61202 63078 63821 59256 3709 63233 62348 61202 56968 15024 61756 3833 62054 62935 62701 0 61801 2699 93 45513 61866 870 1812 1812
31938 61801 15533 62254 0 61866 16719 62559 63078 15024 61202 0 62638 62343 61920 5199 62088 61202 0 0 62325 61228 61249 2906
1003 62023 61911 62254 62088 63002 61866 4845 0 61966 61202 0 61966 0 61966 61202 0 61966 0 62118 61202 0 61966 0 61756 61202 0 61966 0 61756 61202 0 61966 0 61756 61202 0 61966 0 61756 61202 0 61966 0 61756 61202 0 61966 0 61756 61202 0 61966 0 61756 61202 0 61966 0 61756 61202 0 61966 0 61966 0 61579 61747 61747
3709 23463 0 61801 8881 62704 62058 62047 61801 55600 61866 1812
4845 0 62966 0 61202 0 61756 0 62343 0 5199 62088 61202 0 61756 62363 62343 61920 4845 62248 61971 62588 61202 0 61756 62363 62343 61920 6663 61911 62254 62343 61920 6663 62053 62254 0 61920 6663 62456 62054 62254 0 61920 5199 62088 61202 63497 62054 62325 62047 11028 62058 0 62047 61747 61747
1667 61875 62004 61866 61801 61223 4845 62248 61985 4845 0 62393 62806 15024 61202 0 61756 0 61920 61202 0 61756 0 61920 6663 2811 61202 62227 63320 62884 61920 11028 61875 62047 62306 29568 63109 61966 61801 1812 1812 3709 61911 62638 47003 61866 4845 0 62393 62806 15024 61202 63291 38718 6663 62053 62393 62806 15024 3709 63388 61971 61920 4088 61202 62227 61801 62088 29568 62227 38718 2699 61747 61747
1667 500 2811 13671 61202 0 62393 62806 15024 5199 62088 61202 63762 62970 33021 61202 0 62393 62806 62054 7537 3709 62393 0 61920 3709 62393 62363 62389 61202 61866 0 61756 61202 0 61756 0 61920 61202 0 61756 0 61966 61202 0 61756 0 61920 61202 0 61756 0 61756 61202 0 61756 0 61756 3709 62393 62363 62389 61920 61202 0 61756 0 61920 61202 0 61756 0 61920 61202 0 61756 0 61920 61202 0 61756 0 62248 0 62047 61747 61747
1667 4845 61915 61949 16969 4845 0 62325 0 62325 61228 61249 61311 61202 0 61756 0 61920 61202 0 61756 0 61920 4845 0 61920 4845 0 61920 61202 0 61920 0 61920 61202 0 61756 0 61920 18700 62274 61875 62274 62370 61920 55324 61801 8938 63159 62118 61756 8881 62389 62349 62118 61920 18700 62054 62118 62053 62370 61875 62348 61920 61202 0 62248 61920 61202 0 62325 62349 61920 11028 62254 0 62047 61747 61747
1667 3833 62265 62696 61756 61202 62227 62363 62370 62389 61202 0 61920 0 61985 4845 0 62389 61202 0 61756 0 61202 0 61756 0 61202 0 61756 0 61202 0 61756 0 62047 61747 61747
4845 63762 61920 4845 63762 61920 61202 63393 62009 62248 61920 3709 62456 62054 62118 62053 62704 62058 62004 61866 61202 63393 62009 62248 61920 3709 62456 62054 62118 62053 62704 62058 62349 61866 4845 63762 61920 61202 63393 61866 0 61920 27834 62638 61920 12305 62118 62053 62704 62487 62348 61282 4845 61911 62118 62053 62704 62058 62004 61866 61202 0 62389 61920 61202 0 61756 62363 62389 61920 3709 62393 62118 62053 62456 62054 61920 61202 0 61756 62363 62118 61920 36653 62373 61801 62306 61747 61747
1667 61202 0 61756 0 61756 55324 61801 61202 0 61756 0 61756 3709 62393 0 61801 61966 61202 0 61801 61966 3709 62227 62180 45945 34587 3709 62227 62180 45945 34587 61202 62227 62701 61920 34587 4845 0 61756 0 61756 8881 62363 62325 62349 61920 5199 62088 10559 62274 15024 8881 62363 63419 61920 3709 62539 61801 41501 63320 61920 14890 61747 61747
16719 34547 61756 3709 62728 62349 63159 61920 61202 0 61756 0 61756 5199 62088 4845 0 61920 61202 0 61920 61202 0 61756 0 62054 61756 3709 62393 61756 0 61920 62088 61202 0 61920 0 61966 61756 61202 0 61966 0 62054 61920 5199 62088 61202 0 61966 0 61966 61756 61202 0 61756 0 61966 61756 10559 62393 62325 62349 62363 61966 61202 0 61756 0 61756 15678 63195 62620 62455 61966 62701 49670 61747 61747
1667 4845 0 61920 61202 62487 62638 62047 61202 0 62325 4845 0 61920 4845 0 62325 61202 0 61756 0 61920 61202 0 61756 0 61920 61202 0 61756 0 61920 4845 62248 61971 62588 61202 63538 62306 62248 61756 62088 61202 56968 15024 61756 3709 62393 62118 62053 62370 61875 62588 61202 62455 62370 61875 62047 61747 61747
1003 62023 61911 62254 62966 61985 31938 4845 61911 33573 61756 53027 61202 0 62306 61966 61202 0 61966 0 62047 61747 61747 61747 5199 62088 4845 0 61756 0 62806 62054 61756 4845 62274 62455 61985 61202 0 62306 62966 61985 61202 0 61756 0 61756 0 61223 3709 0 61920 63497 62054 61223 61202 0 61756 62363 62343 0 61223 61202 0 61756 62363 63419 62088 61202 62609 62009 62088 61202 62609 62009 62088 61202 61756 62363 63419 62088 62047 61747 61747
1667 41095 61756 61756 61756 8881 50233 62325 38613 62609 0 61866 8881 50233 62325 5199 25474 61756 62088 5199 63780 62609 12480 61756 62088 5199 63780 62609 12480 61756 61202 63497 62054 61949 62704 61875 62905 11028 62058 0 61971 62047 62088 2699 15533 62455 62561 1812 1812
4845 61875 0 15024 53027 61202 63274 18473 18700 62274 61875 62274 63627 61920 3709 62539 61801 4845 0 61920 4845 0 61920 61202 62227 61801 62248 61202 62455 61756 0 15024 4845 62926 61949 61985 4845 0 61920 61202 63679 62697 61920 12305 40241 62254 49087 61747 61747
1667 41095 61202 0 61756 0 61756 4845 0 61756 0 61756 61202 63291 62009 45945 14890 61747 61747 61747
4845 61875 62227 62348 61920 16719 62047 62487 44373 61202 0 61966 0 62343 0 62393 0 61756 93 62023 61911 0 61920 62088 0 61756 0 61756 61265 3709 62393 62455 62588 61920 11028 62373 62325 61971 62047 61747 61747
1667 0 61756 0 4845 0 61756 0 61920 4845 0 61920 61202 0 61756 0 61920 61202 0 62306 61966 0 61202 0 61756 0 61920 61202 0 61756 0 61920 61202 0 61756 0 61920 61202 0 61756 0 61920 61202 0 61756 0 61920 3709 651 61332 28119 62274 62455 61866 61202 0 61920 3709 0 61920 0 61920 3709 0 61920 4845 0 62806 62704 0 15024 8881 62704 62058 61920 8881 62704 62058 62047 4845 62704 62058 62004 61920 61202 0 61920 61202 0 61920 0 61920 3709 4238 1055 61350 61202 0 61920 61202 0 61920 61202 0 61920 0 61920 61202 0 61920 61202 0 61920 0 61920 61202 0 61920 0 61920 61202 0 61920 0 61920 61202 0 61920 0 61920 61202 63516 62013 62349 61920 93 0 61920 61202 0 61966 0 61920 61202 0 61966 0 61920 61202 0 61966 0 61920 61202 0 61966 0 61920 61202 0 61966 0 61920 61579 61747 61747
4845 0 61966 0 61202 0 61966 0 61966 61202 0 61966 0 61202 0 61966 0 61202 0 61966 0 61202 0 61966 0 61202 0 61966 0 61202 0 61966 0 61202 0 61966 0 61202 0 61966 0 61202 0 61966 0 61202 0 61966 0 61966 0 61202 0 61966 0 61966 0 61202 0 61966 0 61966 0 61202 0 61966 0 61966 0 61202 0 61966 0 61966 0 62047 61747 61747
1667 10559 61801 62559 63078 61202 0 62393 62806 15024 3833 62389 63164 63288 61985 6663 62609 62009 62088 61202 0 61920 63977 0 15024 61756 25266 61202 0 61920 0 61966 93 0 61756 0 61756 61202 0 61756 0 61966 61756 10559 62393 62638 61966 62118 5199 62088 4845 61911 62321 62539 61756 61202 0 61756 0 61756 10559 62013 62254 0 61920 10559 62013 62254 0 16780 10559 62393 62325 62349 62118 61202 62325 62349 62118 61579 61747 61747
1667 4845 0 0 62325 61228 61249 3137 61202 0 0 61202 0 5199 62088 61202 0 62487 0 61202 0 0 61202 0 61966 0 61202 0 61966 0 61202 0 61966 0 61202 0 61756 0 61756 61202 0 61756 0 61756 61202 0 61756 0 61756 61202 0 61756 0 61756 61202 0 61756 0 61756 61202 0 61756 0 61756 61202 0 61966 0 61756 61202 0 61966 0 61966 0 61202 0 61966 0 61966 0 61202 0 61966 0 61966 0 61202 0 61966 0 61966 0 61202 0 61966 0 61966 0 61202 0 61966 0 61966 0 61202 0 61966 0 62047 0 62047 61747 61747
3833 63195 62118 61202 0 61966 0 61756 0 62118 61202 0 61756 0 61966 93 61245 8787 3494 40644 3080 61202 0 61756 62363 62343 0 61202 0 61756 62363 62343 0 61202 0 61756 62363 62343 0 61202 0 61756 62363 62343 0 61202 0 61756 62363 62343 0 61202 0 61756 62363 62343 0 61202 0 61756 62363 62343 0 61202 0 61756 62363 62343 0 61202 0 61756 62363 0 61202 0 61756 62363 62343 0 61202 0 61756 0 61756 0
1667 0 61756 0 61920 61202 0 61756 0 61920 61202 63762 61920 3709 0 62389 61920 3709 63706 61202 62704 62047 62704 0 61202 0 61966 0 15024 61202 0 61966 0 15024 61202 0 61966 0 61202 0 61966 0 61920 61202 0 61756 0 61920 61202 0 61966 0 61920 61202 0 61966 0 61920 61202 0 61966 0 61920 61202 0 61966 0 62047 0 61202 62325 62349 61920 61202 0 61966 0 61920 61202 62325 62349 62118 61920 61202 62325 62349 62118 61920 61202 62325 62349 62118 61920 61202 62325 62349 62118 61920 5199 62088 61202 0 61756 0 61920 61202 0 61756 0 61920 61202 0 61966 0 61920 61202 0 61966 0 62047 0 61202 0 61920 61202 0 61756 0 61920 61202 0 61756 0 61920 61202 0 61966 0 61920 61202 0 61756 0 61966 0 61202 0 61966 0 61202 0 61756 0 61966 0 61202 0 61756 0 61966 0 61202 0 61756 0 61966 0 61202 0 61756 0 61966 0 61202 0 61756 0 61966 0 61202 0 61756 0 61966 0 61202 0 61966 0 61966 0 61202 0 61756 0 61966 0 61202 0 61966 0 61966 0 61202 0 61966 0 61966 0 61202 0 61966 0 61966 0 15024 61202 0
41095 61202 0 61966 62701 62806 62054 61756 4845 62954 62935 62389 61202 62227 62180 45945 10559 62393 62325 62349 62487 61920 15533 62058 62047 62058 62047 61747 61747
1667 0 61756 0 61223 1072 61202 0 61920 61875 61966 6773 61202 0 61756 0 4845 0 61756 0 61202 0 61920 0 61202 0 62118 0 62343 0 61202 0 61920 0 61202 0 61756 0 61920 0 61202 0 61756 0 61756 0 61202 0 61756 0 61756 0 61202 0 61756 0 61202 0 61756 0 61756 0 61202 0 61756 0 62047 0 61202 0 62047 0 62047 0 61747 61747
1667 4845 0 61756 62363 61202 63516 62605 62248 61202 63516 62605 62248 15533 62321 61866 62047 61747 61747 38613 62540 62265 4845 0 62118 47003 61866 4845 0 62118 47003 4845 0 62118 61920 4845 0 62118 61920 61202 61756 62363 61756 62363 8881 62704 62058 62047 61202 0 61756 62363 5199 62088 61202 0 63195 62118 61202 0 62047 62047 0 62054 61756 0 62054 61756 0 61579 61747 61747
1667 0 61756 0 61756 61756 5199 62118 62058 62053 62254 0 61202 62325 62349 62118 61202 0 61756 0 62118 61202 0 61756 0 61756 4845 62609 62009 62088 61202 62609 62009 62088 61756 61202 0 61756 0 61920 61202 0 61756 0 61920 1328 2811 61202 0 61756 0 61756 61202 0 62343 62343 0 61756 10559 62393 62118 62053 62373 0 62047 61747 61747
1667 3709 0 61801 61966 644 61202 0 62393 61966 61202 0 61920 4845 62704 62004 61866 61202 0 61920 0 61920 61202 62325 0 61920 61202 62935 62701 61920 61202 62935 62701 61920 61202 0 61756 0 61920 61202 62935 62701 61920 3709 12911 11498 61202 0 62389 61920 61202 61866 0 61920 61202 62935 62701 61920 61202 62935 62701 0 61920 3709 6542 61202 0 61966 61202 0 61966 0 61756 61202 0 61920 61202 0 61966 0 61756 61202 0 61966 0 62047 61747 61747
201 62023 61911 63195 62118 61202 0 62966 0 61985 3709 61911 63195 62118 61202 0 62966 0 15024 31277 38613 62053 62254 0 61920 38613 62456 62054 62254 0 61920 61202 63497 62054 62118 62373 62088 62047 61747 61747
1667 4845 0 61966 0 61966 62088 0 61756 61202 0 61756 62363 61756 61202 63078 63078 61920 61202 0 61966 0 61920 61202 0 61966 0 61920 61202 0 61966 0 61920 61202 0 61966 0 61966 61756 61202 0 61966 0 61966 61756 61202 0 61966 0 61756 61202 0 61966 0 61756 61202 0 61966 0 61756 61202 0 61966 0 61756 61202 0 61966 0 61756 61202 0 61966 0 61756 61202 0 61966 0 61966 0 61202 0 61966 0 61756 61202 0 61966 0 61966 0 61202 0 61966 0 61966 0 61202 0 61966 0 61756 61202 0 61966 0 61966 0 61756 61202 0 61756 0 61966 0 61756 61202 0 61756 0 61966 0 61756 61202 0 61756 0 61966 0 61756 61202 0 61756 0 61966 0 61756 61202 0 61756 0 61966 0 61756 61202 0 61756 0 61756
1667 5199 62088 3709 0 62013 62806 62054 61202 62905 61966 0 61920 5199 62088 5199 62088 61202 0 61920 61202 0 61920 61202 0 61920 3709 62393 62363 62370 61920 10559 62393 62118 62254 62370 61920 4845 62620 62047 62588 4845 62456 62620 62047 63679 61756 61202 63679 62697 61920 3709 63388 61971 61920 61202 63497 62054 62118 62620 62047 61202 63393 62325 62349 61920 55324 61801 4845 62349 0 61801 61202 0 62393 63109 61920 34304 61756 62614 61866 34304 61756 62614 61866 61801 34304 61756 62614 61202 62227 62701 61966 18700 62054 62118 62053 62704 62487 62348 61747 61747
10559 62393 61756 62614 61866 34304 61756 62614 61866 34304 61756 62614 61866 4845 0 62325 62325 61228 19115 61202 63291 62009 45945 61202 63291 62009 45945 10559 62393 61756 62614 61866 4845 62248 62254 0 61920 61202 61866 63422 61920 12305 62118 62248 62254 0 62047 61747 61747
1667 61202 0 61756 0 61801 42961 891 6663 61911 62254 62966 61985 4845 62274 15024 61202 0 61756 0 15024 61202 0 61756 0 15024 61202 62487 62638 63821 61985 61202 62487 62638 63821 61985 61202 62487 62638 63821 61985 5199 62088 6663 61911 62254 62966 61985 61202 0 62393 62806 15024 61202 0 62697 44373 18700 62054 62118 62053 62704 62487 62348 61920 61202 0 62393 62806 15024 61756 61202 0 62638 62966 61985 3709 61911 62254 62806 62054 7537 61202 63762 62970 33021 3709 61911 62254 62966 61985 3833 33573 11533 15678 63195 62321 62539 62348 61747 61747
61202 0 61966 0 61228 0 61202 0 61202 0 61801 61202 0 61756 0 61202 0 61756 0 61202 0 61756 0 61202 0 61966 0
1667 3709 61911 61866 62966 0 61866 62054 61756 61202 0 61966 0 61966 61202 0 61966 0 61966 61202 0 61966 0 61966 61202 0 61966 0 61966 61202 0 61966 0 61966 61202 0 61966 0 61966 8881 62704 62058 62047 2683 15750 63291 61920 3709 63388 61971 15533 62254 0 62047 61747 61747
1667 0 61756 0 61920 61202 0 61756 0 61920 61202 0 61756 0 61920 28119 62455 61875 62349 61866 61202 0 61756 0 61920 801 10276 61256 93 2804 61332 29194 62970 61866 61265 3709 8702 2335 13738 61301 61202 0 61756 0 61756 28119 62274 63365 61920 61202 0 62248 61920 15533 62254 0 62047 61747 61747
1667 4845 62349 0 61801 4845 62274 15024 61202 61866 0 61920 61202 61866 0 61920 40242 61756 40242 61756 40242 61756 61202 0 62638 63821 61985 3709 63078 63821 61985 61202 63233 62348 61756 3709 63233 62348 29568 62373 62325 61801 34304 62004 0 62047 61747 61747
1667 3833 62265 61756 5199 62088 3833 62265 61756 61202 40241 0 4845 55171 61202 40241 0 61756 4845 61911 62363 62370 62389 4845 61911 62254 62343 61920 61202 0 61756 0 15024 61756 10559 62393 61756 62363 62118 61920 38613 62456 62054 62118 62053 62704 62487 62047 55324 61801 3709 62393 61756 62614 61202 0 62004 0 62704 0 61202 61866 0 61920 10559 62013 62254 62088 0 61920 10559 62393 62393 62349 62118 3833 62088 62349 62701 62363 61801 61747 61747
4845 62389 63164 61920 8881 62118 62053 62704 62058 62047 61202 0 62966 62966 61985 4845 62389 63164 61920 61202 0 62966 0 62054 61920 61202 0 62638 63821 61985 61202 0 62638 63821 61985 10559 62013 62638 62455 61966 15533 62274 62370 61875 62348 61747 61747
1667 0 61966 62746 62088 4845 61875 61971 62588 61202 0 61756 0 15024 3709 61911 62254 62343 61920 61202 0 61756 0 15024 61202 0 61966 0 61985 40242 61756 3833 62389 63164 63288 61985 3833 62254 62966 61985 4845 62265 62004 61920 8881 62363 62370 15024 61756 29568 62455 62373 61801 61747 61747
1667 6663 55171 61202 0 62118 61920 61202 0 62638 62047 3833 33573 61202 0 62638 62047 93 1666 24326 2335 50126 61325 769 4845 61911 33573 61202 0 62306 61966 61202 0 62638 62047 55324 61801 4845 61911 62227 62701 62806 61202 62905 62306 62047 50002 61966 61747 61747
1667 61202 0 61756 0 62970 62609 27832 93 8881 62455 62370 63320 62054 61202 62487 62638 62966 61985 61265 3833 62265 61756 15533 62004 62321 62306 62348 61801 1812 1812 5199 30692 3709 62456 63516 61801 61966 61202 62487 62638 62966 61985 16780 5199 61966 62697 18473 11028 61985 61971 62047 61747 61747
61202 0 61920 0 62118 0 62118 0 61966 0 61756 61202 0 62966 0 62054 61756 3709 61911 62455 62806 62704 0 61985 61202 0 62966 0 61756 11028 61875 62047 62306 3709 62393 62325 62349 61920 16780 11028 62254 62614 62047 61747 61747
1667 4845 0 61756 0 61966 61202 0 61966 0 61756 61202 0 61966 0 61966 61756 3709 63388 61971 4845 63762 61920 61202 0 61966 0 61756 61202 0 61966 0 61920 3709 63388 61971 61202 0 61966 0 61920 61202 0 61966 0 61920 3709 62456 62054 62118 62053 62370 61875 62349 61866 61202 0 61920 61202 0 61920 0 61920 61202 0 61920 0 62054 5199 62088 61202 0 61920 0 61920 61202 0 61920 0 61920 61202 0 61920 0 61920 61202 0 61920 0 62047 61202 0 61966 0 62047 61202 0 61966 0 61756 61202 0 61966 0 62047 5199 62088 61202 0 62009 62047 62047 61202 0 62009 62047 61202 0 62009 62047 61202 0 62009 62047 61202 61866 0 61920 61202 61866 0 61920 61202 61866 0 61920 61202 61866 0 61920 61202 61866 0 61920 61202 61866 0 61756 0 62248 62047 61747 61747 61579
1667 6663 63388 61971 61202 0 61966 62370 61756 3833 61866 62539 61866 1812 1812 5199 63780 62609 12480 11533 61202 63516 61801 61966 1812 1812 2699
1667 4845 0 61920 40508 62806 62487 93 61286 61300 61251 4776 61202 0 61756 93 61286 61300 61251 4776 21263 61920 62348 61801 61202 40241 0 15024 61579
5199 25474 12305 62013 52036 42961 891 16719 62487 61756 62054 61920 62088 5199 61966 61801 61202 0 62697 63109 61985 16719 62487 61756 62054 61920 61202 0 62009 62047 61756 55324 61801 8881 53890 62118 61756 3709 62254 63164 61920 11028 61875 62047 62306 4845 62058 61875 62349 62746 61756 49690 62254 0 61801 1812 1812
41095 3709 55171 3709 61911 63195 62118 8881 0 62013 61966 61202 0 61756 0 61228 61210 3806 839 1782 41 50 140 8131 25266 15533 62373 62088 0 61866 61202 0 61756 0 61756 61202 0 61756 0 61202 0 61756 0 61920 15533 62058 62053 62047 61747 61747
1667 3709 0 61801 61966 1686 61202 0 61801 61966 4845 9812 4845 61911 62254 62966 61985 61202 0 61756 0 61920 61202 62935 62701 0 55324 61801 61202 0 61966 0 61756 61202 62935 62701 0 61756 61202 0 61801 0 61801 61202 0 61801 61966 61202 0 61801 61202 0 61801 61202 0 61801 61202 0 61966 61202 0 61966 61202 0 62254 62966 61985 4845 62265 62348 61202 63291 38718 61202 0 61756 62363 62343 61920 61202 0 61966 0 15024 61202 0 61966 0 15024 61202 0 61966 0 62047 61747 61747
4845 17444 61283 61260 61202 0 61966 0 61202 0 62393 62806 15024 3709 63291 62013 61920 61202 63291 62013 62248 61920 61202 0 62118 62248 61920 3709 62456 62054 62118 62053 62370 61875 62561 4845 61911 62047 0 62343 0 61202 0 62393 62806 15024 61756 18700 62054 62559 62054 63785 18473 61202 0 61966 0 15024 61756 61202 0 62013 62349 0 62047 61747 61747
16719 62118 62047 61756 15149 62487 62265 1812 1812
1667 61202 0 62118 47003 62009 62746 42961 891 3709 55171 61202 63291 38718 8881 62704 62058 62047 3709 62389 63164 61920 61202 62487 62638 62343 61920 61202 61866 0 61920 3709 62456 62054 62118 62053 62704 62058 62047 16719 62487 61756 62054 61920 41095 3709 0 62389 61920 61202 0 62389 61966 61202 0 62389 61920 61202 0 62389 61966 3709 62393 62325 62349 61920 61202 0 62389 61966 61202 0 61756 62701 61966 61202 63497 62054 62227 61966 61202 63497 62004 61866 62047 61747 61747
1667 3709 63078 63821 61985 61202 0 63374 62248 31277 61202 63291 62009 45945 29568 62227 38718 61747 61747
1003 62023 0 61920 0 61966 0 61966 0 62118 61202 0 61756 0 62118 61202 0 61756 0 61966 0 62118 61202 0 61756 0 61966 0 61202 0 61756 0 61966 0 61202 0 61756 0 61966 0 61202 0 61966 0 61966 0 61202 0 61966 0 61966 0 61202 0 61966 0 61287 61202 0 61756 0 61756 61202 0 61756 0 61966 0 61966 0 61202 0 61966 0 61966 0 61202 0 61966 0 61966 0 61202 0 61966 0 61966 0 61202 0 61966 0 61966 0 61202 0 61966 0 61966 0 61202 0 61966 0 61966 0 61202 0 61966 0 61966 0 61202 0 61966 0 61966 0 61202 0 61966 0 61966 0 61202 0 61966 0 61966 0 61202 0 61966 0 61966 0 61202 0 61966 0 61966 0 61966 0 61202 0 61966 0 61966 0 61202 0 61966 0 61966 0 61202 0 61966 0 61966 0 61202 0 61966 0 61966 0 61966 0 61202 0 61966 0 61966 0 61202 0 61966 0 61966 0 61202 0 61966 0 61966 0 61202 0 61966 0 61966 0 61966 0 61202 0 61966 0 61966 0 61202 0 61966 0 61966 0 61202 0 61966 0
1667 3709 55171 8881 0 62013 62806 62054 8881 62704 62058 62047 55456 62009 62053 62254 0 61866 61202 62697 62009 62248 61920 61202 62325 62349 62118 61202 62325 62349 62118 5199 62118 62058 61801 61920 4845 62248 62321 62373 61866 61202 0 62248 62321 62588 61202 0 61756 0 62248 61920 61202 0 61756 0 62248 61920 5199 62088 5199 62088 61202 0 61756 0 61920 61202 0 61756 0 61756 61202 0 61756 0 61920 61202 0 61756 0 61756 61202 0 61756 0 61756 61202 0 61756 0 61756 61202 0 61756 0 61756 61202 0 61756 0 61920 5199 62088 61202 0 61756 0 61756 61202 0 61756 0 61756 61202 0 61756 0 61756 61202 0 61756 0 61756 61202 0 61756 0 62248 61920 15678 63195 62054 62455 62373 61801 61747 61747 61747
61202 63785 0 62118 0 29194 62704 62058 62047 61202 0 61966 0 15024 61756 880 61202 0 61966 0 15024 15533 62274 62343 0 61282
1667 5199 25474 61801 3709 62926 61949 62180 31277 18700 62058 62053 62047 16719 62047 62487 44373 62088 3833 62559 62393 62456 45513 61756 905
4845 61911 62389 62559 62389 61202 0 61756 0 62088 61202 0 61756 0 61920 55324 61801 3833 62349 62701 62701 0 4845 60998 61756 61202 0 62349 0 61920 1812
4845 61911 62254 62088 63002 15024 4845 61911 62254 62088 63002 15024 4845 62926 62696 61920 4845 0 61756 0 62343 0 61202 0 61966 0 62054 0 61202 0 61966 0 61202 0 61966 0 62054 0 61202 0 61966 0 61966 61202 0 61756 0 62343 0 61202 0 61756 0 62343 0 61202 0 61756 0 62343 0 61202 0 61756 0 62343 0 61202 0 61756 0 61756 61202 0 61756 0 61756 61202 0 61756 0 61756 61202 0 61756 0 61920 61202 0 61756 0 61756 61202 0 61756 0 61920 61202 63497 62054 62118 62053 62370 61875 62348 61202 63497 62054 62455 62373 62047 61747 61747 61747
1667 5199 62088 61202 0 61756 0 4845 0 61756 63977 0 62806 62054 61756 61202 0 61756 62363 62343 61920 61202 0 61756 0 61756 61202 62227 62180 45945 10559 62393 62325 62349 62118 61920 61202 63497 62054 62118 62053 62704 62487 62047 61202 0 61756 62363 62047 5199 63374 61202 0 61756 0 4845 0 61966 63977 0 62806 62054 61756 53027 31938 4845 62370 62370 61875 62118 61202 0 62389 61920 4845 62704 0 62389 61920 61202 0 62389 61920 61202 0 61756 0 61920 18700 62054 62118 62053 62704 62487 62348 61920 61202 63497 62054 62118 62620 62047 61747 61747
28119 62254 0 61866 8881 62455 62373 62456 62054 5199 62118 62058 61202 62325 62349 62118 61202 63291 38718 4845 61911 63195 62118 61202 0 61756 0 15024 61756 8881 62455 62373 61801 61202 0 61756 0 61920 61202 62455 62373 62013 62047 61747 61747
1667 16370 55171 4845 0 62325 61228 0 62325 61228 19115 4845 0 61920 61202 0 62118 61920 61202 63679 62697 61920 3709 62539 61801 3709 62539 61801 61202 62487 63664 61202 62455 61756 0 15024 4845 61875 62227 62348 61920 4845 61875 0 15024 61202 63393 62325 0 61920 55324 61801 5199 62088 61202 62227 61801 61920 61202 62227 61801 61920 38613 61202 62227 61801 62248 61920 38613 62456 62054 62455 62561 61202 0 61920 61202 0 61756 62363 62118 61920 4845 61875 61971 62588 61202 0 61920 0 61920 61202 0 62118 61920 0 61920 61202 0 61920 0 61920 0 62047 61747 61747
1003 0 61756 0 61756 61202 0 61756 0 61756 61202 63291 62009 61949 44373 93 9164 61207 61314 61265 93 61911 33573 61866 4845 0 61920 61202 0 61756 0 61756 61202 0 61756 0 61920 18700 62054 62118 62620 62047 62370 62047 61747 61747
1667 61202 0 61966 0 15024 61801 3709 62325 62363 61966 16780 11028 62373 62004 62884 62348 1812 1812 2699
1667 4845 0 0 62325 0 61202 0 61920 0 62325 644 61202 0 61756 0 61920 61202 0 61756 0 61920 4845 62926 61949 61202 62227 62701 61920 55324 61801 4845 0 62389 61920 61202 62227 62701 61920 3709 62456 62054 62118 62053 62704 62058 62047 61202 0 61920 3709 62456 62054 62118 62620 62004 0 61920 93 7052 61332 61202 0 61756 0 61756 61228 8337 2980 61265 61202 0 61756 61202 0 61756 0 62456 62054 61920 93 7052 61335 769 3709 0 61920 61202 62704 0 61920 61202 62704 0 61920 61202 62704 0 61920 61202 62704 0 61920 3709 61911 62254 62370 61920 4845 62704 0 61920 4845 62704 0 61920 61202 0 61920 3833 62389 0 61920 11028 62047 62588 61971 62047 61747 61747
1003 62023 62053 62704 62058 62004 61866 8881 50233 62325 31277 3709 62265 62004 61920 61202 63291 62009 61949 44373 3709 0 61966 62343 61920 61202 63291 62009 61949 44373 3833 62348 61920 61282 61202 0 61966 0 61966 61756 61202 0 61966 0 61756 61202 0 61966 0 61756 61202 0 61966 0 61966 61756 61202 0 61966 0 61756 61202 0 61966 0 61966 61756 61202 0 61966 0 61756 61202 0 61966 0 61756 61202 0 61756 0 61920 61202 0 61756 0 61920 61202 0 61756 0 61920 61202 0 61756 0 61920 61202 0 61756 0 61920 61202 0 61756 0 61920 61202 0 61966 0 61966 0 61756 61202 0 61966 0 61966 0 61756 61202 0 61920 61202 0 61966 0 61966 0 61756 61202 0 61966 0 61966 0 61756 61202 0 61966 0 61966 0 61579 61747 61747
61202 0 61920 0 61920 4845 0 62393 0 61966 8881 62349 0 61920 4845 0 61920 8881 62349 0 61920 61202 0 61920 0 61966 0
1667 3709 61911 62704 61801 61966 26176 4845 0 61966 61228 23419 61314 3598 4845 0 61920 4845 0 62343 61202 0 62343 0 61920 3709 63388 61971 4845 63164 62638 61202 63679 62697 61920 3709 63388 61971 15533 62254 0 62047 61747 61747
1667 41095 61801 6663 62274 62393 0 61801 61202 0 61756 0 61756 21263 61920 62926 61756 21263 61920 62254 0 61866 61202 0 62393 62806 15024 18700 62058 62053 62348 18473 53027 10559 62013 62058 62053 62047 61202 63497 62058 62053 62348 61920 55324 61801 15678 63195 62058 62053 62274 63627 55324 61801 15678 63195 62054 62227 61966 63627 2699 11028 62370 59575 1812 1812
1667 4845 62013 61756 0 62343 12480 61756 61202 0 62966 62248 12480 61756 15678 62697 62009 0 62561 11028 61875 62047 0 62047 61747 61747
1667 0 61756 0 61756 55324 61801 61202 0 62393 63109 61920 62088 61202 0 61756 0 61920 18700 62701 62227 62348 18473 16719 11533 4845 62926 61756 8881 62058 62343 61920 4845 62926 62696 8881 50233 63891 61985 15678 0 4845 62620 62455 62561 61801 2699 45513 1812 1812
4845 0 62118 0 61228 62274 61756 0 61756 61202 0 61756 0 61966 61202 0 61756 61202 0 61756 61202 0 61756 0 61202 0 61756 0
1667 4845 0 61920 0 61202 62487 62638 62966 61985 34587 61202 0 61966 0 15024 62088 61202 0 61966 0 15024 61801 61202 0 61966 0 15024 61202 62935 62701 0 61985 61202 62935 62701 0 61985 45236 61747 61747
61202 0 61756 0 61966 61202 0 61756 62363 61966 61202 0 61756 62363 61966 61202 0 61756 62363 61966 61202 0 61756 62363 61966 61202 0 61756 62363 0 61756 61202 0 61756 62363 0 61756 61202 0 61756 62363 61966 61202 0 61756 62363 61966 61202 0 61756 62363 61966 61202 0 61756 62363 61966 61202 0 61756 62363 61966 61202 0 61756 62363 61966 0
29194 0 62013 62806 62054 8881 0 62013 62806 62054 61756 61202 0 61966 0 61202 0 61966 0 61202 0 61966 0 61202 62227 61801 0 61920 4845 63233 62348 4845 63274 61971 61202 62227 61801 0 61920 61202 61866 0 15024 61202 62905 62306 61966 61756 5199 62088 61202 0 61756 0 61920 3709 0 62013 62806 62054 15024 16780 61202 0 61756 0 62047 93 0 62047 682 52 2906 8335
1003 62013 62227 62701 62254 61866 61202 0 61920 61202 0 62013 61966 4845 0 62325 644 61202 0 62393 61920 8881 0 62013 62806 62054 61202 0 62013 0 61920 3709 61911 62254 62343 61920 4845 61911 62254 62343 61920 61202 0 61875 61966 61202 0 61875 61966 61202 0 61920 61875 62349 61920 61202 0 61920 0 61920 10559 62393 62118 62053 62455 62373 61801 16719 62559 63078 14890 61747 61747
1667 61202 63078 63821 61985 61202 63516 62605 62248 61920 61202 63516 62605 62248 61920 61202 0 61966 61920 61202 0 62118 61920 61202 0 62118 62118 0 62047 61747 61747
4845 0 62370 61866 61202 0 61966 0 61202 0 61966 0 61202 0 61966 0 4845 0 62325 0 61756 644 61202 0 61756 0 61756 61202 0 61966 0 61756 3709 63388 61971 3709 63388 61971 4845 0 61920 61202 0 62118 0 3833 0 61966 0
1667 0 61801 61875 61966 1328 61202 0 61801 61966 61202 62325 62349 61920 6663 61875 62004 61920 8465 29194 62970 61202 0 62393 62806 15024 61202 62935 62701 61920 3709 12911 5316 61202 63291 38718 61202 63291 62004 62393 61920 61202 62935 62701 0 61202 62935 62701 0 62047 61747 61747
1667 0 61756 62746 61756 28119 62004 62054 63785 61202 0 61920 63977 0 15024 61756 10559 62013 63164 61920 18700 62054 62118 62254 62325 4845 62926 61949 37065 93 62023 61801 62559 63078 61202 62609 62009 62088 61202 0 61920 63977 0 61866 61202 0 61920 61202 0 61756 62363 61966 6663 0 61801 63195 0 61866 4845 62926 61949 61202 0 61920 61202 0 61756 62363 62118 61920 61202 0 62806 62054 11028 0 62047 61747 61747
28119 62004 62054 63785 61202 0 61920 62088 61202 63164 62638 5199 62088 61202 63078 63821 61985 3833 63195 62118 61202 63164 62638 5199 62088 61202 0 61756 0 61756 61202 0 62325 61228 61249 2906
4845 17444 61283 61260 140 11701 3709 12613 61247 61202 0 61920 61202 0 61756 0 61920 61202 0 61756 62363 61966 61202 0 61756 62363 61202 0 61756 62363 61202 0 61756 62363 61202 0 61756 62363 61202 0 61756 0 61920 61202 0 61756 0 61920 61202 0 61756 0 62248 61920 61202 63393 62325 62349 61920 61202 0 61756 0 62248 61920 61202 0 62248 62248 62047 61747 61747
1003 61911 62393 61228 35132 30075 80 61202 62455 62054 0 15024 61756 61202 62455 62054 0 15024 61756 61202 62455 62054 0 15024 61202 0 61756 0 4845 61911 33573 61228 0 61966 61228 62118 62053 0 62325 0 62047 61747 61747
4845 0 61971 0 61866 4845 0 61966 0 61866 62054 61756 5199 62088 3833 61866 62966 0 61866 62054 61756 61202 0 62487 0 62054 61920 4845 62926 61949 61202 0 61756 0 61920 4845 62926 61949 61202 0 62325 0 61202 0 61756 0 61202 0 61756 0 61202 0 61756 0 61202 0 61756 0 61202 0 61756 0 61756 61202 0 61756 0 61920 10559 62393 62118 62053 61866 63365 61920 10559 62393 62118 62053 61866 62306 61202 61866 62539 61920 3833 62343 61920 3833 62343 61920 8881 50233 63891 61985 8881 62926 62696 61756 11028 62455 63159 62047 61747 61747
1667 41095 61756 11533 15678 62697 61920 63300 62561 34587 5199 63780 62609 12480 11533 3709 63002 61920 3709 63002 61920 5199 63780 62609 12480 61756 61202 63274 62487 61801 1812 1812 2699
41095 61801 6663 61911 62088 61756 25266 8881 61866 62539 61920 10559 62013 62227 61966 62118 29568 62227 38718 61747 61747 27834 62004 55171 61202 63516 61801 61966 61202 62455 62806 62054 18700 62054 62118 62620 62047 62363 34304 62004 61866 62588 16719 33573 61756 38613 62456 62054 62321 62588 61202 0 62248 62321 62588 55324 61801 61202 0 62393 61756 62054 61756 55324 61801 61202 0 62393 61756 61202 0 61756 0 61756 3709 61911 0 62248 61920 16780 61202 62455 62373 62393 0 62047 61747 61747
41095 61801 3709 62393 62118 62053 62704 62058 62004 61866 61202 62884 62047 61202 62701 61966 3709 62456 62054 62118 62053 62704 62058 62004 61866 61202 62701 61966 61202 0 62393 63109 61920 3709 62265 62004 61920 61202 0 61920 61202 0 61966 61202 0 61966 34304 61756 62363 62343 61920 61202 63497 62054 62373 62325 62047 11028 62926 62088 62047 61747 61747
1003 61237 220 61210 3709 61911 62265 61756 4845 61911 62254 0 61866 61202 0 61966 0 61985 61202 0 61756 62363 61202 63419 61966 61202 63419 61966 8881 62704 62058 62047 61202 63078 63821 61985 61202 0 61756 62363 61966 0 62047 0 61579 61747 61747
1667 38613 62540 62265 5199 63780 62609 12480 61756 6663 62620 61971 61202 61866 63649 3833 62363 62370 1812 1812 5199 63780 62609 12480 11533 28119 62620 62343 62343 39677 61949 61756 5199 63780 62609 12480 61756 3833 62728 62701 62363 1812 1812 2699
1667 3709 62456 62054 62254 0 61866 4845 0 62013 62343 61202 0 62343 0 3709 62456 62054 62254 0 61866 61202 0 62343 61920 5199 62088 8881 62363 62047 62013 61920 61202 0 61756 0 61756 3709 0 61756 63195 62118 61920 61202 0 61756 0 61920 55324 61801 3709 0 61920 61202 0 62343 0 61756 61202 0 61756 62389 61920 3709 62393 62363 62370 61920 3709 62393 62363 62370 61920 61202 63497 62363 62370 61920 11028 62274 62588 62047 61747 61747
1667 5199 63374 61801 12305 61756 61756 38613 62456 53890 62058 61920 27834 61920 52246 15533 62058 62053 62047 1812 1812 2699
1667 5199 63374 61801 61202 62325 62363 62343 62248 27832 61756 61202 0 62389 62248 27832 61756 3709 62393 62118 62053 62370 61875 62588 61202 63679 62697 61920 62088 4845 62274 62389 61920 61202 0 62389 61920 61202 0 62389 62248 61756 5199 62088 61202 0 61756 0 62248 61756 61202 0 61756 0 62248 61756 10559 62013 62363 62370 61875 62588 61202 0 61756 0 62248 61756 10559 62013 62455 62370 61875 62588 61202 63497 62054 62118 62053 62370 61875 62047 61747 61747
61202 62746 61966 62487 61202 0 61756 0 61756 0 62118 93 15616 61314 61265 3709 62393 63497 0 61756 0 61756 61202 0 61756 0 61920 61202 0 61756 0 61920 3833 62054 62118 63159 62047 61747 61747
1667 4845 0 62118 61202 0 61966 0 61202 0 62638 62343 0 61202 0 61756 62363 62343 0 4845 62274 62389 61202 0 61756 0 61966 61202 0 61756 0 61966 61202 62487 62638 62343 0 15024 61756 10559 62013 62058 62053 62058 62053 62047 10559 62393 62349 62701 62363 61966 5199 62088 3709 62456 62054 62349 62701 62363 63365 61920 61202 0 61920 61202 0 61756 62363 62343 0 15024 61756 5199 62088 61202 0 61756 62363 62343 0 15024 61756 5199 62088 61202 63679 62697 62009 62047 0 15024 3709 62456 62321 63365 61202 0 61756 0 62047 0 62047 61747 61747
1667 41095 61756 61202 0 61966 0 61756 6663 6953 61202 62704 0 61920 61202 0 61756 0 61756 61202 0 61756 0 61920 61202 63497 62054 62118 62053 62704 62487 62047 11028 61985 61971 62047 61747 61747
3709 62539 61801 3709 62539 61801 61202 0 62393 63109 61920 3709 62539 61801 61202 0 62393 63109 61920 4845 0 62966 0 62054 61756 4845 62926 61949 61202 0 62393 63109 61920 31552 43122 62349 61801 61747 61747
1667 0 62004 0 62704 61202 0 62456 61801 8881 62088 61756 61756 0 61756 61202 63002 61920 4845 0 61801 0 61202 0 61756 0 61202 62349 62697 62248 61202 62701 61966 3709 63002 61920 61202 63002 61920 4845 0 62393 0 61202 0 61801 0 61801 61202 0 62393 61756 61202 0 61756 0 61756 61202 0 61756 0 61756 61202 0 61756 0 61756 61202 0 61756 0 61756 61202 0 61756 0 61756 0 61756 61202 0 61756 0 62047 0 61756 61202 0 61756 0 62047 61747 61747
1667 61202 63078 63821 61985 61202 0 62638 62966 61985 3709 62389 63465 53027 10559 62013 62058 62053 62004 61866 61202 0 62966 62363 61202 0 62638 62966 61985 12305 40241 62254 49087 61747 61747 3709 23463 62539 7537 53027 4845 0 61920 16719 62047 62487 44373 18700 62054 62118 62053 62348 50462 4845 0 62325 644 4845 61875 63164 61920 4845 0 62325 3833 0 61920 0 61920 4845 62389 63164 61920 61202 62487 62638 62343 61920 12305 63465 61202 62487 62638 62343 7537 61756 15678 63195 62054 62118 62455 62561 61747 61747
1667 4845 62265 62004 61920 61202 0 62118 62248 27832 3709 62023 62559 62013 61756 61920 61202 62227 62638 61920 10559 62393 62325 62349 61920 10559 62013 62638 62455 62349 29568 62227 38718 61747 61747 40242 61756 11028 0 61756 4845 62373 61756 61756 55324 61801 15750 63291 61920 61202 0 61920 10559 62393 62325 62349 62118 5199 62088 62620 62047 61747 61747
4845 0 61756 0 61756 61202 0 61756 62363 61202 62455 62054 62023 61920 31938 61202 62455 62054 62023 62588 14890 61747 61747
1667 4845 62389 63164 63288 61985 4845 61911 62254 62966 61985 61202 0 61756 62701 15024 34587 61202 0 62393 62806 15024 62088 61202 63762 61920 3709 63762 61920 61202 63762 61920 18700 62620 62047 63679 61756 4845 0 62389 62561 61202 0 62638 63821 61985 31938 61202 62935 62701 61920 12305 62118 62620 62047 62701 62047 61747 61747
1667 41095 61801 4845 0 61756 0 61966 61202 0 62343 0 15024 61756 61202 0 61966 0 15024 61756 61202 0 61966 0 15024 61756 61202 0 61966 0 61756 61202 0 61966 0 61756 61202 0 61756 0 61756 61202 62455 62373 61801 61966 11028 0 62047 61747 61747
1667 4845 62274 15024 61202 62487 62638 63821 61985 61202 62487 62389 62248 61920 18700 62054 62118 62254 62370 61875 18473 61202 62905 62697 44373 6663 0 61756 0 61756 61202 0 61756 0 15024 25266 61202 0 62393 62806 62054 15024 61202 0 61920 61202 61866 0 61920 3709 62265 62348 61801 61202 63679 62697 61920 16780 61202 63274 62487 61966 3709 62393 62325 62349 61920 61202 63274 62487 62047 61747 61747
1667 21263 61920 62321 62539 61202 0 61920 61202 0 61966 61202 0 61966 61202 0 61966 61202 0 61966 93 0 61966 0 61985 61202 0 61966 0 61985 870 6663 63078 63821 61985 53027 61202 63497 62054 62118 62455 61875 62588 61801 61202 63274 62487 62349 1812 1812 2699
201 62023 62053 62254 62004 62455 61866 4845 0 61920 8881 62455 62884 0 61920 3709 62393 62004 61920 61202 0 61756 62363 61966 61287 3709 62393 62004 61920 61202 0 62389 62248 61920 61287 3709 61911 62118 62053 62704 62058 62004 61866 4845 61875 63706 55324 61801 3709 62393 62325 61801 61202 63679 62697 61920 3833 63195 62118 8881 62349 0 11028 62274 62539 62047 61747 61747
1667 0 61966 0 61966 61920 4845 62274 15024 61202 0 62389 61920 61202 0 61966 62370 61920 61202 0 61966 62370 61920 61202 0 62389 61920 61202 0 62389 61920 11028 62274 62455 49087 61747 61747 4845 62274 61756 0 61756 61202 0 61756 0 61966 61202 0 61756 0 61920 61202 0 61756 0 61920 5199 62088 3709 62227 62180 62053 62274 62389 61202 62325 0 62325 5199 62088 5199 62088 4845 61875 0 61920 61202 61866 0 61756 0 15024 61202 61866 0 61920 11028 62274 62455 49087 61747 61747
4845 17444 61283 61260 61202 0 62118 0 61228 27040 61247 61202 0 61756 62363 62389 28119 62455 62373 62274 61866 61202 0 61966 0 4845 0 62325 61228 19115 61202 61866 0 62248 61920 61202 0 61920 0 62047 15533 0 62047 0 62047 61747 61747
1667 6663 55171 61801 3709 63388 61971 15678 63195 62058 62053 62088 62058 62561 41095 61756 61756 10559 62393 61756 62614 15678 63195 62054 62254 0 61920 10559 62456 62054 62118 62053 62704 62058 62561 61920 31938 3709 62118 62620 61966 62325 11028 62058 62053 62088 62047 62088 62047 2699 93 3833 62348 870 1812 1812
4845 61911 62254 62370 0 61202 0 62118 0 61920 0 3833 62363 62370 62389 61202 0 61756 0 61920 3709 0 61920 0 61920 61202 0 61966 0 62054 61920 15533 62321 61966 0 62047 61747 61747
1667 41095 61985 11533 61202 63674 62884 62009 61756 6663 62926 61949 62180 34152 62321 62539 62047 61756 905 2699
1667 16719 62559 63078 61866 61202 0 61756 0 61756 3709 63002 61920 4845 651 61202 63291 62013 61920 61202 0 62966 61985 93 62023 62265 62348 61801 2600 61202 63291 62013 62248 61920 61265 3709 63388 62004 61866 61202 63393 62325 62966 61985 61202 63291 62013 62966 61985 11028 62373 62539 62047 61747 61747 4544 500 61202 63291 62013 61920 500 3851 2980 1676 11980 61312 61202 63291 62013 61920 5199 62088 682 61309 61202 63291 62013 61920 11028 61875 62047 0 62047 61747 61747
41095 61801 3709 12613 61247 61202 0 62393 63109 61985 61202 63516 61801 61966 61202 0 62966 61985 3709 62456 62054 62118 62620 62047 63679 50462 24560 11028 62058 0 62047 61747 61747
1667 4845 62609 62009 62088 61202 0 61920 63497 62054 4845 0 61971 63497 62054 4845 0 61756 62614 4845 0 61920 0 61920 4845 0 61920 0 61920 4845 0 61920 4845 0 61920 0 61920 4845 0 61920 61202 0 61920 0 61920 61202 0 61756 0 61920 61202 0 61756 0 61920 61202 0 61756 0 61920 4845 0 61756 0 61920 61202 0 61756 0 61920 61202 0 61756 0 61920 61202 0 61756 0 61920 61202 0 61756 0 61920 61202 0 61756 0 61920 18700 62054 62118 62053 62370 61875 62348 61747 61747
1667 4845 0 61920 0 61920 4845 62704 62254 63627 61920 53027 61202 0 61920 0 61920 3709 62539 61801 3709 62539 61801 8881 62306 0 61985 3709 62456 62254 0 61920 16780 61202 62935 62588 61920 3709 62456 62254 0 61920 4845 62926 62696 61920 27834 62638 62343 2699 61747 61747
1667 4845 0 61801 0 63078 0 61202 0 61801 0 15024 15533 62254 0 4845 55171 61202 0 61801 0 61920 61202 0 61756 0 15024 3709 62456 62054 62118 62053 62373 62013 62349 61866 61202 0 62013 62343 61920 61202 63679 62697 61920 61202 0 62013 62343 61920 61202 0 62013 62806 62054 15024 61202 0 62013 62806 62054 61202 0 61966 0 62047 61747 61747
1667 3709 0 61920 61202 0 61920 61228 0 61920 61228 0 61920 0 62118 0 61756 61202 0 61920 0 62054 61756 61202 0 61920 0 61920 61202 0 62047 0 62054 61920 61202 62487 62047 0 61920 61202 62487 62047 0 61920 61202 62487 62047 0 61920 61202 62487 62047 0 61228 5019 61202 63393 62325 62349 61920 61202 0 61756 0 61920 5199 62088 61202 0 62325 0 62325 644 5199 62118 62058 62053 62370 61875 62349 61866 4845 0 61920 61202 0 61756 0 62325 0 61756 5199 62118 62053 62373 62013 62349 61920 8881 62455 62373 61801 61202 62325 62349 62118 62248 62047 61747 61747
1667 41095 61801 4845 0 61756 0 61756 61202 0 61756 0 61966 61202 0 61756 0 61966 61202 0 61756 0 61966 61202 0 61756 0 61966 61202 0 61756 0 61966 61202 0 61756 0 61966 61202 0 61756 0 61966 61202 0 61756 0 61756 61202 0 61756 0 61756 61202 0 61756 0 61756 61202 0 61756 62363 61966 0 62047 61747 61747
61202 0 62966 0 63977 0 62118 61202 0 62966 0 62054 61756 93 0 62393 61756 62054 61756 61265 61202 0 62393 63109 61920 93 62023 0 62248 61920 61202 0 62393 63109 61920 55324 61801 61202 0 62393 63109 61920 61202 0 62393 63109 61920 11028 61985 61971 62047 61265 5199 62088 61202 0 62966 61756 0 62118 61920 93 0 61756 0 61966 62118 61265 55324 61801 4845 0 62389 61920 61202 0 61756 0 61756 62118 11028 0 62047 61747 61747
