1003 61202 63681 63912 61223 61274 50556 61260 140 11701 61202 63253 16817 62629 0 63773 62205 63554 63087 63398 63075 0 61749 0 62398 62311 63123 62874 61749 62877 63735 0 62234 0 61749 62877 63735 61223 63597 0 61969 63208 0 62552 61312 0 63410 61969 61785 61579
1003 13125 62831 63377 62855 0 62512 62398 62311 62205 62560 62238 62811 61749 62738 62855 61223 62476 61223 62515 62075 0 62075 0 63429 62205 0 63015 63660 61749 63429 61969 61223 63597 0 61223 63597 0 62849 61223 0 62853 0 63429 0 61993 0 63429 0 62853 0 61993 0 62843 0 62776 0 63429 61993 0 62338 0 63429 61993 0 61749 0 63429 0 62205 0 61749 0 63429 0 61223 61202 63201 61245 8787 3494 1804 61311 0 61749 0 62961 0 63281 62562 0 61749 0 61785 61579
10321 61202 0 63545 48554 62794 61301 62380 0 63630 61974 62323 61977 62774 62494 63547 62877 63735 46428 62737 0 62850 63849 62205 63009 0 61749 62850 62303 62877 63779 61785
61202 22268 0 63394 0 62515 0 63429 0 61749 0 63394 0 61785
61202 0 62705 62892 62527 62819 63939 62392 63285 62690 0 62850 62303 61749 62712 63294 0 61223 63473 0 63086 63028 63333 0 62552 0 61223 62392 63309 0 62205 0 62627 62103 63240 0 63487 61785
1003 61274 50556 61260 140 11701 61202 63651 63394 61969 62544 62205 0 63536 63624 62947 0 29427 61969 62544 0 62705 0 62705 62408 62494 62311 63869 0 63582 63860 62408 651 61228 31226 0 63555 62960 61785 61579
1003 62103 63131 62515 62940 62824 0 62850 62303 61749 61980 63043 62571 61749 0 63774 0 61223 61202 0 63081 0 62940 62933 63831 62983 62030 61223 22268 0 62804 62850 63849 61785 26351 62850 63849 62737 0 62628 61223 62682 63081 0 62364 0 61749 62850 62303 61749 63202 63776 0 62853 61223 63201 62794 0 63687 62392 63548 62824 60482 62850 62303 61969 62712 62364 62850 63849 61202 62961 62928 0 62695 63074 62827 61785 61579
201 62401 62739 61223 52633 0 31807 55989 62997 62448 11853 61223 61202 63589 62076 62394 61223 61202 48657 62591 62629 62075 0 61749 62555 62430 62494 39528 62737 0 42568 61749 63600 61223 62392 0 63969 0 63429 0 61785 61287
1003 62076 63709 62629 35924 61223 62824 0 63279 63691 63064 0 62364 62103 62242 0 61749 0 61223 62982 61980 62413 63307 62545 62103 62242 62238 61749 63429 61969 62877 63779 61223 63473 62075 31807 0 63086 0 63429 61969 62076 63584 0 61223 63201 62794 63536 0 61969 62544 61993 63615 62527 0 63594 63281 63703 63647 61749 62997 0 61785 61579
61202 63032 29829 61749 63377 62855 0 61974 63816 62258 63767 63138 61785
1003 61202 63548 62824 62076 0 63685 0 53893 61749 62494 62791 63043 0 61282 61202 0 63646 63548 62824 62515 62850 62303 61749 0 63685 0 53893 61223 63597 0 63381 0 63281 62940 62824 0 62523 61749 46153 62381 61223 0 62480 0 62877 63490 63703 63647 62880 62075 0 62940 62877 61969 61749 46153 61785 61579
61202 0 63734 56662 62449 63242 63276 61202 63473 0 63969 61969 62114 61749 0 62843 0 61785
1003 61969 62486 62749 63746 48554 0 61974 0 62831 56662 0 63646 61223 63309 53263 61980 62527 0 63398 0 62484 62408 0 62950 62159 0 62629 62877 63490 0 63277 61579 61785 61579
1003 61301 62662 5756 62380 61223 63201 63554 62380 62811 63356 53263 63026 60482 63554 62380 62811 63356 62850 63849 62737 0 61223 62688 63026 63773 63846 62205 62823 63566 62737 0 61223 61202 63028 63333 0 63086 62968 63922 63685 62695 62394 61785 61579
1003 61202 62796 651 61311 62316 62297 61749 61254 61249 61251 61249 0 61749 62816 0 62874 63460 61223 63000 0 63593 0 62823 63351 0 62303 0 62413 62738 62408 62303 63194 61749 0 63235 0 63235 0 63783 62738 62587 62290 61785 61579
1003 0 62238 62850 62205 62802 62311 62238 62850 61749 63782 62521 63548 62824 0 62850 62303 61749 62933 63831 61993 63249 0 62205 63183 0 63615 62527 61785 61579
73 8787 3494 40644 61749 0 63429 62850 0 62801 61931 62928 61749 61785
1003 61202 63375 62849 61223 63802 63851 62767 62075 61749 0 63429 62850 0 63138 62893 61223 62408 63043 0 63611 63636 46428 61969 63208 62877 63735 61223 62688 62075 0 61785 61579
201 62571 0 62338 63851 62738 0 61749 62628 63522 61223 61202 62902 62982 0 62234 62448 61202 62902 62928 0 63354 61785 61287
1003 16712 62688 29184 63511 0 56662 0 62691 63281 0 61749 0 62527 61749 62075 0 61223 62392 63256 62878 0 62159 62408 61749 0 61785 61579
61202 63138 62521 0 63685 62933 63831 63782 63967 62205 63511 0 62850 62303 61749 62933 63831 62552 63020 61282 61202 63548 62521 62205 63028 63333 61977 62589 0 63685 62933 63831 63782 63967 61785
1003 61202 62959 63591 62959 61325 62258 63333 63570 62959 61245 8787 3494 40644 0 63712 61749 0 61749 62677 63651 63394 22268 62627 62767 61239 19832 61228 61245 8787 40644 61749 0 62338 63281 0 63592 0 62398 61223 62788 62076 63313 62258 62928 62303 62303 61749 0 63592 0 62558 62234 63631 61974 0 62691 0 61223 63597 0 61229 61283 61246 61785 61579
61202 0 61202 0 61202 0 61202 0 61202 0 61202 0
1003 63709 62629 63536 62303 62205 63480 0 63536 0 63906 62865 62587 63999 31807 61980 63355 0 60286 61749 62767 62075 62877 63735 29184 0 63235 61785 61579 61202 61785
26351 63313 62258 62829 62745 62398 61223 0 62627 62767 61974 0 63429 0 61785
1003 61202 0 63341 61301 62662 61309 62380 61223 62238 62629 62877 62850 62303 63009 62364 61245 8787 3494 1804 61311 62737 61749 0 63601 0 63646 61223 0 62076 62398 62311 61715 61715 61715 5756 61301 0 63410 61969 61223 62878 62827 0 62380 62574 61931 61249 2666 61309 63410 43210 61223 62392 63256 0 61715 61249 2340 61309 63410 43210 61785 61579
1003 61202 0 62075 63712 63735 0 63429 0 63280 0 63253 63310 0 63429 61969 61749 63712 63735 61223 0 62801 62683 62076 0 63394 62103 63240 62839 0 61749 0 63779 61785 61579
201 27272 62458 0 62076 0 63354 62791 0 63074 62297 61223 61202 63473 61980 62176 0 62791 0 61749 62628 63522 62564 0 62716 52633 61749 62628 63522 61785 61287
61202 0 63429 0 61749 0 63394 62682 63081 63597 0 0 61749 0 63281 0 61749 0 61202 62959 0 62950 61977 0 62290 0 62076 0 63429 0 61749 63145 0 63553 61785
201 0 62797 0 62756 0 63016 0 63755 0 61749 0 61223 62788 62982 61980 0 62863 0 61223 43745 62392 42043 62076 2811 0 62986 62688 62176 62997 62448 62458 61223 61202 63548 62824 0 63681 62258 0 62587 62290 61749 0 61223 61202 62801 62827 63096 63032 63076 62955 61977 62290 0 61202 63084 62364 63978 63188 0 61749 0 62234 0 61785 61579
1003 62076 63709 62629 35924 63064 0 63492 60482 0 63327 0 62205 63428 0 62159 61223 63281 62523 63809 0 63767 62878 61749 62877 63779 61223 63026 62737 0 63759 63206 61223 62756 62815 61931 62959 63009 63316 0 61749 63413 63769 61785 61579
1003 62683 63501 62076 63313 63240 0 61749 0 63429 0 61266 9164 61207 61314 769 62878 62398 61977 0 63822 62738 0 63926 0 63429 0 61223 0 21929 61931 0 63429 0 63429 61785 61579
1003 61239 19832 61228 23419 61314 3598 63429 0 61931 61245 8787 3494 40644 61749 63420 63015 61266 61289 2107 194 81 110 778 61311 769 62615 62297 62076 1432 61311 62316 8702 62662 62323 61977 62774 62627 62767 61749 63391 0 63429 61223 62076 0 61993 0 63690 0 61223 62398 62311 0 63773 62627 62767 61749 0 63429 61785 61579
1003 61202 63202 63375 61980 62710 61223 63341 62940 62075 21929 62710 0 63429 61749 0 63429 62398 61223 62075 61309 1740 61301 60513 9360 61749 61245 8787 3494 1804 61311 63429 61969 29829 61974 61249 9612 61332 61969 61223 63519 63026 0 63536 63624 61785 61579
1003 17820 62629 62877 62928 61749 31807 62776 0 63593 61266 61251 5340 61265 62683 62076 44975 0 63278 0 62480 62364 62997 0 61223 61202 48657 62982 62114 63281 61931 0 63116 0 61223 63281 62523 62076 63584 0 62615 63758 0 61749 0 63429 62430 62791 61223 61980 0 62512 62323 62897 61228 18682 0 63278 61749 0 62449 63242 63276 61785 61579
1003 61202 62430 62518 63131 0 62716 62076 0 63429 0 62205 62567 63321 62950 62159 61749 0 63429 0 63138 62893 62449 62527 61749 62430 62518 61339 62982 63597 0 63372 62258 63783 62738 62587 62290 61282 6172 61202 0 63429 0 63536 0 63906 62865 61749 0 61339 8342 61202 0 63429 0 63429 0 61339 11727 61202 0 63429 0 63429 0 61339 15291 61202 0 63429 61969 63208 61749 0 61339 62205 19694 61202 0 62877 63735 0 61785 61579
61202 63862 0 61715 61715 63253 63110 0 63944 0 62364 62571 62555 0 63474 61715 61715 62076 63709 62629 35924 61223 63201 62794 53263 61749 0 63973 0 63281 63194 63689 61223 63026 0 62940 63281 63315 62494 63921 63086 61785
1003 61202 46428 62075 62737 0 63429 62205 45684 0 63355 61749 0 63015 63660 62392 0 62961 62839 0 61749 0 63015 63660 61749 62877 63735 61266 0 61282 0 62205 0 63429 61265 62515 61335 1442 61256 61266 2804 61332 9360 61749 63429 61969 0 62480 62364 61266 62874 3236 61785 61579
201 34361 61872 22268 63869 0 61223 61202 0 63394 63605 0 61202 63473 0 62705 62480 62364 61202 46428 62124 63090 61749 46153 46153 62076 60482 62555 62430 61223 61872 62176 62448 63406 62558 61785 61287
201 62076 62560 62238 0 61223 0 62984 61223 63545 0 63087 62238 62850 62850 62303 62076 0 63987 0 62797 0 63413 62558 61202 0 63615 63341 62940 61312 0 63410 43210 61785 61287
1003 0 62648 63009 0 63316 61749 63413 63769 62688 29184 63275 62589 62648 62648 0 63767 63138 61282 34361 61872 62567 63321 62076 62103 63240 63413 63769 61223 62076 61977 62831 35924 61223 61872 0 63341 53262 0 62364 0 21929 0 62983 61785 61579
500 2086 61202 45684 62850 62303 62791 62515 63375 63240 0 63646 62076 62555 62430 61977 63886 63145 63646 61785
61202 0 63935 61931 21929 62928 0 61749 0 62627 0 61785
1003 63681 16584 7057 0 63429 61969 61749 0 62893 62408 8794 63341 10884 0 62968 63922 62205 5602 0 62205 63295 62238 61749 0 62968 63922 62567 62910 61223 63148 62567 0 61749 61931 62076 61242 13520 0 62968 63922 62205 11266 63341 9671 0 61749 62738 62316 61749 62968 63922 61266 0 61325 52 2351 61265 61785 61579
1003 61202 63295 62316 0 61969 62544 62205 0 62159 0 63429 49089 62567 0 63009 0 61223 63473 63096 0 62238 63619 0 61749 0 62159 0 61223 62796 0 63110 0 62983 0 62983 61993 61969 62486 62555 62735 0 62804 62205 62756 62815 61931 0 63075 0 61715 61715 61202 0 63341 62076 0 62843 0 61749 63945 63769 62849 61715 61715 61715 61715 61715 61715 61715 61715 61715 61715 61715 61715 61715 61715 61715 61715 61715 61715 61715 61715 61715 61715 61715 61715 61715 61715 61715 61715 61715 61715 61715 61715 61715 61715 61715 61715 61715 61715 61715 61715 61715 61715 61715 61715 61715 61715 61715 61715 61715 61715 61715 61715 61715 61715 61715 61715 61715 61715 61715 61715 61715 61715 61715 61715 61715 61715 61715 61715 61715 61715 61715 61715 61715 61715 61715 61715 61715 61715 61715 61715 61715 61715 61715 61715 61715 61715 61715 61715
1003 0 62801 0 62801 62683 61980 16934 46428 61245 8787 3494 1804 3137 61202 63676 63735 63618 0 62877 63735 61223 0 63735 0 63429 0 63202 0 0 62205 63343 63619 0 61223 62788 63202 61239 19832 62205 61246 16486 63202 0 63343 62075 0 61785 61579
1003 61202 63676 63735 651 61325 62316 61749 0 63532 63394 61749 62877 63735 61223 62515 4238 61325 62678 0 62527 0 62527 0 62076 0 63532 63394 62398 0 61749 4238 61325 62678 0 63869 0 62523 61223 62076 62323 63125 0 63278 0 62960 63010 0 63432 61749 63138 62484 62394 61749 0 63222 62574 63615 62527 63582 63860 62408 1666 61325 0 43210 61266 62076 651 61301 62316 0 63020 769 62076 62316 0 63128 63451 62398 0 62853 61974 2949 27407 61785 61579
1003 62323 61977 61223 62103 61931 63618 0 62877 63735 61223 63473 62290 0 63026 0 63767 62794 0 62940 62877 63735 61223 63015 62794 0 62303 62587 61749 29829 61749 0 62853 0 62961 61223 63201 62794 0 63016 0 62853 61749 62829 62745 62205 0 62030 0 62076 0 62742 0 61223 62408 61974 0 63429 61969 61749 63536 0 0 61339 13125 62831 63377 63487 31807 62076 63611 62364 62928 61749 62877 63735 62628 63851 63235 61785 61579
1003 61202 0 63460 61223 62103 63240 63459 62518 62075 0 62512 62484 61974 10001 22621 1681 0 63429 0 63277 0 62877 63735 61993 0 63277 0 63536 62303 62205 62398 0 63536 62303 61749 62877 63735 61223 0 63402 0 62521 0 63429 0 63429 0 62205 45684 63588 63361 61749 63222 63594 61223 62076 63406 62558 0 62738 0 62825 62833 61749 27154 61223 62796 61980 63315 0 62877 63735 62205 42043 0 63138 0 62950 63020 0 61785 61579
1003 63180 0 62797 63545 63691 63128 0 62449 57420 61974 61245 8787 3494 40644 63009 0 61749 62850 62303 62877 63735 61339 62103 63240 62877 63735 0 62794 62076 0 62850 63849 61993 0 62316 0 61993 61980 63315 0 62398 62850 62933 63831 62983 63783 61749 63582 62877 63779 61470 0 62398 62850 0 61715 61715 61715 61242 63341 61301 61468 61993 62392 63256 62910 62955 62205 62910 62955 63763 63600 62933 63831 62850 62303 61470 62398 62850 62303 61470 62398 62850 63849 61715 61715 61715 61309 63341 61332 61468 61468 61785 61579
1003 0 63429 0 62076 63395 62338 0 62338 0 63101 21929 0 61749 63395 62338 0 61749 0 61785 61202 0 63429 0 63113 62738 0 61749 0 61749 0 61266 61246 61265 61993 0 61266 61247 61265 61202 62205 0 61266 61239 61265 61749 63377 63783 63238 0 61785
1003 63709 62629 62238 62892 62205 0 62804 0 63685 0 61974 62323 62897 63886 29427 61969 62544 61223 0 62831 62661 63315 62494 63921 63086 62878 63083 62863 61785 61579
43745 62075 63611 62364 61749 0 62661 63026 0 62515 0 63429 0 62205 61245 8787 3494 1804 61311 0 61785
1003 61239 19832 0 62205 62398 62311 0 63332 0 63429 0 61749 31807 0 63235 61749 0 62486 0 63168 0 62959 61239 19832 0 63429 0 62075 62737 61749 0 63110 62960 0 62076 0 62159 0 63074 63010 61749 0 61785 61579
61202 62982 62757 62076 27272 0 62398 62637 61785
1003 61202 63618 62960 62103 63240 62512 62484 63131 63202 35924 62413 62480 62364 62075 0 61749 62738 62855 61223 0 62159 62408 0 61977 0 61785 61579
1003 0 62681 61223 0 62850 63849 61749 62933 63831 63630 0 61749 63110 62960 61980 63096 0 62552 2811 62290 0 61223 63148 62408 62398 62850 61749 61931 5850 62290 0 61785 61579
61202 63201 62794 62850 63849 62737 0 61202 63341 62940 61309 416 183 62678 62850 62303 62205 62878 62394 63997 29184 0 62791 0 63183 0 61749 27154 61785 61202 62850 63849 63183 0 53893 61931 62323 62897 62258 0 62238 61749 0 63737 0 62076 62802 62311 62076 0 63183 0 57420 63183 0 53893 63074 62827 61785
1003 61202 0 62075 62710 0 63429 49089 61223 0 62075 61245 8787 3494 1804 3137 63597 0 62910 62893 0 61993 0 63281 0 63687 63391 0 61223 62782 63899 62976 0 63112 42568 61749 63536 62303 61785 61579
61202 0
1003 61202 63548 62521 0 63685 0 63630 0 61749 63110 62960 61223 0 62794 62850 62303 62478 63584 0 61749 0 62413 62705 61282 61202 0 62690 0 62521 0 62521 61749 0 62628 62960 0 61202 63676 63735 62850 62303 62478 63584 62205 0 63235 62413 62705 61749 61977 63886 61223 62756 62815 61931 62527 62794 0 62205 62371 62521 63273 0 61749 62933 0 61785 61579
1003 62076 62695 63177 63138 62521 0 63281 0 62691 0 61223 62075 62940 62877 63779 62075 46428 61969 0 61749 45053 61993 0 62776 61993 0 61993 0 63593 62205 61251 5340 61749 0 62691 63235 61579 61785 61579
1003 61202 62408 61974 62862 62234 35924 61977 63886 61749 62877 63735 61223 16712 63138 62521 0 61749 0 61223 63148 62408 61974 0 62959 63536 62303 0 46428 62878 62877 63735 0 63779 62205 0 63636 0 63429 0 62205 0 63429 0 61223 63131 63703 62976 62663 63251 0 61785 61579
1003 62323 63125 0 63278 61931 62238 63779 61749 61223 63224 62574 0 61749 0 61223 62878 62615 61749 61931 63548 62521 0 62691 0 62527 0 61749 45053 62205 0 62413 62705 26351 61245 8787 3494 40644 0 63429 61969 62877 63779 0 62238 61749 0 61785 61579
1003 62076 60482 35924 61223 63492 61974 62677 63776 62849 61223 0 63502 61974 63341 62940 21929 62829 62745 61223 0 62076 62802 62311 61993 63046 0 61993 62560 62238 62811 61993 63398 62311 61993 62518 62311 61993 0 62398 62311 61993 0 62205 63897 62311 61749 62567 0 63502 61749 62567 62238 62877 61785 61579
201 62408 61974 0 63016 62902 62103 0 63685 0 62299 0 62299 61223 61202 62517 63101 61872 62205 0 21929 61969 0 62716 0 61977 0 62458 61749 62458 61785 61287 201
1003 61202 63295 62316 61969 62205 62075 0 63429 49089 62114 61931 62567 0 63009 0 62961 61749 0 63429 61749 0 62843 61223 0 63341 62562 0 61785 61579
1003 62103 0 63429 61931 0 63240 0 63429 0 61223 63597 0 61239 19832 61749 62394 63997 61993 61246 16486 62205 61977 62831 0 63081 0 61749 62629 62739 62776 61785 61579
61202 62408 61974 63352 63492 62418 0 62874 63460 61749 62663 62868 61223 29184 62527 0 61266 0 61265 0 61266 0 62678 0 61265 61785
1003 13125 62831 62710 0 63429 62398 61749 63709 62629 63429 0 62238 0 62076 62802 62311 61282 63676 63735 34192 61332 62316 61749 0 63429 61969 62449 62913 61749 62877 63735 61223 62076 62802 62311 62738 62316 61969 62398 61749 0 63429 0 61749 0 62893 0 62408 4238 1055 19288 63148 0 63758 63432 0 61749 0 62776 62637 0 63429 0 61266 63492 61974 0 62853 0 61749 0 63310 45684 0 62637 0 63429 61265 62408 61249 2244 54539 61785 61575
1003 29390 61969 29829 61223 62075 62940 62877 63779 73 8787 3494 40644 62316 0 61749 19115 0 63429 61969 61223 63026 63536 63624 14149 8372 63281 63026 0 62076 0 63584 0 63459 62823 63553 61266 0 62678 61265 61785 61579
1003 63776 62796 61223 62238 62629 62877 63862 0 62523 63921 63086 0 62364 62398 62311 63112 62802 62311 61749 0 62983 0 62159 0 93 0 62801 61980 0 62648 63767 63138 61202 63473 61980 63589 62381 0 63090 61969 62076 0 63944 63074 62297 61223 34361 31447 0 61749 0 62159 0 61749 0 62159 63131 63026 62795 63352 61265 61785 61579
1003 26351 0 62627 62398 61223 61245 8787 3494 40644 12613 61247 62205 61274 50556 61260 140 11701 0 63651 0 61974 62767 62075 61749 0 63429 0 63429 0 61749 0 63277 0 61223 62392 0 63138 61969 63208 62398 61749 61245 8787 3494 40644 0 62627 0 61223 63473 62103 62958 62371 62521 63273 63620 63926 0 62794 62103 61977 62512 62484 61785 61579
1003 59395 0 63429 0 62627 62767 61266 61245 8787 3494 40644 3080 63180 0 62238 0 63429 0 63277 0 62371 62521 63273 63182 61202 63201 0 62398 62637 0 62205 0 63429 62850 0 63277 62398 62637 61202 63546 62311 0 63536 62303 62823 63351 0 62813 62518 62205 63897 62311 62823 63351 0 62824 0 63354 63090 61579
1003 61202 0 62961 61749 63774 0 46153 62515 61980 62418 0 61749 62394 63997 62205 62878 62394 63997 61749 62968 63922 61223 48657 0 63275 62589 61974 62933 63831 0 61993 0 63183 62205 63844 0 62968 63922 61749 62816 63932 63774 0 61223 62392 63256 62515 62394 63997 61980 62413 29427 61749 62816 63932 63774 0 61785 61202 0 62794 0 62933 63831 62449 62737 0 61223 0 63545 0 63545 58800 0 62527 0 63685 0 53893 61223 63473 62695 0 62695 0 62933 63831 0 62527 0 62205 0 62983 63783 61223 61202 62850 63849 62205 62933 0 62413 62892 62527 62392 0 63492 62850 62303 62959 62933 63831 63020 61749 62947 63279 62205 0 62940 0 61785 61579
2098 31674 63194 63689 61931 62408 61974 62824 63877 62853 62811 63202 0 62311 63340 63184 61749 62824 0 61785
1003 62788 61931 61223 34192 61301 62316 61309 62662 8702 62380 61223 62518 62311 55990 62824 63877 62205 0 62303 62587 63548 63355 61974 0 63429 0 63253 61969 0 61969 61749 62829 62745 61223 0 62076 62518 62311 62627 62303 61749 62829 62745 61785 61579
201 61299 20372 0 63026 0 61974 61223 62688 63101 0 21929 61251 15682 0 61749 0 61223 61202 63032 62076 61239 94 61209 5868 40826 62205 16661 56475 20404 22574 63074 63010 63953 62159 61749 0 61785 61579
1003 62408 61974 63237 62364 0 61223 63545 62850 62394 62892 62527 61974 62398 62311 62850 62394 62076 61249 62662 651 61242 62316 61249 62662 0 63630 61749 62877 63735 61749 62380 62986 0 61223 62408 61974 0 62521 62749 62176 61749 0 61579 61785 61579
1003 0 63341 651 61311 62316 61301 62662 19115 62380 61223 62850 63849 62737 0 63009 62364 62494 63547 3396 61350 61749 62850 62303 61223 63148 62076 4238 61256 62258 35924 62661 63980 62795 61974 62103 63240 0 63646 61223 62076 6542 62258 35924 61715 61715 62076 62555 62430 61977 63886 61223 63597 0 61332 3396 63410 62678 62968 63922 62205 0 62316 63123 62874 61785 61579
1003 61202 63618 63128 61223 62076 63519 62126 61223 62982 62114 63131 62853 62648 61239 61251 1955 2456 40861 62928 61749 0 63876 61223 62076 62982 62114 0 62627 0 62628 61223 63131 62413 0 63502 63043 62737 62877 63735 61266 62629 62843 63666 62745 3236 61785 61579
1003 61202 63000 63377 63783 63238 0 61223 63776 62796 61223 63548 62824 0 61749 63343 62757 0 62776 61223 61202 0 62159 63343 62757 0 62413 61223 61202 22268 61274 61251 61289 61228 0 62976 61749 61274 61251 61289 61228 7381 15925 425 61785 61202 0 62512 61749 62749 62176 0 62413 61931 0 62794 0 63429 0 61749 0 61785 61579
1003 61202 63492 61974 62928 0 63281 63405 0 63429 0 62076 0 63588 63361 62381 62695 63177 62449 63242 61749 0 61223 63138 62484 62394 62782 63899 62623 63548 63548 63168 62234 63032 0 62691 61749 62915 62170 63110 62960 63281 0 61749 0 62776 0 62776 61749 31807 62776 61223 63597 0 62392 62297 63519 0 63502 0 61749 63279 63691 61749 31807 62776 61223 63597 0 62392 62297 63519 0 63502 0 61749 63279 63691 61266 0 61993 0 61993 0 63279 63691 62205 45684 61265 61785 61579
1003 0 62075 62940 62124 63145 61223 0 63709 62076 0 62628 62950 62159 62915 62170 62418 0 63354 61749 63377 63487 61245 8787 3494 40644 0 62776 62839 0 61785 61579
1003 62076 62398 62311 62627 62303 61974 62829 62745 61223 0 63823 0 61969 62544 0 63086 0 62555 0 62849 62311 61969 61749 62628 63522 61223 63281 62523 0 61749 62823 0 61749 62749 61969 63145 63293 62299 22268 62937 62650 0 62234 61974 62878 0 62849 62311 61969 61223 62756 62815 61931 0 61969 61749 0 61969 61785 61579
72 16486 61228 23419 61314 0 62552 0 63253 0 61749 0 61202 45301 0 63010 62749 61969 61715 61715 0 62912 0 61785
26351 0 63935 62947 0 62398 61223 61245 8787 3494 40644 61749 63145 0 63553 63548 62521 61749 62829 62745 63131 62076 62627 62767 61749 5316 62677 62628 62986 62682 62292 61785
1003 46428 63043 62710 0 63429 61749 63222 63594 62880 62075 0 62794 61335 1442 61256 61266 2804 61332 9360 62398 61223 62878 62398 8702 11549 61301 62258 62829 62745 29829 61749 61245 10218 61432 61785 61579
1003 61202 62615 62297 61980 16934 61223 62515 0 62303 61969 62114 61749 63110 62960 63774 0 61223 62788 62075 63712 62623 61223 62075 61977 62831 0 63429 61969 61223 0 62303 63083 62413 62705 0 62940 61974 61785 61579
1003 62788 16712 62615 62297 22268 63043 62737 61749 63548 62521 61223 62103 61977 0 63429 62850 0 61749 0 63779 57420 63572 0 61749 62877 63735 61223 62392 0 63138 62521 62555 62430 0 63086 63737 0 61223 62392 63256 63000 62757 63504 0 63647 29829 0 62512 62767 63123 61749 62663 63251 61749 42043 61785 61579
1003 61977 62831 61980 63377 63783 61749 63238 0 63026 0 61223 0 63875 62738 62629 0 63405 0 61749 0 61266 13192 61245 61265 61785 61579
1003 62567 0 62961 61749 63767 63138 0 62794 62567 63321 62126 62478 63009 0 63316 62555 63413 62126 61749 63184 63184 61223 63148 0 62629 35924 0 62364 62103 61977 62430 62791 62515 0 62648 62523 61749 62430 62791 61785 61579
1003 62238 62984 62076 56662 63429 61969 61749 61977 0 62290 63074 63125 8831 27303 2335 50126 61325 9360 63341 62940 62075 21929 63043 62710 61749 0 63429 0 63281 0 63015 63660 61785 61579
1003 16712 61749 62555 63413 61266 62408 62950 62159 0 63429 0 63277 63083 62863 61265 62615 62297 61931 0 62521 61749 61223 63473 63131 62030 62075 62527 0 63016 62902 62982 62114 0 62076 0 63429 0 46153 63343 62816 63081 62627 62303 61749 63413 63769 61785 61579
201 0 63398 0 63075 62797 63075 63671 0 63202 63075 63671 0 63202 0 63202 0 62802 62311 63343 0 61785 61287
1003 62076 62103 61977 62933 63831 62449 53523 61223 62076 0 62750 0 63074 62827 63589 62381 62850 62303 62076 0 62552 62448 0 62933 63831 63074 62827 61223 0 63102 63075 0 63309 63980 62795 61575 62947 0 61977 63886 61749 61980 62418 0 62205 63083 62863 0 63646 61715 61715 16712 62548 62364 63545 0 63087 62238 62850 0 62737 0 61749 0 61749 62816 63932 63774 0 61579 61785 61579
201 62902 62564 0 62381 62126 61202 63253 62827 62791 62695 63177 61202 62902 0 63091 0 61202 62801 62827 62902 62458 0 32253 61287
1003 0 61931 0 62910 62893 61266 61931 61300 61980 4776 0 63779 61266 61931 61300 61980 4776 34361 61931 61223 63168 62234 0 61579
1003 61202 0 62364 63168 63758 62735 63281 62712 0 61749 0 62159 0 29184 62234 62767 63343 0 61749 62915 63090 61202 63202 63987 62682 63081 61749 0 61223 34361 46153 63131 0 63687 62205 42043 0 62648 63767 63138 61785 61579
61202 62801 62827 61223 63096 63032 62902 56662 0 63660 0 61749 0 62776 0 62705 0 63075 0 62950 62648 63043 62571 0 61749 0 62430 0 61749 11649 61251 61289 61785
1003 34192 61311 62316 61301 62662 12573 62380 61223 63469 62311 53263 0 63630 61974 0 62850 63849 63281 0 63646 61223 63597 0 0 62494 62311 61749 15192 62258 62850 63849 62737 0 61749 15192 62258 35924 62205 8364 62258 62555 62430 0 63646 61749 35924 61785 61579
1003 61202 0 62398 62637 0 62205 0 63429 0 63277 62398 62637 61202 63546 62311 63351 62710 0 63536 62303 62238 62850 61266 20071 61283 61260 140 11701 61265 61749 63536 62303 63591 62853 0 62076 0 63429 0 62316 62893 0 63429 0 63429 0 61223 62695 63177 0 63009 0 63429 0 62076 0 63429 0 63429 0 61749 0 63429 0 63429 61749 0 63429 0 61785 61579
3772 62030 63402 62895 52633 63844 0
1003 62323 63125 61223 63201 62794 62076 63709 62629 62518 63766 62398 61749 63767 63138 61749 0 62413 62705 61223 62103 61977 62290 0 62076 62103 61977 62960 63010 31807 0 62364 63343 0 62961 61749 62829 62745 62430 62791 61223 61202 63377 62855 29184 63802 63851 61223 62571 0 63851 62480 63343 62418 0 61749 62628 63522 61785 61579
1003 62076 61977 62831 46153 62381 61223 62103 31807 44709 61980 31807 61223 61202 0 62892 61872 0 62303 62205 0 63096 62515 0 62648 62430 62791 61749 62518 63766 62176 63276 61785 61579
1003 0 63240 61282 61267 2129 61228 7014 9 8006 110 118 93 61221 2107 194 81 110 47 17 6209 235 1739 8006 110 61223 112 61245 8980 61969 0 769 61969 0 63429 0 84 61289 61298 61249 61993 0 63429 0 61223 0 63429 0 61223 0 63429 0 61260 276 146 22730 110 84 61289 61298 2898 61202 0 63429 0 63429 0 61274 411 747 110 84 61289 61298 3137 61202 0 62961 0 63429 0 63429 0 61223 0 63429 0 63429 0 93 61239 19832 61228 23419 61314 61223 61239 19832 61228 23419 61314 3598 769 0 62983 0 62238 0 61237 2412 2004 61217 158 19 84 61289 61298 2953 61202 0 63529 63529 0 63429 0 63429 61223 63201 0 63429 0 61249 0 61249 93 61247 125 23419 61314 61265 61579
1003 61202 62408 61974 63030 0 56662 63618 0 62663 63251 62398 61749 61980 63572 0 62877 63735 61223 63413 63769 0 62796 63375 0 61223 62381 0 61749 0 62290 62338 63597 0 61974 0 62205 0 63429 63624 61749 61980 16934 62555 63257 61749 62829 62745 61223 62392 63256 0 62076 0 62705 63584 0 63459 62823 63553 62205 63519 62816 0 61223 61202 62484 62408 62910 0 61749 0 61749 0 61223 62880 62075 62678 0 61749 62829 62745 63148 63064 62892 62527 61785 61579
61202 0 62797 63545 62515 62103 61977 62960 62290 62627 61974 4238 62958 58800 61282
61202 62205 61872 30857 62075 62381 63466 0 62076 0 62338 0 61749 0 63429 62628 62075 62915 62170 62839 63433 62470 61236
61202 63084 63294 62691 62545 62947 63279 62959 61969 62075 31807 63281 0 62521 61749 62829 62745 61339
1003 61202 63676 63735 62545 63201 61223 29184 0 63355 62408 61223 0 63235 61749 0 63235 0 62512 0 62663 63251 62076 63294 63009 0 62523 62076 63546 62311 62238 62850 63849 62628 61223 61202 0 62940 61974 0 63429 63624 61749 31807 62776 61223 61969 62114 62075 0 63976 61245 8787 3494 1804 3137 61202 0 62801 62030 0 62364 63536 62303 63459 62823 63553 61785 61579
1003 63473 0 63378 62560 62364 61223 62408 61974 63731 62690 62238 0 62303 62205 62824 0 62824 0 62494 62311 61749 62853 62811 63202 62811 0 62311 61223 61786 63355 62408 60482 62853 62811 63202 0 62311 63340 63184 61749 62782 63899 63378 62560 62515 0 62824 0 62311 61749 63168 0 63253 0 62303 62587 61749 63168 63460 61785 61579
1003 62076 0 62238 61749 0 63429 0 63277 0 62398 61223 44790 62527 61974 62928 61749 0 62868 61223 62408 0 29829 61749 63125 62258 62829 62745 61785 61579
1003 62567 0 63009 62364 61245 8787 3494 40644 61202 0 63429 0 62205 0 62961 61749 0 63429 61202 63295 0 61969 62205 61969 0 62075 0 61749 0 62843 63279 63691 63281 0 63429 61223 62796 0 62637 0 63429 61993 0 63429 61993 0 63429 61993 0 63429 61993 0 63429 62205 0 63429 61785 61579
1003 63313 63240 0 62338 0 63429 0 61266 9164 61207 61314 3080 61977 63240 0 63275 62589 0 61223 0 61977 63240 61931 63391 0 63429 61785 61579
201 62076 63621 62299 61223 62839 0 62591 63016 0 61223 61202 63536 0 63354 63090 62075 63767 63138 61785 61287
1003 61245 8787 3494 1804 61311 61749 0 63429 61969 61223 0 63341 62940 62075 61977 63240 62710 0 63429 63281 0 63015 63660 61223 0 62794 0 63429 0 62449 63242 63276 0 63536 63624 61266 7052 61332 62678 8337 2980 10191 61350 61265 63074 63010 61223 62392 63256 62076 61249 12636 2980 15437 61350 62449 63242 63276 0 63536 63624 61266 61335 13539 61969 62398 61249 12636 2980 15437 9360 63074 62398 61223 63202 63519 0 63536 63624 9184 9612 61332 61969 62398 61309 1740 2589 6751 9360 63074 62398 63074 63010 61785 61579
1003 47525 63501 62076 63313 63240 0 61749 0 61282 61202 0 61749 0 63429 0 63275 62589 0 63429 0 63429 0 61223 0 62678 62408 0 63429 0 61749 0 63429 0 61266 38964 61265 61202 62392 63256 63343 0 61749 0 62843 63279 63691 63875 63504 61266 63776 62796 61223 61293 8646 62076 0 769 0 62678 62408 63279 63691 0 63429 0 63429 0 61266 61293 11701 61265 61785 61579
801 2086 61202 0 48554 0 62627 61974 63222 63639 62408 0 62449 0 63553 46428 62950 62159 0 63459 62518 61749 61245 8787 3494 1804 61311 61785
10321 26351 651 2811 62316 61301 62662 61223 61239 19832 61228 23419 61314 3598 61749 62749 62176 0 63429 0 63026 0 62521 62408 0 62527 0 63235 0 62691 61749 62615 63758 61785
1003 62103 61931 62408 61974 61223 62076 62627 62767 63026 62839 0 61749 0 63944 61749 62628 63522 61223 61202 62413 63511 0 62075 61969 0 62076 63666 63321 61223 61202 0 62515 31447 63281 0 62076 63961 0 61785 61579
201 63096 63032 63432 63647 62240 62408 52633 61749 0 62159 63128 63842 31807 63026 0 63258 61223 61202 62756 62815 61931 62076 0 63759 63206 62849 61749 62628 63522 61785 61287
1003 61202 63084 62364 61980 63501 62076 0 63758 63432 62430 62518 0 63394 0 62076 0 63429 0 63281 0 61749 63592 0 61223 0 63243 0 62076 63138 0 62950 63020 62398 61785 61579
61202 0 61749 0 62521 62776 61228 0 61749 61274 8131 0 62776 0 63851 62738 61974 62827 0 63429 0 61749 62750 0 61785
1003 0 62159 0 62205 0 63390 29184 63026 62737 0 61223 62823 63351 63862 0 61980 62418 0 61223 62756 62815 61931 62076 63009 0 63316 61749 35924 61785 61579
61202 63180 62984 0 62125 0 63987 0 62797 62238 62850 63279 63691 63545 62850 62205 44975 62959 62767 63145 62628 61749 63343 62928 63182 61749 62663 63251 0 62205 62663 63251 62677 63113
1003 16712 62950 62159 61974 62076 61274 50556 61260 140 11701 62877 63735 63224 0 61749 63480 62774 0 63394 61223 62392 62627 62767 62076 62738 62316 61969 62205 62968 63922 61749 61977 0 63592 62290 0 62205 61977 0 63282 63198 61749 63377 62855 61749 62877 63779 61266 62323 24842 52 2906 8335 61785 61579
1003 62567 62827 61223 63326 0 62627 62767 61245 8787 3494 40644 0 63429 62829 62745 61931 21929 0 61749 0 63712 62623 61223 62076 35924 0 62303 0 62986 61749 0 62950 62159 62103 61977 0 63802 0 61749 0 63429 0 63354 63090 61785 61579
1003 0 62794 0 63555 62960 63010 63128 63842 61749 45684 0 61223 0 62801 61931 61223 0 62796 61251 18805 14995 62913 62913 61785 61579
1003 61251 61267 61234 61749 62103 63240 53523 63026 63980 62795 61974 62076 11719 147 157 20372 0 62544 62515 61245 8787 3494 40644 0 63429 0 61749 0 63377 62855 62627 62767 62075 0 62776 61785 61579
1003 0 63341 651 61312 62316 61301 62662 2811 62380 61223 62850 63849 61749 62737 0 63597 0 61974 39528 62299 61749 8914 61350 62629 62850 62303 61223 63145 62767 62076 8702 61312 62258 35924 61977 63886 61785 61579
1003 0 21929 63869 0 61931 0 63313 62258 0 61749 0 62159 0 61266 63776 62796 61223 0 62398 62311 0 62364 0 62205 62323 62897 62774 0 63690 0 62364 62802 62311 61749 0 61265 58506 62677 62637 62735 61282 61872 29184 0 62381 0 61202 62801 62827 0 62997 62448 27094 63597 0 61785 61579
61202 62950 62159 61974 63709 62629 0 62515 0 63429 0 62205 45684 62928 61749 63405 0 63429 0 63593 0 62527 61245 8787 3494 1804 61311 0 61749 0 61785
12613 61247 61202 63548 62521 61274 50556 61260 140 11701 61749 0 63429 0 63243 62545 62484 62408 61575 0 62303 62824 0 63646 61579 61202 63676 63735 63180 0 62303 63782 62521 63182 62323 61301 63011 63670 61266 46428 63429 0 62663 63251 0 63138 61265 61749 651 61256 62316 61785
61202 63545 0 63731 63671 62797 0 62075 0 62521 61228 0 61749 0 61977 0 61749 61274 61251 61289 0 61785
1003 26351 61575 61239 13116 15686 64 1029 4450 2024 1941 61579 61749 62494 63547 0 62398 61223 62076 63584 0 63429 63624 62075 0 62961 61749 61245 8787 3494 1804 61311 63875 63504 61749 63429 61969 61223 0 62527 61974 21929 0 63651 0 61749 0 63647 63869 0 61223 62998 0 63016 0 63802 63851 63145 0 63168 63758 63432 61223 62076 62627 62767 61974 63575 62258 63145 0 63584 0 63737 0 61749 63377 62855 61785 61579
61202 0 62705 62813 62364 62103 61977 62735 0 62940 61202 63473 0 62458 0 62364 0 61969 0
1003 0 63429 0 62682 63081 61980 0 63253 63333 63570 0 62364 0 61223 63015 63375 42043 62950 61977 0 63651 63394 61223 62392 63548 62521 61931 0 63429 0 62552 0 63281 61931 0 63009 0 63316 61300 0 62075 62915 62170 0 61749 0 63253 63651 63394 61749 0 63429 61969 61749 0 61785 61579
13125 62560 63342 62716 0 62940 62959 45684 61969 0 63734 0 63685 62076 63816 63897 0 63281 63313 63950 63685 61223 63473 0 62076 63636 63732 62398 0 63636 62398 0 61749 62947 63279 61785
1003 61202 63492 61974 45684 35924 63782 63967 63074 62849 61223 61237 12448 61219 62076 53523 62430 62791 63168 0 61974 63180 35924 0 63601 46153 62518 63182 61749 63782 62521 61785 61579
201 62816 63081 0 27272 62458 0 63282 0 61202 62801 62827 0 31447 0 63838 0 61749 0 62338 61287
1003 61202 63676 63735 0 62075 62418 0 61749 0 63429 0 61223 62290 0 62205 63083 62863 62950 63020 0 62998 0 63429 0 62950 62648 0 63429 0 61202 45301 0 63429 0 63281 63084 63294 0 62959 0 63429 0 62959 0 62749 61969 61785 26351 0 62364 0 62398 0 61749 0 62398 61223 0 63429 0 62587 62290 0 63589 62076 0 61980 0 61223 61202 62982 61749 0 62950 62648 0 62338 0 61785 61579
201 0 63734 0 62303 0 62303 0 61749 63020 0 61202 62710 62739 61202 62205 0 63429 0 61749 46153 61977 62739 61785 61287
1003 62710 62628 61223 16712 61749 0 63131 63597 0 46428 45053 63307 62545 0 62205 63532 63394 0 63429 0 63138 63083 62863 61749 62862 0 61223 61202 63618 62960 63131 62076 16712 61749 0 62449 62398 0 63083 62863 61785 61579
61202 0 62893 0 63429 0 61266 15616 61314 61265 63275 62589 0 62893 0 63429 0 61785
1003 26351 63845 0 62311 61223 62392 63969 63086 0 61749 0 63258 61223 62527 62794 63511 0 63184 62555 62735 61223 62892 62527 61749 61283 7149 63666 62745 61223 0 63402 63043 62571 62682 62292 0 62523 62205 62571 63605 61223 34361 62527 61969 63685 62695 62878 62394 61785 61579
1003 0 63429 0 62075 6953 61350 63202 0 62959 0 62159 0 61749 0 63429 0 61223 62449 62392 0 63128 62982 62688 61931 63253 0 62159 61749 0 61785 61579
1003 0 21929 63826 62288 62661 22268 62627 62303 0 62961 61749 0 63875 63504 61223 63201 62794 61245 8787 3494 1804 3137 62562 0 22268 61785 61579
1003 18135 2735 63586 62126 61974 61237 65 1978 511 61223 62297 61293 48659 0 62159 63004 0 63123 62545 61223 62476 61223 61575 61293 48659 62076 63797 63651 63343 62238 61749 63405 63096 62515 63619 62983 61749 56504 62430 62791 0 62961 62238 61749 62484 62527 61579 62205 61575 61470 34361 61468 62627 62303 0 63601 46153 61223 61293 48659 63096 63026 63591 62959 61579 61785 61579
1003 29390 62831 48554 63138 62521 61974 63075 63102 63398 0 62797 0 61749 0 62527 0 61223 61969 62114 29184 62682 62292 62878 61749 0 63876 61223 62392 63599 62865 0 62523 63138 63822 0 62555 63413 0 61223 0 62398 0 62398 61749 61245 8787 3494 40644 62868 0 61749 0 61785 61579
1003 16712 62767 62075 61749 63279 63691 29184 62796 63375 63802 0 61749 62430 63504 61223 62392 0 62982 0 63313 62774 63681 63912 61223 62788 62615 62297 61749 46153 61931 62796 63375 61223 31807 63131 42043 63681 62750 63281 63341 63681 62258 62677 62628 62813 62364 62103 61977 0 61785 61579
26351 63681 62258 43945 61749 62678 0 62398 61223 0 63773 0 63501 62076 61223 63473 62816 63081 61931 62398 62311 61749 0 62238 62587 62290 61785
1003 63709 62629 35924 61993 0 62205 0 63413 61749 53263 62627 62234 61974 63194 63689 61202 62782 63899 63589 62076 62394 61223 63473 62408 63375 62615 61749 0 63086 60482 61980 62075 62737 62303 63083 62824 0 61749 62823 63566 61749 29427 61785 61579
1003 61202 63536 0 62791 0 63597 0 61251 7583 0 61749 0 61223 63473 61980 58800 62408 61977 0 62527 61749 61223 61715 61931 61977 63240 63763 63600 63703 63647 61223 62782 63899 62392 63548 62824 62982 61749 62567 0 62413 62705 61785 61579
1003 61202 62560 63342 62716 62238 0 61969 0 61749 63083 62863 61223 61202 63253 0 62933 61749 0 62933 0 61202 62364 0 63628 0 62030 61223 61202 0 62494 39528 63026 62795 63352 61223 62392 0 63086 0 63429 0 61785 61579
201 34361 52633 42043 63685 62695 63837 62338 61223 61202 0 62705 63589 62076 61980 62940 61256 63950 20215 63897 0 61265 63685 45684 61969 61749 0 63685 61785 61287
1003 61202 63138 62521 61749 0 62691 61749 0 63128 63842 29184 63802 63851 63281 0 62757 61223 62880 62176 62076 0 62960 63010 63611 63636 61749 62877 63735 62400 62413 62548 62364 0 62691 0 61749 0 63281 0 62776 0 61749 63377 62855 61785 61579
1003 2611 1541 164 692 4306 2585 1601 95 17 12178 28898 269 47 17 8456 61223 64 17 16426 19358 692 4306 4 20161 47 54402 13503 47 2317 13503 64 5421 1761 38 9204 7589 64 6102 47 4891 61216 61579
1003 0 63016 63703 62976 61974 0 62238 61749 0 63429 0 63277 63279 63691 61202 63676 63735 0 62398 62637 0 62205 0 63429 0 63277 62398 62637 61202 63897 62311 62823 63351 0 62813 62518 62205 62823 63351 0 62124 63090 62124 63090 61266 20071 61283 61260 140 11701 61228 27040 61247 769 0 62794 0 63277 0 61245 8787 3494 1804 61311 0 62627 62303 61749 0 61785 61579
201 63375 62849 61223 16712 62030 0 63394 16712 62413 0 62480 62364 62982 62114 62494 62587 61202 63253 0 63429 0 62850 62394 61202 62408 61974 0 62853 0 61749 0 62776 0 62776 61785 61287
1003 63180 35924 0 63547 63797 62030 0 63086 0 63182 61202 63201 62794 61245 8787 3494 40644 62075 62737 61749 63693 0 61749 0 61785 61579
59772 0 62103 0 63979 62076 52633 61749 0 62398 0 62863 62470 61236
1003 61202 63869 0 63131 62290 0 61223 63473 63597 0 651 0 62408 0 62850 0 56299 62258 62662 0 61265 62076 62381 63466 0 62316 0 62843 61282 62364 61309 0 61993 61309 41734 0 61993 11266 11980 61312 0 62205 13738 0 62392 63256 0 61785 61579
1003 34361 12613 61247 61749 0 62523 42043 63343 62629 61749 0 61223 62103 62877 63779 29184 0 62853 61785 61579
1003 61202 62398 62311 62205 62560 62238 62811 62234 0 61749 62663 63251 62998 0 63377 63487 61223 61245 8787 3494 40644 0 62961 0 61749 0 63015 63660 63597 0 63043 62710 61749 0 63429 61223 62788 0 62075 0 62076 62802 62311 61245 8787 3494 40644 63429 61969 63074 63010 61749 63043 62710 0 63429 61749 62877 63735 62683 22268 0 63630 61785 61579
1003 62238 62984 6241 61350 61749 62839 0 61202 0 62716 0 61749 0 62776 61223 61202 62801 63148 62878 62398 45684 61969 29184 63586 62126 63536 63624 61785 61579
1003 13125 62831 63429 61969 61749 63128 63451 62983 0 61749 63377 62855 0 62512 61974 63519 0 63429 63429 61969 62449 63611 63636 61749 62297 62877 63735 61223 61202 62878 62398 61931 0 61749 0 62776 0 61749 0 62076 63326 0 63278 61785 61579
1003 26351 62323 63125 63341 63575 0 63278 62398 61223 62627 62767 61223 62408 61974 63584 0 73 8787 3494 40644 63429 0 61223 0 63410 61969 29184 62527 62297 0 63432 61749 0 63593 61223 62796 0 63398 0 63075 62797 63075 63671 0 61223 62392 0 62238 62878 63536 0 62527 61785 61579
1003 61202 63676 63735 61251 18805 14995 61749 62877 63735 61223 62103 61977 0 62895 62947 0 53263 57420 62238 62984 3396 0 43210 61749 0 63222 61749 62983 62030 61223 62408 61974 63045 0 61749 0 61785 61579
61202 63545 0 63731 0 62688 29184 63275 62589 0 61266 62323 61977 0 63281 62323 62897 0 63429 0 61265 62205 63630 0 61266 63480 0 63429 0 63281 62323 62897 0 61749 0 63429 0 61265 61785
