1452 140 50556 61260 140 11701 10534 36024 33976 1393 7069 4494 106 463 16072 106 24930 3037 10534 61225 919 4494 106 7694 4949 24 373 448 128 61260 61210 3127 6048 106 238 8220 61223 373 448 25573 34605 2232 1172 245 6182 41518 61223 373 1021 40309 34605 110 5573 8305 2346 11918 61209 1036 390 245 6182 41518 106 31 61382 61288 1161 16091 373 106 31 61382 2308 10821 6590 106 31 61382 61288 1161 16091 61216
29461 1256 1205 6681 4948 110 106 238 481 282 373 106 31 61231 6156 60855 7089 448 524 383 61223 1546 3037 13405 9624 3165 1901 71 105 1061 238 1901 71 105 61223 1061 31 61231 3054 184 564 7855 61214 282 61223 1061 238 51949 61253 61223 1061 238 1901 71 105 7855 61214 282 61223 1061 238 1901 71 105 106 31 61231 41883 61223 1061 238 1901 71 105 106 31 61231 41883 61223 1061 238 1901 71 105 52934 3735 373 1061 31 61231 13279 230 114 106 238 1901 71 105 1559 159 106 238 73 8787 3494 40644 1061 4426 106 238 1901 71 105 2800 106 238 7612 61216
1452 10629 1467 114 448 5474 631 1061 31 61231 3054 61209 4159 373 1021 461 919 312 1439 2346 1159 110 1061 31 61231 2474 236 106 31 61231 20645 53196 40846 106 31 61231 20645 53196 40846 106 31 61231 1206 61298 4 1602 61288 1061 31 61231 61288 1161 16091 53244 61216
2125 28 61231 61220 4 34847 104 2915 188 2277 215 61231 44 28 61231 61220 4 1196 106 3594 54 61216
5218 13982 61540 1277 3037 5573 685 6279 1061 31 61231 110 441 13 61231 1851 149 2687 603 1607 37346 6995 61 13 61231 61204 2000 31 61231 61288 61225 2763 585 106 31 61231 61288 61225 2763 585 52 3684 61222 6125 1115 61228 928 224 61223 373 1021 6000 5573 2277 378 106 885 20872 1061 12567 17631 139 238 435 282 373 1061 13982 1959 11 238 18507 114 61216
5218 8771 12662 106 238 140 50556 61260 140 11701 373 1021 21240 8283 13 61231 2308 10821 6590 5573 27676 61288 106 416 5812 183 2189 8283 390 1393 7069 61223 11521 1021 16 2763 1761 373 1021 3038 899 209 13 61231 61288 135 2084 585 61223 373 1021 3763 13 61231 59 26764 17227 106 238 140 50556 61260 61216
5218 4718 3707 1439 3037 28 61231 468 1196 4530 15676 106 30278 2093 2770 21839 61223 373 215 61231 3087 596 919 191 14685 13 61231 104 14685 106 4246 585 106 4246 585 61223 1021 5474 631 13 61231 5161 564 44 6681 1602 1036 55114 985 61223 48483 1359 15614 1021 13982 61540 1277 6681 212 39860 106 8 61231 437 9418 427 12567 1626 224 1061 31 61231 5161 564 44 61223 245 14269 13 61231 3054 3707 1439 155 6681 1196 212 39860 13 61231 5161 56 40655 245 14269 13 61231 3054 3707 1439 3037 149 4530 1607 1061 12567 1626 224 1061 31 61231 5161 564 44 61216
14982 61205 139 427 279 155 31 61231 65 127 282 61223 38777 13 61231 437 92 3058 1754 224 453 28899 6681 212 8271 106 4743 976 12567 986 125 4836 61223 5474 13405 61228 7422 215 61231 44 28 61231 61220 4 1196 38777 106 233 4158 1061 1602 11 2890 238 58453 61216
18440 106 14269 1775 11019 61223 238 4151 3735 13 61231 1351 2094 453 5297 8 61231 129 27863 3735 37533 61231 61387 1546 427 245 14269 106 16361 1439 28 61231 61204 1196 8305 36317 528 61223 373 26 61231 129 61228 61387 61228 24125 61223 427 1021 21240 8283 373 1021 21240 8283 61223 1021 9398 9261 2800 1021 19010 142 4210 6681 212 39860 13 61231 61 12006 2552 7 31 61231 10152 50 94 3025 106 31 61231 61288 2178 105 106 238 8456 61216
58 61231 44 42 4 448 524 383 8789 48130 2890 1546 43464 175 61223 595 8 61231 52518 106 4522 120 2083 180 61216
14982 804 9418 427 61223 11521 191 5180 13 61231 2308 10821 6590 603 1000 577 61288 61223 149 9407 14685 13 61231 23539 60334 27676 61 245 30092 23344 106 45163 29634 61223 1021 4718 3707 1439 373 1021 461 919 312 1439 4948 110 106 238 51891 3037 149 4530 1607 1061 31 61231 3054 61209 4159 373 1021 461 919 312 1439 6681 212 39860 106 8 61231 437 9418 215 61231 3087 8 61231 2084 333 52797 1172 245 6380 13 61231 4789 1024 3054 114 61223 373 215 61231 3087 149 4530 1607 1172 245 6380 13 61231 5161 56 40655 61216
6446 1775 61228 677 5573 3447 61288 10538 3815 5984 3058 61223 5474 25551 1626 81 230 1021 1185 56 985 20401 238 25110 61288 141 437 819 61211 61 61223 5474 25551 155 6681 1196 212 39860 106 149 2346 366 10346 61216
5218 23722 106 31 61231 40074 8622 61 427 10538 1203 19 155 51627 1196 27676 1036 11521 191 461 357 44 61223 373 427 10538 46149 155 51627 1196 27676 6048 212 32031 13 61231 374 1159 81 245 14269 13 61231 104 1244 45401 106 10188 61540 3930 212 27719 13 61231 2308 10821 6590 212 27719 13 61231 2308 10821 6590 373 13 61231 19466 8046 245 14269 106 25573 61216
13969 31 61231 20319 26776 15614 1021 5474 631 13 61231 2308 10821 6590 61223 448 26 5753 7352 373 448 26 407 304 6681 10629 61225 2232 1061 31 61231 2308 10821 6590 61216 5218 30963 106 31 61231 9290 5097 155 6681 1196 6300 180 2277 427 3635 30963 155 215 474 61 1196 106 238 58453 373 427 1021 30963 155 4842 61 1196 106 238 58453 61216
6166 16662 15377 1021 90 61260 10719 3037 28 61231 468 1196 8305 13718 1036 13 61231 185 4466 70 61469 110 390 245 84 61249 61251 61249 26262 9624 448 21803 106 31 61231 874 3735 106 31 61231 874 3735 106 31 61231 61254 61249 61251 2071
18440 31 61231 56100 61223 1021 30963 373 1021 3763 106 31 61231 5193 10658 5461 3037 149 4530 1607 5573 8305 461 39 1036 1061 3175 25350 448 49827 2204 9902 5334 13982 61540 1277 1061 31 61231 528 2537 61223 1061 31 61231 2474 236 106 238 6532 373 5334 4365 61469 631 106 31 61231 3806 577 585 61216
1084 201 61245 8787 3494 40644 61287 16 61231 61204 3267 215 61231 44 48386 11521 6202 19773 3901 39812 61216
754 4494 61223 2277 685 564 133 81 31 61231 50817 668 3025 106 238 8456 61223 595 8 61231 52518 13 61231 1851 26574 1061 9620 106 31 61231 6 314 1230 37346 373 13 61231 1851 26574 1061 9620 106 31 61231 61288 1161 16091 61216
116 706 132 61231 44 42 4 191 233 5159 7 61223 25551 82 747 61 448 82 1311 24 373 215 61231 3087 149 1626 17425 1607 2890 191 28958 61216
14982 61205 139 61223 9065 5867 61225 631 2277 1152 221 7 31 61231 71 5117 114 106 10538 19960 50 23924 2800 448 6204 2474 4710 2800 28 61231 65 28078 12964 132 61231 104 13 61231 23539 60334 61216
2246 221 7 31 61231 3806 577 585 106 31 61231 3806 577 585 603 1000 577 61288 106 31 61231 3806 577 585 106 31 61231 3806 577 585 373 106 31 61231 3806 577 585 106 31 61231 3806 577 585 106 31 61231 3806 577 585 603 1000 577 61288 390 1025 1021 1414 19178 373 448 461 919 312 1439 61223 373 106 31 61231 2084 919 312 441 61216
682 5218 16 12662 73 8787 3494 40644 9726 6048 28 61231 468 1196 2346 21164 11145 34847 104 52110 4836 757 33356 139 245 58 19832 61228 61245 8787 40644 2890 448 2757 13 61231 1851 3713 41518 2800 106 31 61231 25470 61223 5474 31 61231 13279 230 114 106 31 61231 7358 61246 2890 1021 14110 2757 4 8305 4530 61225 3735 2890 1021 16 2763 1761 7855 61214 1216 106 31 61231 26830 282 61223 5474 31 61231 13279 230 114 106 31 61231 2474 236 106 31 61231 61229 61283 61246 2890 1021 14110 2757 61216
31861 61217 245 4494 5088 14269 13 61231 61288 61225 2763 3565 106 31 61231 61212 61494 61219 1988 61223 595 42 4 4494 106 14879 61216
5218 34 61494 478 2093 106 134 1156 134 1156 92 373 1021 49743 13 61231 61288 1161 16091 106 34496 23974 26262 8 61231 2084 61214 4349 1172 238 28346 3025 13 61231 5161 1229 127 1562 448 40309 1192 1439 1061 31 61231 61288 1161 16091 106 31 61231 61288 1161 16091 106 31 61231 61288 1161 16091 61216
116 61231 15 3542 314 106 31 61231 5 8627 54 4 8305 5320 61214 3735 2890 14110 44754 61223 5474 595 4 8305 3684 110 899 61216
1084 128 13435 46931 500 2277 106 14269 1775 4718 3707 1439 5573 8305 7389 1036 390 245 73 8787 3494 40644 212 2757 13 61231 5471 951 61223 3379 61301 16072 13 61231 3054 3707 1439 233 48245 5573 8305 7389 1036 61223 373 1021 4718 3707 1439 106 238 481 282 5573 9364 31 61231 45004 106 21324 61309 16072 106 10945 373 106 19029 61309 16072 106 10945 61216
1723 2399 215 61231 44 28 61231 129 215 61231 61387 1546 427 82 61231 291 8305 22660 38133 37533 61231 61387 1546 215 61231 44 42 4 61223 1021 1292 24 13 61231 21798 24930 5573 3165 404 49094 13 61231 2474 45073 61216
1009 973 61 1021 2264 61210 21679 106 149 2346 135 2084 11 373 61223 23603 132 61231 3087 8 61231 61288 171 2171 61 61223 25551 149 1626 17425 1607 106 238 3 2861 92 106 238 435 556 61216
1084 8760 106 31 61231 10152 50 94 3025 13405 7033 8046 31 61231 30 2234 114 31880 564 2890 31 61231 2084 357 44 2800 31 61231 30 2234 114 2346 317 133 3735 2890 245 2757 61223 1546 3037 485 49144 21339 2890 31 61231 61204 1156 92 106 31 61231 61288 6068 106 31 61231 25470 61216
773 909 485 191 708 15 133 236 61223 5474 28 61231 129 1196 21941 5833 61223 32390 36268 25885 449 39812 1328 3035 21839 2277 41749 1562 1021 2264 61210 1172 31 61231 104 61223 8 61231 437 9418 215 61231 44 8 61231 52518 13 61231 1851 435 556 106 435 556 61223 106 1546 3037 28 61231 61204 1196 34094 106 7275 11 3165 28958 4672 37533 61231 61387 1546 215 61231 44 28 61231 61220 4 1196 3371 5 13 61231 1851 4672 37533 61231 61387 1546 215 61231 44 28 61231 61204 1196 8305 3371 5 61216
754 14269 1775 11019 5573 643 963 61288 2800 18066 1087 61288 448 1083 280 106 4743 61223 448 8774 7352 373 448 1083 280 13 61231 3054 61209 4159 3037 5573 8305 4847 1742 2277 1021 132 1150 25551 5573 24982 61288 448 49201 42178 209 373 3037 5573 9364 31 61231 45004 106 31 61231 5161 877 373 106 31 61231 819 25 1359 61216
754 1775 1511 61228 2474 30 9261 5573 448 1571 2119 54 61208 1036 256 2240 383 93 9164 61207 61314 769 31 61231 104 106 238 43 61598 175 10533 844 443 2583 61223 37040 427 245 14110 56153 8095 6 92 485 3998 1043 61288 212 33978 106 238 1901 71 105 61223 373 595 28 61231 61220 4 1196 106 31 61231 45004 13 61231 1851 1901 71 105 61216
13969 31 61231 61288 1161 16091 61223 1061 238 51891 61223 1061 238 481 282 61223 245 58 19832 61228 23419 61314 3598 485 61223 390 35466 61223 191 603 44749 106 31 61231 3054 14 106 1268 449 1268 3735 2277 245 34496 35502 778 61311 2277 238 37682 41555 778 61311 2890 245 2757 106 238 73 8787 3494 40644 93 35132 27710 110 1227 35502 778 8335 373 245 73 8787 3494 40644 106 238 481 282 61216
1667 13121 9747 428 61223 390 1025 1021 500 1055 8980 60513 9360 118 9612 61332 24930 3037 149 4530 1607 2890 448 2757 106 73 8787 3494 40644 3037 149 4530 1607 2890 448 2757 106 73 8787 3494 40644 5573 8305 4718 143 333 2277 1021 11841 2886 1061 191 56225 106 26607 373 106 26607 61223 5474 215 61231 44 28 61231 61220 4 1196 8305 3072 13 61231 6339 81 3165 3684 5046 1061 31 61231 2474 236 106 238 26607 61216
1452 306 710 192 448 19960 50 23924 93 61251 5340 61210 61265 3037 6681 1172 245 2180 980 93 61251 5340 61210 61265 155 6681 1196 212 39860 106 2346 1284 77 61339 11521 31 61231 9 50403 1172 1021 19960 50 23924 686 890 3930 106 23974 2096 61228 18682 61223 26 61231 129 41054 215 61231 44 155 8 61231 52518 13 61231 1851 45928 114 2800 106 31 61231 10152 50 94 3025 1172 1021 1901 71 280 1553 229 6048 390 245 23974 2096 61228 18682 61216
5218 28 297 7352 23322 61 1021 461 1150 27676 1036 1230 54118 2890 245 28368 106 31 61231 10 132 21745 106 31 61231 61264 367 6250 106 31 61231 61264 367 6250 373 106 31 61231 21 1541 564 1090 6 61223 373 5573 9364 31 61231 45004 106 12607 61277 6204 2474 4710 61216 6172 1452 8220 106 31 61231 61288 5018 1011 3025 453 5297 61216 8342 73 3025 106 31 61231 21 1541 11062 61339 11727 238 306 710 192 106 31 61231 61288 5018 1011 3025 61339 15291 238 3684 5046 1172 1021 5495 61339 373 19694 31 61231 61288 6423 106 31 61231 25470 61223 373 19694 31 61231 25470 61216
754 1260 20495 3188 61223 245 2346 366 2399 585 4 8305 2346 366 94 61288 390 448 13547 127 2583 2962 1021 7159 20012 3160 106 31 61231 61234 61277 4116 62294 1359 61223 2800 390 31 61231 374 1367 114 13 61231 1851 25078 726 54766 17227 61223 106 14269 1775 11019 5692 61 3371 5 585 1061 31 61231 2474 236 106 31 61231 2308 1453 377 61216
1667 5218 25573 34605 2232 2277 31 61231 31606 951 2800 31 61231 31606 951 106 31 61231 31606 951 2800 31 61231 31606 951 106 31 61231 31606 951 13 61231 21798 2757 106 26607 61223 448 25573 34605 2232 2277 1021 801 1442 61256 93 2898 61332 32751 39294 448 3761 93 16624 31 61231 12 2128 61203 118 769 448 25573 34605 2232 390 31 61231 31606 951 2800 106 31 61231 31606 951 2800 106 31 61231 31606 951 106 31 61231 31606 951 106 238 1901 71 105 106 31 61231 9802 19 1024 199 951 93 61213 4713 1124 61223 13 61231 1851 574 127 1817 61223 106 31 61231 127 5862 373 106 31 61231 29718 30838 647 61680
53 365 104 2180 980 28 61231 61204 8305 5320 61214 61288 390 1021 28 2457 61223 106 29483 448 603 25720 133 631 373 13 61231 21798 1185 56 985 20401 595 42 4 8305 61223 48483 1359 31 61231 9 4 34605 61214 106 31 61231 25470 61216
2717 1021 4718 3707 1439 106 31 61231 41882 963 3025 106 31 61231 7213 4966 15825 61223 1061 31 61231 61264 367 6250 61228 61286 1587 61223 1021 4718 3707 1439 106 31 61231 41882 963 3025 106 31 61231 27435 61211 4163 1359 5573 45928 61288 245 9982 61214 106 2600 16072 106 10945 61216
72 12892 504 31 61231 9 16 61231 61204 3267 215 61231 104 448 11019 3037 149 4530 61225 13359 1172 31 61231 61234 61221 15319 61223 3037 155 2888 43360 1196 6024 123 27546 31 61231 2066 3735 1061 31 61231 61288 1161 16091 13 61231 104 2016 1185 33853 61223 595 16 61231 61204 3267 427 31 61231 104 448 11019 3037 149 4530 61225 13359 1172 31 61231 61234 61221 374 105 61223 595 8 61231 129 392 215 61231 44 28 61231 61220 4 1196 106 31 61231 39783 61216
87 61231 21798 6644 61228 61215 61598 2252 5573 8305 804 92 1036 2890 245 6182 41518 61223 5474 595 28 61231 61220 4 1196 61216
116 61231 39783 485 245 38829 13315 106 31 61231 61288 2178 105 106 31 61231 39783 61216
1667 1452 328 2733 106 31 61231 874 3735 61223 390 1025 1021 2600 7057 16361 1439 61223 17523 12567 4352 3025 485 106 1336 1061 1902 2843 373 448 24930 13154 61218 6048 106 5786 2843 2800 11004 12957 1310 61223 5573 8305 13718 1036 1061 448 4066 180 106 734 1061 463 2843 373 106 1676 1061 4497 2843 93 1467 35466 682 1389 2351 61265 1061 25078 726 44330 13 61231 10 779 61206 61223 373 448 4066 180 13 61231 23539 60334 373 448 24930 3037 942 13359 51610 6048 106 1676 1061 4497 2843 93 1467 35466 682 1389 2351 647
24918 215 61231 44 42 4 448 24930 3037 5573 448 1901 71 280 373 1021 24930 3037 5573 448 6713 1036 61223 25551 30723 16845 9624 21941 4321 1351 1439 61223 11521 31 61231 39783 61223 1172 1021 1260 2232 13547 127 2583 61223 2890 1021 3792 1775 4494 52934 1036 61223 373 61223 212 47296 61223 448 49201 3037 26262 8013 61598 5898 106 31 61231 61288 1161 16091 106 31 61231 9290 5097 1172 238 3297 61223 373 427 1021 49201 3037 2277 31062 8 61231 9176 61598 5898 13 61231 61288 135 2084 11 61216
1149 150 427 61223 504 245 73 8787 3494 40644 34286 106 14269 1775 11019 373 448 233 4158 701 5984 110 61223 31 61231 25470 9631 61203 485 427 31 61231 9 3684 61225 49763 427 31 61231 9 28796 35978 427 31 61231 9 28796 35978 485 4494 52934 3735 373 427 31 61231 9 20017 4494 52934 61288 427 245 58 19832 373 245 72 16486 61223 373 215 61231 44 42 4 191 4494 5088 14269 13 61231 528 1478 21760 61216
18440 245 28368 448 10157 503 686 890 3930 61223 2890 245 28368 106 31 61231 2066 3735 106 42733 22697 2093 13 61231 71 5117 114 212 18583 31 61231 50456 106 318 16 4713 27695 2252 9398 19 6048 106 318 16 4713 27695 2252 61223 3 42143 427 31 61231 61288 1161 16091 31439 281 19461 106 4920 61325 16072 106 10945 93 10 6773 769 1546 58155 45928 11 790 106 14719 61309 417 390 126 61216
29986 13 61231 143 257 61223 10538 38900 6681 1021 15095 12662 373 61223 7089 448 44592 24 13 61231 15114 8283 1172 238 5623 106 31 61231 61288 1161 16091 61223 595 8 61231 127 12214 13 61231 437 9418 31 61231 25470 1214 594 106 31 61231 25470 1214 594 212 32031 13 61231 437 9418 31 61231 59155 1061 31 61231 61288 2178 105 373 106 31 61231 61288 2178 105 61223 3037 8 61231 52518 13 61231 1851 5623 106 31 61231 25470 34605 564 7089 238 6204 2474 29260 106 238 6204 2474 29260 373 106 31 61231 61288 1161 16091 106 31 61231 61288 1161 16091 106 31 61231 33133 30520 61223 373 61223 7089 448 40309 59243 8283 61223 10538 524 383 26262 9624 8806 1036 61216
51375 31 61231 9 2716 210 215 61231 44 8 61231 52518 13 61231 1851 3979 4718 56 449 1172 31 61231 25470 106 31 61231 2031 22621 1681 61223 31 61231 24315 1161 106 31 61231 25470 1172 1021 128 61260 61210 373 448 1181 6121 159 5083 4 9364 31 61231 45004 13 61231 1851 43624 106 31 61231 25470 3037 28 61231 61204 1196 8305 1519 3735 1172 1021 15556 61229 373 13 61231 21798 20959 61223 106 31 61231 25470 1172 238 27582 818 373 106 31 61231 61288 25720 133 24968 1511 13718 497 61223 1021 2757 3037 5573 32877 8305 27676 1036 390 6085 19 106 31 61231 61288 1161 16091 106 31 61231 528 1478 21760 106 31 61231 2031 22621 1681 61216
116 61231 104 448 28 297 7352 13 61231 3054 15845 106 31 61231 5193 60310 61223 191 23974 16887 61223 191 23974 106 14110 56153 23974 373 106 14110 56153 23974 11004 30838 16055 61470 61213 304 1021 28 297 7352 106 31 61231 1423 34363 106 734 1061 318 61468 212 32031 13 61231 374 1159 81 3165 45928 114 453 23974 106 23384 23974 16055 61470 61213 304 1021 28 297 7352 106 31 61231 1423 34363 106 500 1061 836 61468 20803 139 245 14269 13 61231 3054 3707 1439 3037 5573 8305 4718 3707 1036 2890 245 73 8787 3494 40644 2890 245 28368 106 31 61231 3054 14 106 31 61231 3806 577 585 61216
116 61231 2084 357 44 106 31 61231 2084 357 44 106 31 61231 61288 5018 2107 11062 61223 3037 149 4530 69 2890 245 15863 5197 881 11062 106 31 61231 61288 5018 2107 11062 61223 485 31 61231 194 436 106 31 61231 61288 5018 2107 11062 61223 37040 215 61231 44 42 4 3165 3 860 92 13 61231 4713 1739 106 31 61231 61288 5018 1011 3025 61223 37040 427 26 61231 129 31 61231 61288 171 132 3626 92 93 61246 61265 485 191 1185 33853 20401 1021 461 357 3087 5573 8305 5320 61214 1036 1061 31 61231 2308 10821 6590 106 31 61231 61288 5018 2107 61216
24918 215 61231 104 5088 14269 13 61231 819 437 1216 373 448 26 437 28289 155 6681 1196 1192 1439 215 61231 3087 2346 2515 15744 61 448 14919 50499 106 238 58453 61223 41794 13 61231 23539 60334 149 6681 774 16703 3371 5 585 1061 31 61231 2474 236 106 31 61231 2474 236 106 31 61231 61288 1161 16091 61216
29986 24 1021 1286 61540 850 70 61469 110 6681 17486 1036 1061 31 61231 528 2537 106 238 73 8787 3494 40644 373 1061 238 73 8787 3494 40644 373 1061 31 61231 61288 1161 16091 106 238 73 8787 3494 1804 2906
1084 58 19832 4 22660 38133 427 1021 1901 71 280 373 1021 1901 71 280 106 238 1208 22 3037 2277 31062 36317 40003 448 1901 71 280 106 1208 22 3037 26262 36317 40003 448 13 354 1761 106 1208 22 373 106 2877 585 106 31 1036 54 61223 1021 7449 373 1021 19960 50 23924 775 19 1036 7089 58 19832 6681 22660 1478 1036 11521 595 485 22660 38133 215 61231 3087 6681 3684 110 899 1061 1260 49504 2890 191 2346 30488 61216
1452 26429 1102 485 1227 57372 453 23974 61216
18440 245 28368 106 31 61231 2308 1453 377 106 31 61231 33133 30520 61223 595 485 10629 5759 215 61231 44 8 61231 52518 13 61231 1851 4494 13919 603 20676 427 1021 11019 3037 2346 2515 15744 61 106 31 61231 61288 1161 16091 106 31 61231 33133 30520 61216
2717 3072 61223 1021 4718 3707 1439 106 23974 2625 28 61231 468 1196 106 3684 9864 106 1328 3873 61223 37040 427 1021 4718 3707 1439 106 14110 56153 23974 28 61231 468 1196 34094 13 61231 1851 3684 19241 20320 106 4494 106 4088 3873 61223 37040 215 61231 44 28 61231 61220 4 1196 13 61231 104 603 6423 106 1328 3873 61216
1667 2717 31 61231 9 155 8 61231 52518 1196 106 238 10629 1467 114 106 238 58453 23125 2979 61223 16741 2244 1567 461 919 312 1439 373 19623 1414 19178 155 26262 1196 8 61231 1351 42830 1061 238 58861 802 314 61223 1021 57 21760 3565 13 61231 5161 564 44 27771 42096 13 61231 5161 564 44 106 238 58453 106 58861 802 314 93 20495 3188 13 61231 30 2234 114 61265 6681 3684 69 133 280 2890 238 14110 56153 4494 13919 54470 61228 61213 61231 25656 9248 1359 798
58 61231 127 39206 13 61231 1851 603 2417 61208 3025 61223 106 8 61540 12508 61223 2800 106 2346 1780 22 61223 1021 24930 51604 448 11804 61494 2252 106 73 8787 3494 40644 3037 5573 448 11804 61494 2252 373 13 61231 15114 8402 30723 5646 61288 1104 14 585 56104 7161 1061 448 1901 71 280 13 61231 12655 1478 436 373 13 61231 1351 2094 61216
13969 31 61231 6 314 1230 37346 61223 1021 603 25720 133 631 106 31 61231 61288 5018 2107 11062 61223 3037 19505 61 3165 6204 2474 29260 2277 31 61231 61288 5018 1011 3025 61223 6681 358 579 6048 1061 238 23417 106 24551 3025 61216
5218 4718 3707 1439 39411 61 13 61231 19466 8046 448 14618 2093 13 61231 1351 61288 2513 114 106 238 3 21745 212 27676 139 238 4151 3735 13 61231 1851 1260 564 4151 3735 61216 51375 1021 461 919 312 1439 155 6681 1196 212 39860 13 61231 5161 56 40655 373 106 3175 25350 448 25573 13 61231 5161 185 56763 61223 1021 904 22761 3037 8 61231 2084 333 52797 1061 31 61231 6 314 106 31 61231 6 314 61223 373 427 1021 4718 3707 1439 155 6681 1196 212 39860 13 61231 2084 11145 677 11 61216
13121 2346 6804 106 31 61231 724 61219 1424 61540 159 2800 106 238 1901 71 105 61223 595 28 61231 29849 215 61231 104 14685 106 28796 312 3058 1172 238 23723 106 238 90 5340 61223 106 238 1901 71 105 61223 106 238 992 2704 94 61288 55490 373 106 238 1901 71 105 61223 5474 595 28 61231 61220 26126 427 14685 106 28796 312 3058 61216
1149 47794 61 61223 9065 359 8577 8776 631 1061 31 61231 61288 1161 16091 11269 24808 106 31 61231 25470 373 106 238 2346 25189 114 106 31 61231 61288 1161 16091 106 31 61231 61288 1161 16091 373 106 31 61231 61288 25720 133 5984 441 106 31 61231 61288 25720 133 5984 441 373 106 31 61231 61288 25720 133 5984 441 61216
5218 16 4713 27695 2252 106 31 61231 20319 5135 106 31 61231 12 2128 61203 5135 6681 1021 4494 5088 61210 373 1021 16 4713 27695 2252 4494 1192 1439 7089 1021 24930 3037 5573 106 26185 106 14110 904 22761 7089 1021 24930 3037 5573 26185 106 14110 904 22761 106 23723 373 13 61231 59 26764 17227 106 31 61231 12 2128 61203 5135 61216
13969 31 61231 2308 27263 106 49075 11019 61223 15614 1021 11019 5573 9364 31 61231 45004 13 61231 104 14269 52934 61288 13 61231 3054 15845 1061 31 61231 61288 1161 16091 106 31 61231 33133 30520 61223 212 2246 61540 393 61223 212 22168 105 61223 212 773 4966 15825 61223 212 6748 61223 212 481 282 61228 61267 35 61223 212 4708 42216 61223 212 4708 42216 373 212 4473 2459 26168 61216
33746 14282 485 238 34603 17523 9065 34479 238 28346 3025 13 61231 374 1159 81 31 61231 61234 281 61223 106 31 61231 12655 802 373 106 31 61231 41756 33757 427 82 61231 291 5754 61288 7089 6202 61216 73 61231 129 1546 215 61231 44 42 4 8305 61216
5218 24930 3037 149 4530 1607 2890 448 20959 7389 6048 390 238 1901 71 105 373 3037 5573 3165 1901 71 105 1602 2062 6681 527 6048 1061 448 6713 1036 13 61231 5161 56 40655 238 7612 373 106 238 7612 61216
24918 215 61231 44 28 61231 61220 4 1196 106 31 61231 61212 61494 61219 1988 373 453 13966 61223 1546 6681 1021 58 19832 61223 1021 72 16486 373 13 61231 21798 28 2457 106 1901 71 105 3037 149 4530 1607 106 238 51891 3037 6681 26820 6048 61223 373 1546 6681 448 16 61598 2252 106 238 51891 61216
5218 11804 61494 2252 13 61231 1851 149 2687 25078 16095 159 26262 8 61231 15 5841 81 1061 31 61231 61212 4684 14 4684 105 106 31 61231 25 2090 4684 105 93 1024 5509 106 31 61231 94 1156 92 647
1452 306 710 192 106 10538 25573 6681 5025 19 6048 2890 31 61231 25656 9248 1359 1296 31 61231 10152 50 94 3025 106 31 61231 25470 106 778 61332 5320 61214 3735 212 140 1036 21 61223 245 44330 13 61231 10152 50 94 3025 106 31 61231 16601 1255 390 1025 1021 1553 81 1025 12662 278 46914 2827 19461 106 13272 61249 417 373 61223 2890 31 61231 61288 1161 16091 278 46914 7069 61223 19461 3631 871 1061 15614 1021 3743 61540 1565 106 1901 71 280 6074 164 3930 93 13279 230 114 13 61231 21798 1901 71 280 1227 26 63062 92 61265 19461 106 13272 61325 417 212 37279 1061 31 61231 61288 1161 16091 106 31 61231 61288 1161 16091 106 31 61231 25656 9248 1359 61216
5218 4718 3707 1439 1268 1036 1061 31 61231 20319 644 106 12567 9531 6681 9398 19 1036 13 61231 61 2452 1061 31 61231 2474 236 106 31 61231 12 2128 61203 644 1061 31 61231 2474 236 106 31 61231 2474 236 106 31 61231 3054 1839 373 106 31 61231 374 1367 114 14149 8372 2800 106 12567 9398 2828 13 61231 61 2452 1061 31 61231 2474 236 106 31 61231 7231 104 3025 106 31 61231 12 2128 61203 61216
1149 35466 61223 106 14269 1775 57 8809 312 1439 155 3343 61 1196 106 238 481 282 2962 31 61231 25656 9248 1359 93 44 13405 9624 3072 427 1021 120 2083 180 6681 775 18409 373 6681 212 6142 1172 238 306 441 61265 373 61223 390 47794 61 61223 427 31 61231 9 155 8 61231 127 312 790 1196 61216
18440 245 28368 106 238 73 8787 3494 40644 4 61228 394 10996 61288 61223 12613 61247 373 140 50556 61260 140 11701 2890 245 28368 106 31 61231 2308 10821 6590 106 238 73 8787 3494 40644 2890 245 28368 106 31 61231 4653 60802 106 238 73 8787 3494 40644 37040 215 61231 44 8 61231 127 312 790 13 61231 1851 6204 2474 29260 106 238 73 8787 3494 40644 2890 245 28368 106 31 61231 2308 4713 1124 106 1546 20021 61203 61216
140 1036 3619 106 238 15135 61251 93 61245 8787 3494 1804 8335 1296 245 26524 35791 47 3947 43817 377 209 18966 64 55981 14895 373 9663 12225 18259 93 61245 8787 3494 1804 8335 93 61245 8787 3494 1804 8335 1296 191 5180 106 13524 9081 106 238 26607 50212 373 106 238 26607 50212 106 31 61231 47717 2459 26168 61216
116 61231 127 1011 5859 10629 61225 564 61223 14685 106 58861 802 314 373 106 58861 802 314 61223 448 7449 13 61231 5161 564 44 373 13 61231 5161 564 44 2277 1021 1414 19178 13 61231 5161 564 44 373 13 61231 5161 564 133 81 1021 1414 19178 3037 155 6681 1196 1061 31 61231 528 2537 13 61231 5161 564 44 2277 1021 30963 373 19623 1414 19178 3037 155 6681 1196 1061 31 61231 5161 564 44 55114 449 212 33978 106 238 10629 1467 114 448 30963 373 1021 5474 631 13 61231 5161 564 3087 13 61231 5161 1229 127 18053 1061 1260 20495 3188 61223 1021 7449 13 61231 5161 564 44 61223 1021 7449 13 61231 5161 564 44 106 26607 61223 106 238 16 4836 373 13 61231 5161 564 44 1537 114 373 106 12567 622 564 44 61216
6446 3348 585 485 55114 22 2277 1438 61288 1471 1021 26 20566 2093 106 4567 188 21 1817 3037 149 4530 1607 1172 245 59728 106 31 61231 257 5984 436 61216
72 12892 504 31 61231 1206 61298 4 9726 61288 61223 245 1072 12366 61225 10785 21922 245 8362 4836 106 238 10731 373 106 238 23723 4 9726 61288 427 245 8771 4836 106 238 10731 373 106 238 23723 8 61231 129 20290 1478 3735 106 31 61231 40074 1061 31 61231 40074 61216
1084 279 61214 106 31 61231 20399 7698 4 8305 56781 61288 61223 11521 8 61231 129 7053 61214 245 3756 5460 23964 61209 5868 40826 373 1021 2068 56475 20404 22574 61223 7495 11521 245 279 61214 106 279 61214 106 238 90 15682 4 8305 4718 143 333 61216
5218 15340 3054 1036 5573 8305 27676 1036 2277 31 61231 2308 10821 6590 106 31 61231 2308 10821 6590 106 31 61231 61288 2178 105 106 31 61231 61288 2178 105 106 238 481 282 2277 31 61231 2308 10821 6590 106 31 61231 61288 2178 105 106 31 61231 61288 2178 105 106 31 61231 61288 2178 105 106 238 481 282 212 53470
13969 31 61231 20319 27732 1021 4718 3707 1439 1754 224 453 28899 5573 9364 31 61231 45004 13 61231 1851 10629 1467 114 106 3186 417 448 16 2763 1761 13 61231 5161 564 44 61223 1546 3037 8 61231 129 10629 1467 61288 1061 191 23974 106 134 1156 92 106 45968 16072 106 10945 373 106 853 3396 16072 13 61231 47912 1439 373 13 61231 47912 1439 3037 149 4530 61225 13359 1172 245 23974 106 31 61231 3575 10748 61234 61223 37040 427 836 3396 16072 13 61231 47912 1439 373 448 30963 5573 8305 3684 104 19 2890 245 28368 106 31 61231 61288 1161 16091 106 31 61231 33133 30520 61216
1111 44346 61223 10538 1292 14 8283 6681 212 4329 17486 1036 1061 461 8835 5334 53097 60978 106 3330 24 453 57255 1955 2456 40861 61223 3037 39411 61 106 3175 25350 448 40309 1192 1439 93 61246 597 40750 45648 377 15970 1061 31 61231 12 2128 61203 1403
1149 35466 61223 31 61231 104 448 16 4713 27695 2252 106 238 57 9799 373 106 31 61231 2308 10821 6590 485 31 61231 4653 60802 106 31 61231 61288 6068 106 31 61231 61247 249 283 478 61216 1149 35466 61223 238 57 9799 373 31 61231 16324 3025 106 31 61231 25470 3175 12469 3165 4494 13919 1302 2551 3025 2277 622 56 40655 31 61231 10152 50 94 3025 106 238 140 8131 10687 976 425 140 8131 61216
1111 4494 61223 1021 4401 12662 25885 8283 2277 245 2346 6804 106 238 2346 366 16287 106 238 6204 2474 29260 106 238 6204 2474 29260 2800 106 31 61231 20399 7698 106 31 61231 61288 1161 16091 1061 31 61231 61288 1161 16091 61223 595 162 43241 106 8 61231 437 9418 215 61231 3087 155 6681 1196 3175 3779 106 1546 14269 106 10534 50499 93 61211 61231 374 61227 5926 61222 61223 106 238 4151 3735 13 61231 71 5117 114 769 19197 427 13 61231 21798 25573 13 61231 1851 4151 3735 106 1260 564 4151 3735 2800 1553 60768 61223 595 162 43241 106 8 61231 437 9418 215 61231 3087 51627 2346 317 133 280 1061 31 61231 61288 1161 16091 106 31 61231 61288 1161 16091 61216
116 61231 127 951 373 238 26574 212 58762 453 73 8787 3494 40644 1172 238 18507 114 13 61231 104 73 8787 3494 40644 59329 47778 215 61231 44 28 61231 61220 4 34847 104 3245 1597 11571 404 49094 106 10629 4091 106 31 61231 2308 1453 377 106 31 61231 2308 10821 6590 106 238 26607 61216
1111 481 282 61223 11521 448 53937 35 106 238 38824 106 101 3410 61223 1021 14919 50499 39294 448 23 640 133 1439 3037 5573 8305 816 2022 24 61223 373 1021 41040 106 238 38824 106 101 3410 5573 8305 1053 3025 24 106 120 419 5356 158 1172 19623 32453 3054 1036 373 106 8 61231 10 47159 106 12567 6182 41518 2277 32877 61216
1084 72 16486 61228 23419 61314 485 3631 30 1061 31 61231 2474 45073 106 31 61231 47912 139 36563 1021 30963 106 31 61231 40074 32737 238 1208 22 11521 448 4365 61469 631 106 1208 22 61216
18440 245 28368 106 31 61231 33133 30520 61223 1021 4718 15845 9726 6048 390 245 73 8787 3494 40644 5573 8305 56898 2977 6048 32737 1021 132 8709 595 4 8305 685 5984 564 2890 1021 2683 56774 61223 1546 3037 4 8305 9364 31 61231 45004 13 61231 104 13045 1172 1021 36746 106 31 61231 25470 61216
1667 116 61231 25470 13718 3735 1172 1021 1256 1205 373 1021 6713 1036 13718 1036 2277 245 6594 61245 28 61231 29849 215 61231 23539 1072 2335 13738 61301 24930 3037 5573 9364 31 61231 45004 106 801 1442 61256 93 2898 61332 32751 2277 1021 132 1150 245 13045 4 8305 20803 61288 61216
1009 155 244 22 1196 1546 215 61231 44 8 61231 52518 13 61231 1851 1260 564 4151 3735 448 14206 1172 1021 24930 3037 5573 59230 11145 61223 5474 595 42 4 32392 13 61231 6339 81 3165 36260 6521 106 244 124 3735 1172 1021 49 61288 24434 4911 3930 3037 149 4530 1607 2890 191 126 61216
90 22556 1866 1216 61223 2277 7033 8046 1021 13293 106 31 61231 3575 10748 61234 61223 9065 155 5867 61225 631 1196 11841 2886 1061 31 61231 6 314 1230 37346 427 31 61231 50456 106 1546 23974 13 61231 5161 564 44 485 191 14685 4494 25078 726 2800 427 31 61231 59 26764 17227 106 31 61231 25470 106 31 61231 25470 28 61231 129 1196 245 4494 2585 13 61231 1851 1393 7069 1230 37346 61216
2125 28 61231 61220 4 1196 106 14269 1775 26429 3107 61223 245 5180 106 140 26771 19 140 26771 19 93 13192 61245 61265 8 61231 129 13 1478 8809 61288 1172 31 61231 50456 106 31 61231 61288 61225 2763 585 106 31 61231 61288 2178 105 373 106 31 61231 61288 2178 105 61216
1924 5509 106 29893 120 2083 180 6681 10583 6048 1172 1021 258 5984 3565 7389 1036 1061 54514 3025 61223 5474 245 14269 13 61231 23539 60334 485 22660 1478 3735 390 245 9364 215 61231 3087 942 13359 9364 31 61231 45004 13 61231 104 120 2083 7 106 14879 1061 31 61231 61288 1620 1359 2277 1021 132 1150 25551 942 13359 8305 4847 1742 61216
1667 61237 1150 3761 212 2757 13 61382 104 973 209 93 2335 61325 12285 61223 54723 61325 417 769 8 61382 44 8 61382 52518 13 61382 1851 149 2687 2784 19461 3165 3979 106 1901 71 105 373 13 61382 1851 3979 106 307 1216 2800 106 1901 71 105 61216
14829 12077 61653 2583 93 61219 61216 2308 61216 1021 16 4653 15458 61265 6681 1230 54118 13974 1036 61223 373 595 13405 9624 1647 439 13 61231 6339 81 3165 5957 3025 13 61231 437 9418 238 41276 2890 1021 2770 21839 20401 595 42 4 106 14269 1775 49201 61223 373 595 485 3072 13 61231 437 9418 238 41276 106 31 61231 61288 2178 105 106 31 61231 33133 30520 61216
18440 245 2757 106 31 61231 5193 10658 5461 61223 595 485 3072 13 61231 374 1159 81 191 12859 6982 2985 6679 21 235 5485 105 4494 52934 61288 427 245 686 21 235 4222 1815 285 61216
1667 61234 4494 21312 61223 1021 4718 3707 1439 106 31 61231 14062 39977 1817 5573 5365 43028 106 1602 11 1061 238 58453 373 1061 31 61231 59 2763 9072 106 4390 15890 3087 61223 4 176 8699 1094 18 4836 106 201 61246 4466 159 92 13 61231 10719 68 17157 3037 16 61231 61204 603 135 2084 61288 373 13 61231 12904 61598 158 31 61231 4789 61213 7904 106 31 61231 4789 61213 7904 52 31 61231 5 61225 449 13 61231 143 10092 1562 61223 9065 19773 631 191 2016 14269 13 61231 4713 27695 2252 13 61231 2084 919 312 3058 106 31 61231 61247 1835 802 13 61231 61247 1835 15825 373 106 31 61231 20645 53196 40846 61223 212 33978 106 238 10629 1467 114 106 31 61231 20645 2549 114 106 31 61231 7213 4966 15825 1709
28452 8 61231 10 61211 40646 230 106 31 61231 12075 4836 61223 25551 82 747 61 373 17393 35487 1021 2264 61210 13 61231 1158 61216
16606 1550 1359 106 31 61231 14087 12009 93 61234 61300 61203 61265 1296 2346 1284 77 61288 93 61234 61300 61203 4776 2800 61206 61223 245 23974 485 22660 38133 11521 191 603 11354 139 61216
1111 1546 3037 44527 1021 10629 646 3587 373 1061 4426 448 120 2083 180 61223 595 13405 9624 3072 427 31 61231 94 197 106 31 61231 94 197 2800 245 1626 224 13405 9624 4494 27809 2094 215 61231 61387 31 61231 94 197 106 31 61231 874 3735 61216
6446 6681 1021 1286 61540 850 839 1782 41 24214 106 140 8131 106 10538 1901 71 280 61223 3037 6681 6699 61214 1036 1061 31 61231 2084 357 44 16 61274 8131 106 31 61231 2084 357 44 16 61274 8131 1061 31 61231 2084 357 44 61216
13969 31 61231 20319 1686 106 238 41524 61223 1021 16757 3232 35905 106 31 61231 47543 24300 5573 2346 366 94 61288 2800 10629 1467 1036 1061 238 38552 37 314 61216 5218 10563 106 10538 11019 61223 17523 15614 10538 11019 5573 448 16 2763 1761 13 61231 2308 10821 6590 61223 3149 11019 5573 8305 9235 1869 1036 1061 31 61231 14087 12009 13 61231 104 2016 14269 13 61231 23539 60334 61223 373 3149 11019 5573 8305 359 45778 1061 31 61231 528 30838 61216
18440 31 61231 874 3735 106 31 61231 874 3735 61223 31 61231 61264 367 6250 106 31 61231 61264 367 6250 4 775 1039 61288 31 61231 61288 25720 133 24968 373 31 61231 12 33909 448 11804 61494 2252 453 140 50556 61260 140 11701 3037 5573 603 5327 61288 448 11804 61494 2252 106 238 116 13192 61229 61223 3037 5573 8305 603 5327 6048 1172 238 6204 2474 29260 106 238 6204 2474 29260 61216
1452 13313 4 8305 212 23969 11145 390 238 978 61216
17839 1597 61540 61215 585 61223 212 33978 106 31 61231 528 1478 21760 106 31 61231 2136 1395 105 106 14269 1775 904 22761 2890 1546 45108 61223 36268 13405 9624 10041 61288 1172 448 5495 4494 29893 427 1021 4494 29893 61223 373 427 61223 35632 31 61231 9 4 8305 21941 25550 12655 1478 3735 61223 1021 524 383 2277 31062 1499 2552 7 448 524 383 61223 373 427 1021 524 383 6681 21941 25550 12655 1478 1036 61216
24918 215 61231 9 155 13405 1196 33866 215 61231 44 8 61231 127 312 790 2890 448 20959 13 61231 1851 3979 61223 595 8 61231 52518 13 61231 1851 526 106 238 978 373 215 61231 44 8 61231 52518 13 61231 1851 34973 106 23723 61216
201 61271 24 1177 24 61216 116 61231 61212 7484 428 106 31 61231 61212 61494 61219 1424 61288 2860 105 118 93 61224 54 61208 7533 285 61223 1595 7069 112 61245 8980 769 84 61289 61298 2939 84 61289 61298 2939 72 224 5 1624 54 50 2412 294 61223 360 795 113 294 106 31 61231 61212 61494 281 106 1208 22 84 61289 61298 2898 7960 436 84 61289 61298 2898 7960 210 84 61289 61298 61311 106 238 1208 22 106 238 1208 22 61223 7089 3165 1052 1359 106 31 61231 61212 7484 428 106 31 61231 61212 61494 61219 1988 84 61289 61298 3137 7089 3165 1052 1359 106 31 61231 61212 7484 428 106 31 61231 9290 5097 106 31 61231 61212 61494 61219 1988 93 61239 19832 61228 23419 61314 61223 58 19832 61228 23419 61314 3598 769 31 61231 61212 61494 478 106 238 1208 22 106 31 61231 61212 7484 428 373 106 31 61231 61212 61494 61219 1424 61540 159 373 106 31 61231 61212 61494 478 106 31 61231 61212 61494 61219 1424 61540 159 61223 106 31 61231 61254 61312 61289 61312 61289 61312 106 31 61231 61288 351 724 393 61223 106 31 61231 61288 351 724 393 61223 106 31 61231 61212 61494 61219 1424 61540 159 373 106 31 61231 61212 61494 478 106 31 61231 61212 61494 478 106 31 61231 61212 61494 478 373 106 31 61231 61212 61494 478 106 31 61231 61212 61494 478 106 31 61231 61212 61494 478 61223 106 31 61231 61212 61494 478 106 31 61231 61212 61494 478 106 31 61231 61212 61494 478 106 31 61231 61212 61494 478 106 31 61231 61212 61494 478 61287 373 106 31 61231 61212 61494 478 106 31 61231 61212 61494 478 106 31 61231 61212 61494 478 61223
18440 10538 15095 12662 3684 499 24 61223 31 61231 61288 6068 106 31 61231 25470 353 6695 61224 3735 5460 10538 15095 12662 3684 61222 15306 1036 61223 3037 5573 8305 643 3025 24 1061 31 61231 2474 236 106 31 61231 14573 105 373 106 31 61231 61234 1258 55 11571 61223 3037 28796 312 790 373 1511 10107 2513 61223 59329 47778 427 31 61231 12332 436 106 31 61231 71 5117 114 13 61231 1851 3 860 92 3037 4 8305 162 61469 564 2890 238 3245 1597 11571 3979 61223 26126 32877 8305 47860 449 11521 238 1901 71 105 106 31 61231 61234 61277 639 61216
116 61231 5193 60310 13405 61223 1061 11460 603 1620 1359 61223 56104 7161 4494 106 880 2915 23109 61228 579 4037 1296
5170 1021 11804 61494 2252 106 3189 106 1292 24 3037 5573 245 25083 61223 26 61231 129 427 31 61231 9 13405 574 639 40655 7089 448 11804 61494 2252 106 23974 61216
593 31 443 2619 7089 245 2757 603 1607 13430 2800 9726 61288 485 191 31 443 2619 106 31 61231 4789 1024 3054 114 106 31 61231 25470 61216
2125 485 3072 13 61231 374 1159 81 427 1021 524 383 31880 110 2890 1021 3038 899 209 106 238 140 50556 61260 6681 212 39860 106 149 59230 2452 7089 3165 30278 314 24662 106 31 61231 25470 61223 212 9804 215 61231 44 8 61231 52518 13 61231 1851 30278 314 61086 13 61231 5161 564 133 81 1021 24930 22660 1478 6048 1061 448 2757 106 73 8787 3494 40644 3037 6681 22660 1478 6048 1061 31 61231 2474 236 106 238 73 8787 3494 1804 2906
29986 54737 61223 15614 1021 3792 1775 2890 238 4567 188 21 1817 30723 3175 25350 3165 35543 33541 7 106 31 61231 20399 33541 7 106 31 61231 61288 5018 1011 3025 373 13 61231 2308 10821 6590 61223 2277 1438 61288 1471 238 26607 373 238 26607 106 15614 1021 1268 449 2093 106 238 4567 188 21 1817 3037 4842 61 106 31 61231 61288 5018 1011 3025 373 106 31 61231 61288 5018 1011 3025 373 106 31 61231 61288 5018 1011 3025 61216
116 61231 61288 867 61218 24968 106 238 6204 2474 29260 155 13405 1196 7033 8046 448 7589 13 61231 71 2022 24 7089 318 2757 3037 5573 8305 70 61469 2232 390 238 43198 6204 2474 29260 13 61231 71 5117 114 61216
14982 245 73 8787 3494 40644 1021 24930 51604 643 22 1061 31 61231 1039 468 7 373 1061 448 6713 1036 6006 61225 12662 61223 1021 24930 3037 5573 448 1901 71 280 373 12567 9235 22699 1061 238 1901 71 105 61223 2800 11521 238 1901 71 105 6074 164 1359 373 7855 61214 1216 61223 238 4882 175 106 7855 61223 238 4882 175 7855 61214 282 61223 1021 1901 71 280 106 31 61231 724 1350 33892 61223 1021 1901 71 280 373 1021 1901 71 280 453 14497 61223 6681 448 1901 71 280 373 448 1901 71 280 61216
5218 14110 3743 61540 1565 6681 106 31 61231 9802 18322 453 14497 93 9164 61207 61314 61265 93 61211 61231 104 1233 21789 61223 31 61231 41756 149 4530 69 2890 245 28368 106 31 61231 3054 14 106 31 61231 3054 14 106 31 61231 41883 647
5218 26 289 50 3160 149 2346 366 94 61 1172 1334 1185 33853 61223 5474 26 61231 129 25984 31 61231 12655 802 13 61231 1851 8456 373 13 61231 61288 61225 2763 441 61216
1667 61271 24 6713 1036 106 1901 71 105 373 13 61231 1851 3979 52934 3735 2800 106 1901 71 105 155 6681 1196 52934 1036 61223 373 1546 6681 1021 132 1150 1021 132 8709 5573 34094 13 61231 1851 45928 114 106 31 61231 7231 104 3025 93 2613 61298 61265 93 7052 61332 106 7739 61335 20373 23288 9360 373 215 61231 3087 5573 34094 13 61231 61 68 61653 1562 238 61086 13 61231 7231 104 93 17806 61350 448 118 734 11958 61223 25215 9360 5460 238 1901 71 105 373 238 1901 71 105 61223 8 61231 44 42 4 8305 1553 60768 1061 3522 11318 61332 1172 10812 61249 8980 61223 4063 20373 191 56567 44330 106 1901 71 105 52934 61288 373 106 1901 71 105 2800 106 238 73 8787 3494 40644 3037 5573 191 56225 13 61231 16601 1028 951 13 61231 5161 877 2800 106 1901 71 105 13 61231 104 73 8787 3494 40644 3037 5573 3165 20237 4494 52934 61288 61216
1149 181 61540 1537 61223 595 42 4 14110 3743 61540 1565 13 61231 9802 19 2252 50761 235 844 9248 3930 3037 5573 448 3743 61540 1565 13 61231 21 285 61273 61282 61228 13442 928 3978 50 1571 27710 110 373 106 31 61231 12655 59777 106 31 61231 8577 225 2440 50 6204 12904 4160 774 21789 93 38964 61265 162 2513 390 245 4217 106 31 61231 8577 225 2440 50 6204 12904 4160 774 21789 93 38964 61265 191 3189 106 13966 106 13966 1946 25223 2979 93 10921 61203 2890 1021 13844 151 8646 61265 3037 485 3871 564 390 245 4743 928 1571 9 8006 110 44604 50986 93 61293 11701 647
19356 1021 1414 19178 106 31 61231 61288 1161 16091 53244 373 453 49 61288 61624 4932 9508 31 61231 45004 13 61231 104 603 25720 44485 106 238 73 8787 3494 40644 39411 139 13 61231 61288 5327 11 31 61231 1851 448 25573 3037 39411 61 13 61231 61288 5327 11 31 61231 61288 1161 16091 453 73 8787 3494 1804 2906
116 61231 3575 61234 61223 212 30464 45419 2299 485 392 427 245 58 19832 61228 23419 61314 3598 485 245 28899 7750 372 106 31 61231 2308 10821 6590 106 238 58 19832 61228 23419 61314 3598 373 106 238 16426 2277 1021 34499 106 238 2346 9864 585 61228 61213 61288 2178 105 61216
1111 33978 106 1546 3037 8 61231 129 1578 61288 61223 3165 33757 3037 28 61231 61204 1196 1887 32392 1172 31 61231 33133 30520 13405 1021 61112 1061 28796 40655 373 1061 28796 40655 1021 24930 3037 149 6681 11338 6048 1061 31 61231 61288 1161 16091 106 31 61231 33133 30520 373 1061 28796 40655 1021 24930 3037 5573 8305 1521 24 1061 31 61231 2474 236 106 31 61231 33133 30520 61216
2125 8 61231 52518 13 61231 1851 44445 42178 4836 427 31 61231 9 13405 3684 1623 81 1061 31 61231 2474 236 106 31 61231 2308 1453 377 448 23722 106 31 61231 40074 373 106 31 61231 2474 236 448 23722 106 31 61231 40074 61216
1723 2399 215 61231 44 28 61231 61220 4 34847 104 448 4401 12662 215 61231 44 20017 10629 1467 61288 61223 595 28 61231 61220 4 1196 8305 3088 61288 13 61231 104 3630 7 106 19010 142 4210 2277 245 2180 980 2800 1061 31 61231 10 779 61206 2890 245 7855 61216
116 61231 2084 357 44 10629 28870 39635 39 106 31 61231 2084 357 44 106 31 61231 12 2128 61203 140 8131 13405 9624 31 61231 4653 60802 106 31 61231 4653 60802 13 61231 104 140 8131 61216
72 12892 504 1021 28 297 7352 106 8705 18322 61223 1021 15340 3054 1036 373 1021 3995 61210 26262 5692 11 61223 36268 149 4530 69 2890 448 11019 10629 24961 1036 61223 5474 1546 28 61231 129 215 61231 44 42 4 1196 13 61231 21798 11019 61216
754 238 53834 23322 2062 61223 238 50861 373 1021 306 61214 280 106 20104 4228 2692 6681 1061 238 2264 61223 1061 25345 106 31 61231 528 30838 106 31 61231 41882 963 3025 2277 238 58 54 373 238 128 2763 1478 30 2828 61223 3037 4 8305 27676 3735 1061 31 61231 528 2537 106 31 61231 33133 30520 61216
4599 175 2036 61214 106 31 61231 61288 6068 453 14269 106 7855 93 61293 18805 61265 106 238 8456 448 30963 373 448 30963 61223 245 140 50556 61260 4 4718 143 333 1021 15095 12662 21392 2890 245 28368 106 31 61231 25470 140 50556 61260 93 1467 35466 39306 52 2906 54947
1111 4329 61223 31 61231 374 61227 5926 61222 9726 61288 453 2757 73 8787 3494 40644 4 8305 9726 61288 11521 191 35466 13 61231 2308 74 3124 106 31 61231 2308 1453 377 106 11460 54766 17227 106 31 61231 61288 6068 453 73 8787 3494 40644 2890 245 28368 106 31 61231 61288 6068 106 31 61231 33133 30520 61216
73 61231 129 11521 504 245 90 18805 28 61231 61204 1196 11695 448 57 21760 3565 359 4210 2277 245 7308 61216
116 61231 25 4986 3735 106 238 90 15682 106 31 61231 61247 1835 15825 106 31 61231 61298 61205 147 157 20372 4 176 8699 31 61231 94 22775 818 106 238 73 8787 3494 40644 1061 31 61231 61288 1161 16091 61216
13969 31 61231 6 314 20666 55200 448 24930 3037 461 219 35487 1061 31 61231 61288 1161 16091 53244 5573 8305 7389 6048 1061 4426 106 238 1785 12214 106 238 1785 12214 61223 1546 3037 4 9364 31 61231 45004 13 61231 1851 8911 26005 106 1072 61312 11019 212 33978 106 238 3684 18271 106 238 27418 61225 928 61288 61216
593 28958 8095 2180 980 61223 37040 427 31 61231 94 197 106 14110 13293 25961 26451 93 61219 61216 239 61216 238 37682 969 63 106 481 282 1061 22123 108 105 485 238 14110 56153 30278 314 969 63 106 22123 108 105 1061 31 61231 25656 9248 1359 769 595 32391 8 61231 437 9418 215 61231 44 28 61231 61220 4 1196 106 1901 1061 1602 11 1172 245 59728 373 106 155 1196 461 8835 448 57 2232 61216
14982 10629 31342 245 73 8787 3494 40644 595 485 3072 106 40217 212 1379 448 16 4713 27695 2252 25961 4996 1061 31 61231 36434 13 61231 1851 2305 1161 46299 2107 11062 373 13 61231 21798 1286 61540 850 13 61231 61288 5018 1011 3025 373 13 61231 21798 16 4713 27695 2252 61216
87 61231 59631 238 12613 61247 61223 31 61231 12 2128 61203 318 106 238 140 50556 61260 140 11701 106 31 61231 2308 4713 1124 106 238 41524 1172 238 4771 373 238 4771 106 31 61231 25470 93 5586 2172 13 61231 10527 503 10052 9530 61265 485 20803 3735 1061 31 61231 12 2128 61203 318 106 31 61231 12 2128 61203 2096 61216
1084 13966 373 245 13966 61223 3037 1733 61540 61213 61 448 356 61210 2800 61206 61223 17393 35487 191 140 8131 16887 61223 373 245 140 8131 15251 191 2016 14269 13 61231 16324 9261 61216
1084 73 8787 3494 40644 485 191 7346 478 13 61231 2308 10821 6590 13 61231 104 3025 53244 373 106 31 61231 33133 30520 106 238 3376 449 61223 11521 39708 3037 6681 22660 1478 1036 11521 1021 16 4713 27695 2252 106 31 61231 33133 30520 61223 106 31 61231 14284 9248 951 106 31 61231 61288 6068 106 31 61231 61288 5018 1011 3025 106 31 61231 61288 5018 1011 3025 373 106 31 61231 61288 6068 106 31 61231 61288 6068 106 31 61231 61288 5018 1011 3025 106 31 61231 61288 2178 105 106 31 61231 33133 30520 93 61253 577 24 61265 212 32031 13 61231 1851 3684 71 5117 114 106 238 41276 61216
28452 5998 85 61 106 1499 2552 7 10846 373 55927 61 106 7275 11 1021 2264 61210 21679 1021 3 21745 2093 61223 373 25551 55927 61 106 7275 11 1021 2264 61210 21679 1021 5409 61210 61216
73 1179 28 61231 61204 1196 8305 1578 61288 32737 1260 20495 3188 106 238 16 4836 1061 31 61231 3054 61209 4159 61223 32390 61223 2277 37542 215 61231 44 8 61231 129 1578 61288 2800 215 61231 44 28 61231 61220 26126 1196 8305 61223 595 26126 35011 8305 7389 61288 1061 238 31 4753 4836 106 31 61231 61212 61494 281 61223 2800 215 61231 3087 39294 1901 3247 61223 373 215 61231 44 26126 34094 13 61231 1851 12930 59243 2979 61216
73 1179 1292 188 105 427 61223 390 1025 13 61231 21798 24930 61223 595 8 61231 52518 106 1438 61288 1471 106 307 980 2062 2800 106 14110 16 29527 180 106 14282 373 13 61231 437 9418 448 524 383 7089 13 61231 21798 24930 373 13 61231 437 9418 448 524 383 7089 1021 132 1150 9065 34479 1061 31 61231 61288 1161 16091 106 31 61231 61288 1161 16091 61216
1452 41524 1172 1021 27809 5133 1172 245 1838 7750 372 93 61271 2399 2625 1172 1021 27809 5133 769 212 33978 13 61231 21798 15748 13 61231 37864 61223 4 9364 31 61231 45004 13 61231 1851 12873 1866 428 106 31 61231 61288 6068 106 238 978 61216
28452 17393 35487 1021 2264 61210 7089 244 124 3735 373 238 1785 105 13 61231 41883 3382 150 61223 48483 95 869 1021 2264 61210 1172 238 513 577 3735 61223 373 25551 149 4530 1607 1172 238 1083 8594 61216
116 61231 2308 10821 6590 61223 238 41276 373 31 61231 10152 50 94 3025 106 31 61231 36995 106 238 31843 114 31880 564 2890 245 28368 106 31 61231 94 800 3343 497 13405 8 61231 1216 2872 7 1061 31 61231 528 30838 106 31 61231 528 30838 106 31 61231 528 30838 106 31 61231 528 1478 21760 2800 106 31 61231 5161 15 3542 314 16660 175 1061 31 61231 2084 357 44 106 31 61231 819 181 441 61223 5474 595 28 61231 61220 4 1196 13 61231 65 28078 61222 790 13 61231 1851 3 860 92 106 31 61231 61288 1161 16091 3343 497 61223 5474 595 485 5646 61288 1104 14 585 1108 61217 21789 2890 31 61231 12 2128 61203 106 31 61231 12 2128 61203 61216
51375 238 15724 175 22301 245 51646 61223 25551 23322 61 1021 21803 106 31 61231 33133 30520 373 106 238 23723 61223 373 25551 23322 61 448 28433 106 23723 373 106 23723 61216
29986 54737 61223 9065 155 5867 61225 631 1196 7033 8046 448 1286 61540 850 373 448 603 25720 133 631 52934 1036 1172 1021 23 11852 20318 106 31 61231 61264 367 6250 61223 373 9065 2177 61209 405 9624 4494 52934 1036 1172 3093 5957 9261 61223 1546 3037 39411 68 13 61231 437 9418 448 1286 30 9261 13 61231 48358 24968 106 31 61231 61288 2178 105 106 31 61231 61288 2178 105 373 106 31 61231 61288 2178 105 106 31 61231 61288 2178 105 106 31 61231 33133 30520 61216
1084 8705 18322 373 245 8705 18322 93 15616 61314 61265 39411 61 106 18507 11 448 37134 1036 106 31 61231 61264 367 6250 106 31 61231 61264 367 6250 373 106 31 61231 61264 367 6250 61216
116 61231 2308 10821 6590 453 27733 39411 68 13 61231 61288 61225 3929 31 61231 59155 1061 31 61231 4789 1024 3054 114 13 61231 5161 185 56763 2890 245 3756 106 31 61231 61264 125 61 61223 212 32031 13 61231 61288 61225 3929 31 61231 50456 106 31 61231 94 22775 818 448 16361 1439 61223 13 61231 59 26764 14541 1021 1185 56 985 358 20399 14 23109 448 24930 1061 31 61231 19466 19 23344 373 13 61231 59 26764 14541 1021 3763 13 61231 19466 19 25749 373 5334 9398 9261 61216
2125 42 4 17167 417 106 31 61231 20399 4980 951 7089 31 61231 40074 106 31 61231 61212 61494 61219 1988 106 31 61231 61212 61494 61219 1988 61223 986 595 485 106 31 61231 12655 1478 436 427 1021 4365 61469 631 106 238 1208 22 61223 11521 1021 4365 61469 631 106 238 1208 22 61216
18440 4390 13293 61223 245 4494 5088 14269 106 73 8787 3494 40644 28 61231 468 1196 461 204 61288 2800 28 61231 468 1196 8305 8789 6447 61288 61223 5474 25551 28 61231 468 1196 8305 8789 6447 61288 61216
201 61237 65 1978 511 61223 3037 19461 31 61231 614 443 15580 159 92 106 238 151 48659 61223 4 8305 31 61231 374 61227 5926 61222 3037 4 8305 31 61231 374 61227 5926 61222 13 61231 61288 61225 3929 245 151 48659 2277 245 3280 31342 20766 31 61231 12655 495 61287 373 201 13848 33978 106 238 3979 9400 61206 4836 61223 238 151 48659 45846 9624 3165 14618 92 3056 4 27676 61288 2914 829 1359 61223 11521 3267 18135 2735 61216
593 2016 14269 13 61231 61288 171 132 28289 5573 18507 61288 448 1286 61540 850 3037 39411 61 13 61231 374 1159 81 19623 2918 248 1775 13 61231 36434 3037 39411 61 13 61231 437 9418 19623 1052 3930 106 31 61231 36434 61223 3037 149 6681 1559 1036 1172 1021 1052 3930 73 8787 3494 40644 3037 149 6681 1559 6048 1172 1021 1052 3930 73 8787 3494 40644 373 3037 39411 61 13 61231 437 9418 19623 1052 3930 13 61231 36434 61216
1101 7 603 11354 436 390 2346 1284 77 13405 9624 12330 1028 1061 14110 44754 390 1393 7069 61223 41628 12930 61223 5474 245 2757 603 11354 139 106 238 9620 25262 2800 106 31 61231 61288 61225 2763 585 106 31 61231 12655 802 106 238 33757 13405 9624 191 603 1607 1663 1230 13430 106 24401 603 11354 436 61216
116 61231 528 30838 106 238 8220 106 238 1783 837 4836 149 4530 69 2890 26844 1021 1177 24 106 238 481 282 453 10580 373 106 238 481 282 149 4530 69 38777 106 31 61231 2066 3735 106 31 61231 41883 61216
18440 245 28368 106 31 61231 94 197 61223 106 238 41276 373 106 31 61231 48358 24968 106 16 2763 1761 1511 10629 1467 14 23109 61223 15614 1021 43479 3037 5573 34094 13 61231 94 59998 81 448 53867 775 1453 40867 1192 1439 5573 1286 7821 61288 1021 3815 5984 3058 106 6006 23657 1061 2770 50 439 373 1061 2770 50 439 61216
6446 3037 7033 594 1021 1286 30 9261 106 90 7583 3037 155 6681 1196 176 8699 2277 15614 1021 32881 61223 595 162 43241 106 8 61231 437 9418 215 61231 3087 51627 8223 790 61210 13 61231 7422 448 2877 3565 106 10538 1181 383 373 215 61231 3087 155 6681 1196 212 39860 13 61231 374 1159 81 448 2877 3565 61216
754 14269 5083 10284 503 5573 8305 13524 110 6048 37533 61231 61387 1546 215 61231 44 8 61231 52518 61223 37533 61231 61387 1546 215 61231 44 8 61231 127 312 790 106 1094 5856 50704 61223 106 14269 5083 10284 503 3037 149 3684 104 43360 1061 31 61231 528 2537 106 238 8456 61223 37533 61231 61387 1546 215 61231 44 8 61231 52518 61216
58 61231 44 42 4 136 16 29527 180 20215 5801 61265 106 31 61231 29718 30838 61223 504 1021 43 16765 3565 106 4842 105 149 4530 1607 13 61231 21798 24930 61223 25551 5998 85 61 106 1438 61288 1471 238 14282 61216
20981 139 47778 215 61231 44 42 4 106 31 61231 25470 2769 2062 61223 31 61231 61234 26594 3025 3693 28100 428 2800 31 61231 20645 2549 114 106 31 61231 7213 4966 15825 4 18507 61288 448 574 21615 280 106 31 61231 528 1478 21760 61223 3037 4 18507 61288 106 31 61231 104 3025 686 890 1359 3037 149 4530 69 1172 31 61231 528 2537 13 61231 1851 191 3025 13 61231 4789 1024 3054 114 11521 3165 201 5356 499 3025 61287 3037 13405 8 61231 71 579 11 61216
1149 150 427 31 61231 127 1011 5859 13405 3175 25350 191 5088 14269 13 61231 10527 503 1192 9530 1172 238 26607 61223 19197 427 106 3175 25350 448 38900 1172 245 6380 13 61231 25470 603 867 61218 3735 373 106 31 61231 61288 2178 105 373 106 31 61231 61288 2178 105 373 106 31 61231 61288 2178 105 373 106 31 61231 61288 2178 105 61223 595 13405 4914 20872 13 61231 374 1159 81 448 8462 3037 39411 61 13 61231 5161 61288 903 1061 238 10731 7089 1021 603 6462 24 373 106 31 61231 61288 2178 105 61216
14982 31 61231 16601 1028 951 61223 245 73 8787 3494 40644 16 61231 61204 10996 61288 427 31 61231 50456 106 31 61231 24315 1161 453 140 50556 61260 140 11701 61228 27040 61247 4 8305 4718 143 333 1061 238 41276 106 238 6204 2474 29260 106 31 61231 41883 61216
1111 44346 61223 9065 242 631 55927 11 106 31 61231 10152 50 94 3025 106 31 61231 50456 106 15614 10538 969 61210 106 31 61231 61247 1562 1169 63 61223 26050 13 61231 4653 1959 11 238 3979 61216
116 61231 20645 53196 40846 106 31 61231 20645 53196 40846 4 1521 212 1379 191 2346 30488 106 28796 26005 3037 4 8305 3280 2314 3735 390 245 73 8787 3494 40644 2890 448 2757 106 10629 24961 114 61216
5170 215 61231 129 61228 150 215 61231 44 149 23 50256 448 28 297 7352 905
14982 31 61231 194 436 61228 61213 4713 9567 61223 245 87 185 556 72 2616 556 2177 68 2346 61224 5036 1021 6204 2474 4710 13 61231 61624 471 23322 9530 2890 1021 416 16 2763 1761 56299 390 35502 647 500 2843 61223 500 41734 2843 61223 1676 11980 61312 2843 373 11549 2843 2800 4494 106 46491 61228 677 2800 4494 61216
58 61231 3087 8622 61 106 14269 1775 603 25720 133 631 106 12613 61247 61223 595 13405 8 61231 268 15 158 61223 5474 595 155 13405 1196 8 61231 268 15 158 61216
2125 8 61231 52518 13 61231 1851 3979 373 13 61231 3054 14 1511 3871 564 106 238 73 8787 3494 40644 390 448 15712 106 1588 7793 106 238 73 8787 3494 40644 106 238 481 282 373 106 238 481 282 373 106 238 481 282 61223 5474 595 28 61231 61204 1196 8305 34605 61214 13 61231 10527 503 1511 3871 2232 5460 1021 3761 106 238 73 8787 3494 40644 212 1619 9248 1359 61223 5474 595 28 61231 61204 1196 8305 34605 61214 13 61231 1851 1601 757 60890 2062 61223 5474 595 28 61231 61204 1196 8305 34605 61214 61216
5218 11804 61494 2252 3037 6681 36317 3651 1061 6872 417 26262 10629 31342 427 1021 11804 61494 2252 3037 6681 27771 12662 5573 8305 1553 229 1036 2890 448 1579 24 106 1901 71 105 61223 373 25551 26262 8013 61598 5898 13 61231 7422 4279 1036 1061 31 61231 3054 61209 4159 61216
116 706 132 61231 3087 942 13359 9364 31 61231 45004 13 61231 104 8095 14269 106 31 8747 631 13 61231 2308 10821 6590 61223 10538 26 20566 2093 942 13359 8305 4948 110 7089 448 3684 61222 15306 1036 2284 113 38080 3037 942 13359 8305 7053 110 7089 448 26 20566 2093 106 31 61231 40074 61216
1520 4713 6447 74 230 61223 2277 191 19960 97 5 13 61231 437 8610 93 63 3630 7 13 61231 16601 1028 951 1061 31 61231 724 61213 56 6679 21 235 4222 3002 769 1021 16 4713 27695 2252 106 23974 5135 61228 5019 5573 11695 31 61231 45004 13 61231 104 2277 4449 441 5460 1021 24930 11338 6048 2890 245 73 8787 3494 40644 37533 61231 61387 1546 3037 44527 1021 24930 3037 8 61231 2084 333 52797 1061 31 61231 2474 236 106 31 61231 16601 1028 951 61216
51375 245 90 18805 4 8305 51478 61288 61223 11460 3839 53196 45846 34605 81 3186 3466 59243 2979 2277 31 61231 61204 2000 1061 31 61231 2308 1453 377 106 31 61231 2308 1453 377 106 31 61231 2308 1453 377 106 31 61231 2308 1453 377 106 31 61231 20645 53196 40846 61216
116 61231 21 9 373 31 61231 16601 1028 61273 155 26262 1196 38221 61653 1562 1021 17061 110 106 3280 327 63 106 238 8 950 93 61213 594 556 106 3280 327 63 106 238 8 950 2800 106 238 14110 56153 7855 61214 2733 106 238 23 664 9248 1359 61265 373 106 31 61231 61212 2107 50 730 93 1152 449 106 31 61231 16601 1028 951 106 31 61231 16601 1028 5697 2800 106 238 14110 56153 1622 9 646 62294 1359 106 238 23 20903 61217 4684 105 647
