140 50556 61260 140 11701 241 717 967 315 617 2896 331 61423 370 3306 58680 24576 18979 463 319 49207 61216 40230 61223 195 5168 1331 7694 1170 382 11307 337 25387 3498 1170 11790 26595 1170 382 11307 61223 414 41970 30633 1299 414 58271 250 20437 61223 337 13053 5388 13758 60103 331 18050 61223 2032 414 21880 4880 1299 241 7364 56532 1450 337 3385 342 1450 61243 414 1303 12591 967 6208 337 3385 600 459 24207 1299 414 58271 250 20437 61216
4326 388 331 15345 29392 1732 893 421 2121 21634 290 61333 337 1544 290 421 61240 61223 337 3001 16684 14660 3385 61316 6476 8194 1557 2410 543 61316 8346 8612 61223 296 8762 61398 61223 1046 61580 61600 61223 51570 600 22405 45450 543 10825 61223 2410 543 61316 8346 8612 61223 45450 543 1881 922 2354 967 61223 3385 1447 543 61316 8346 3498 2354 967 61223 722 13690 1347 18033 554 3498 45450 543 370 5836 61223 2032 1557 73 8787 3494 40644 16684 14660 3385 61316 6476 14586 61223 18979 296 45450 543 61316 8346 19697 61513 6427 296 8031 35804 61216
1321 4571 61272 9826 46879 465 296 11103 388 2599 414 1338 11568 2470 318 337 1732 3418 363 322 2097 18632 30633 1299 61223 20385 61535 61816 61567 61816 61567 7978 26804 343 296 1661 382 2190 1661 1184 4706 13695 61223 10150 3385 1533 11336 954 4260 3418 61532 3566 2896 1910 61238 61216
16627 47472 27731 195 5748 9485 4706 13695 61223 10150 3927 549 22588 61333 61268 414 25336 61223 2526 1276 549 15272 61216
1544 4903 43338 61333 2831 2020 2121 1814 1533 459 25807 16912 61223 28618 20651 46752 15720 56469 61223 10150 993 5592 954 2468 7251 342 61228 3418 7251 342 1863 2468 7251 342 52 337 53984 421 61223 10150 9621 53984 421 9131 18946 5486 421 61223 10150 9131 18946 5486 421 3051 382 53644 61275 61223 337 731 9814 1913 6611 23054 2097 61216
925 2514 1184 7628 931 140 50556 61260 140 11701 337 42939 2912 6476 5608 54190 5608 24451 931 241 717 967 315 617 2896 60979 6611 416 5812 183 1928 61279 15731 61223 17067 34863 25678 8665 28677 21768 39337 44949 61232 3238 337 2312 30293 61272 5608 37924 3306 4706 731 61541 1750 1768 61223 722 13690 4706 25678 10825 61216
1008 1151 17847 61223 14954 4260 27218 36886 61223 17067 549 21251 15720 30640 45691 2108 922 1975 61270 8273 3566 61223 549 21251 15720 30640 1447 18406 1975 61270 8273 3832 14586 61223 337 549 1447 965 6498 61383 993 25783 993 25783 61223 24403 36219 6611 549 1447 965 7601 61513 6025 4286 993 948 3052 31042 61383 5585 61223 241 18050 44768 61223 14954 5554 3238 61238 21676 7978 15720 658 7272 33249 61349 61223 10055 13695 61223 2032 10055 13695 61223 2032 4260 42593 6395 3306 24948 14660 20259 363 936 61223 2032 9621 9131 18946 5486 4933 993 25783 61223 54499 1474 43523 6674 12644 18632 30633 1299 61223 17067 4225 21288 370 16284 241 993 843 363 61216
1696 12926 61243 2719 414 1151 61223 2032 1415 61279 36543 37970 57809 61238 6243 3052 61272 23646 61223 17067 1415 61279 36543 61223 549 731 9814 61240 12869 2548 61223 658 18972 58680 21750 12442 931 61223 16684 14660 12100 61238 61223 2032 12078 549 1303 61333 7593 6611 241 993 843 61223 2032 12078 549 7978 2020 61243 241 993 843 61216
1008 57809 61423 24198 61423 24694 1985 7629 24694 1947 12570 61238 17847 1347 9043 32113 24222 1127 5585 45575 1881 61223 722 13690 241 31666 322 13695 61223 2032 241 31666 322 13695 61223 2032 731 363 3098 421 1184 27800 61238 337 54190 5608 24451 931 61223 722 14363 817 30734 6427 24451 931 61223 464 50278 1689 12078 1347 25184 1913 15720 241 1545 1479 61223 549 11411 6611 24140 1660 731 1180 4976 61243 5932 954 1975 2912 2157 61263 13758 1975 21067 4286 61216
21248 464 5266 21288 61223 13053 5388 5608 241 22531 24011 61223 4256 5082 534 15720 4706 16550 1660 617 1299 388 38348 18603 61223 1151 12078 24948 14660 658 10249 16085 936 61216
2603 893 426 4933 61223 2032 16022 549 4747 1474 3832 9826 20823 620 61223 40633 60979 2249 4315 61232 2157 2912 6476 6144 4315 61232 2157 2912 61241 61223 60979 44045 4315 61232 2157 7251 6144 331 20335 1180 15725 61223 337 731 1180 4976 19952 2719 2249 42593 6395 7640 61223 17067 1732 20149 1985 6611 2121 43893 61240 61223 1732 41970 30633 2121 17824 382 27731 2030 61383 290 61223 337 1303 5082 61398 2108 954 20823 2190 61223 40633 1303 61333 42190 2249 9621 24576 17824 382 546 61238 464 25129 61223 414 6243 265 2470 61223 40633 1303 61333 42190 7629 414 6243 265 2470 61216
22880 1347 21142 459 6611 12403 1732 465 8667 61223 337 4260 6010 12078 195 1913 421 464 20149 61270 1689 414 41708 61423 61223 24335 1347 7635 2249 1347 7635 2097 61223 337 12078 195 1913 421 22644 61216
19350 600 1345 3206 61243 5608 36903 936 7046 4810 6611 61223 10150 12403 38217 936 549 32733 25678 370 936 4706 13695 61223 10150 12078 549 1732 48027 17051 61223 10150 12078 549 20564 25678 370 936 61223 4076 195 382 931 61223 6674 12644 6674 9485 21991 61563 382 22031 21991 61563 382 600 61272 61223 722 13690 4706 13695 61223 10150 12078 549 20564 25678 370 936 61223 2032 12078 549 34863 25678 12869 2548 241 44610 722 61303 2157 266 61216
3030 1338 11568 2470 3379 4260 4566 217 4747 5388 61349 4706 13695 61223 10150 5554 965 61333 61223 3746 1585 936 337 3746 1768 936 1732 440 250 4976 936 241 464 20149 61270 5358 61223 722 44054 1433 388 549 3385 2020 659 421 2121 21676 61223 10150 12078 549 20564 37606 61270 936 61223 10150 12078 549 3385 23573 2121 21676 61216
925 5272 10963 84 61249 61251 61249 16684 14660 549 5490 12926 45066 5608 46160 1345 3451 3306 61223 17067 20564 13053 5388 61349 61223 722 787 61580 61665 61223 54876 3206 61272 43564 1299 61223 34863 14660 549 61294 459 543 5748 922 722 14363 5168 922 61216
1008 4826 18378 61223 1433 388 337 20385 61535 61816 61574 61567 61223 414 41970 47195 1299 241 20385 32649 61574 61961 61574 61567 61223 1303 1450 61243 10915 1732 8667 61272 61223 10150 24403 11716 954 1433 315 61313 61223 722 13690 1433 315 61313 61223 4706 1557 19282 1881 337 4706 2146 965 1474 10238 61223 10150 24403 11716 954 1433 315 61407 5608 23453 2070 4706 18632 30633 1299 61216
201 61593 61627 61591 61665 61600 40644 61287 54876 3206 61268 8728 61223 2032 42629 7978 315 9750 61223 4076 4754 20726 4557 61216
52949 13695 61223 4706 13695 61223 10150 1347 7635 954 1151 9265 430 37225 61223 1151 61223 2032 29741 37038 45821 61223 4225 771 731 1180 4976 19952 363 33544 337 731 1180 4976 19952 363 33544 195 382 465 241 24011 30591 61216
22880 28457 1658 6611 241 1151 17847 61223 14954 1726 2825 61279 4225 26804 9750 61223 337 7978 7593 15720 241 22719 61383 2526 15503 61223 14954 12078 4225 13025 4880 1299 61216
941 3566 549 9201 61238 61223 8368 19041 967 61275 1557 4628 38602 61223 2032 4706 24537 16986 61238 4315 61232 2157 388 931 6427 296 543 3451 3306 61223 6427 996 37212 61228 57001 1732 13785 543 5130 1660 61223 8368 19041 967 61275 1557 4628 38602 61216
32268 1982 8294 658 39897 600 10377 3206 922 4315 23071 20607 14586 39897 600 13441 1482 922 241 30534 1985 61383 1331 61238 17847 27218 61310 3498 27218 45241 61216 2603 2058 53448 8294 2548 61223 2032 241 1557 459 6245 4240 11192 3332 265 20564 195 43893 42350 337 28618 23184 922 61223 722 13690 195 27218 22406 922 61223 722 13690 195 27218 22406 922 61216
682 2603 28382 58211 5608 1046 61627 61591 61665 61600 40644 44949 241 14615 11165 61223 50658 30633 1299 241 6243 315 6427 241 16610 20437 61223 549 28324 421 47472 24724 32667 250 8762 61223 17067 1303 61333 7593 6611 925 61569 61763 61567 61228 61593 61627 61591 40644 2526 241 26444 61240 61423 6010 543 29833 1180 382 61407 3498 2146 322 1331 61279 61223 993 1768 4976 936 1544 61796 61596 241 4562 11974 61310 3498 51570 817 3498 2146 948 47194 61216
925 1151 9265 430 37225 61223 195 22222 61223 2032 4754 195 1585 370 57298 61223 18979 6025 4286 1415 1180 382 936 61216
1008 21045 3832 4240 11192 3332 265 44584 37212 3346 948 936 337 13899 600 54158 24765 731 382 5073 61398 346 11790 931 34863 14825 5168 35892 414 18050 61223 2032 32808 5608 21292 5608 34863 1732 3418 363 290 4933 414 464 20149 61270 5358 61223 241 18050 50769 241 18050 61223 2032 12078 46581 3064 1732 3418 363 290 954 61216
11111 2070 9814 6812 1557 5082 3306 370 17556 241 1489 15550 57926 27943 61223 722 241 1489 15550 17414 549 13565 61216
1008 19602 322 500 57809 61238 42593 6395 3306 61223 464 9814 459 61272 19508 241 1046 61627 61591 61665 61600 40644 720 18862 5168 43323 8194 658 7272 1910 8273 3566 61223 464 9814 459 61272 19508 241 21634 290 61238 3379 61301 319 49207 61216 42593 6395 7640 61223 1814 30829 12869 658 1814 30829 15725 61275 21324 61309 337 19029 61309 319 49207 61216
1008 7751 1447 61275 44768 61223 549 12926 61243 2719 414 1151 61223 2032 993 1545 61423 45234 549 13565 19085 4976 342 61223 731 7682 24324 931 11411 6611 993 5592 26582 331 549 266 5073 12615 1557 36984 29449 61216
22880 1433 61252 24584 12442 931 61223 1814 11974 18979 195 5082 61423 2020 4933 61223 337 14954 12078 2468 421 1846 15720 61223 12078 8035 61263 1474 3306 370 15720 195 731 620 61223 337 12078 1347 25184 1913 15720 1557 549 61238 61216
1321 4571 61272 9826 43356 465 549 16684 25678 8665 1303 33994 965 28955 61223 50658 1910 61238 1299 241 21943 9814 4061 6427 1303 33994 965 28955 61223 50658 1910 440 1299 241 31070 459 61423 61223 337 3001 1347 6020 1947 9750 241 21943 9814 20607 13194 1276 8667 5358 61223 337 3001 56081 342 241 21943 9814 20607 13194 21943 42497 61216
1002 965 61644 61268 61268 52 3001 930 25375 620 61223 2526 549 24577 1545 10556 61223 4583 2032 3001 29741 7046 4810 2249 1328 21059 8433 61272 61223 10150 3385 61240 4460 954 12442 931 414 2831 2020 61223 10150 37516 659 4933 61223 2032 938 61407 9826 1726 2825 465 61223 722 1557 17414 549 543 290 22645 1347 25184 45416 20424 2831 2020 22278 61243 1689 993 13695 61223 13945 549 1347 25184 1913 7629 241 32074 4240 11192 3332 265 61223 13945 549 241 32074 4240 11192 3332 265 61223 337 2032 3927 549 241 17315 315 61223 2032 3927 549 16684 14660 61216
1034 342 2070 61238 44176 1303 4628 659 421 6427 1814 61294 843 5486 421 61223 2032 57809 61238 44176 61223 464 9814 459 61272 43564 1299 241 33921 195 52588 61243 14586 55827 922 61223 337 17067 20564 9207 3306 4706 7136 3052 459 296 10379 388 61223 464 1170 49097 61223 938 266 8620 61383 337 464 20149 61270 8194 10379 12591 61275 61223 464 9814 459 61272 19508 1299 6427 9207 12869 61216
1059 370 549 266 5073 8612 11411 6611 996 265 5074 45148 2410 382 265 23646 93 9164 61207 61314 769 38814 2121 38637 5690 4004 382 21768 61333 61223 722 39556 382 61238 38219 1331 61238 1557 421 1846 7629 241 31666 322 1975 61270 8273 61383 61223 241 31666 322 549 266 5073 5585 61223 722 13690 241 18050 50769 241 18050 61223 2032 12078 549 11411 6611 61216
1008 195 10439 363 61223 43893 61240 61223 21634 290 61333 61223 925 61569 61763 61567 61228 23419 61314 3598 241 13899 27274 45839 61223 414 13899 27274 54333 61477 778 61311 10963 61223 1347 36219 2249 26402 46259 28324 3832 5608 28324 20651 241 1489 15550 73 8787 3494 40644 93 35132 27710 110 241 22593 12591 38386 778 8335 93 61245 21 27710 110 61265 241 13899 27274 45839 778 61311 10963 61216
1667 61591 843 4004 195 22222 61223 2121 10812 61249 8980 60513 9360 2121 38637 118 9612 61332 14615 28738 61223 18632 4319 25449 19508 241 925 61627 61591 61665 61600 40644 14615 11165 61223 241 31666 322 33476 440 414 21880 4880 1299 61223 13565 4566 11983 342 61223 10150 731 363 3098 421 33963 2831 2020 29292 37212 12813 5748 337 1975 61270 37414 61223 464 50278 1689 12078 20564 731 1180 4976 19952 363 936 61216
7771 965 55993 4319 19845 18603 61223 50658 30633 1299 414 3385 1447 363 93 61535 61816 61265 549 21251 15720 549 61294 967 343 61407 14586 61339 4076 36525 7629 61223 414 24536 27868 2096 61228 18682 296 421 546 21768 27744 2146 534 7640 61223 1151 3001 2121 61228 1345 13695 61223 2032 731 38329 1474 600 1660 6427 549 21251 15720 731 1180 4976 19952 4758 19697 61513 414 464 9814 459 61272 1331 28774 45450 543 370 9044 61216
10140 1299 954 61240 8552 1982 6611 658 1732 61316 15725 61275 61223 60979 27800 61275 241 46516 61238 17847 241 5760 2470 5760 4975 3098 266 4061 61223 337 1732 8667 61272 19508 1299 241 30534 1985 61383 1331 61275 1303 554 6881 12615 61223 722 13690 216 16795 3069 10498 922 61216
10646 459 543 546 549 61263 1846 1660 3832 6144 10379 954 241 1170 49097 241 1002 465 1768 53112 1985 61241 33995 20639 4810 32794 13317 4256 5082 47100 61243 2450 1447 241 31666 322 13053 19822 29292 27731 731 45691 17960 464 1184 19822 1415 57809 61423 26863 241 32074 4240 50618 24694 1985 7629 61223 337 241 31666 322 13695 61223 2032 57809 61238 44176 241 32074 4240 50618 24694 1985 6611 61216
1667 45857 5592 61241 5608 21292 5608 61223 13053 5388 5608 4706 801 10276 61256 93 2898 61332 9360 1557 43214 9025 24207 1299 241 33401 801 10276 61256 93 2898 61332 9360 20564 993 2099 10025 14255 2150 6476 14586 93 61263 61275 61216
7513 465 24724 1583 426 5074 7640 2121 61228 1345 1557 43214 8273 61383 61223 3385 1447 8762 931 337 4260 41708 61223 24335 12078 464 42348 421 61223 4583 4076 3927 1732 3418 363 290 2249 60103 331 18050 61223 24335 12078 3346 659 421 61216
1008 1002 61243 322 465 61228 62649 4090 61279 61223 14213 42593 6395 3306 1326 1750 8991 15000 17137 5082 33725 290 195 265 1985 6611 414 464 1689 61303 414 8246 421 23645 61223 12078 1347 11716 421 463 319 49207 61216 7163 61268 61216 41752 61216
2127 54876 3206 61268 8728 61223 2032 38814 2121 26863 61223 11411 61272 19508 1299 414 1002 465 1768 2058 61223 549 19041 61313 421 3064 61223 549 12926 61243 2719 414 1151 61223 2032 549 19041 3098 61243 464 2157 4286 10055 13695 61223 10150 241 43434 954 10055 13695 61223 2032 241 21880 4880 1299 414 41708 61423 61223 337 2032 241 1002 465 1768 2058 61223 38814 2121 26863 61223 17067 20564 38219 19508 26863 61223 33462 61333 3064 12078 549 731 42189 1985 6611 54608 34688 18467 61513 61216
47226 2070 61238 8479 2599 61238 20564 658 363 2070 33773 23224 936 241 830 9325 363 61223 2526 3001 549 4583 61216
23718 2157 52 3001 2526 27274 21059 22212 1303 57247 6245 8612 61223 241 6152 12683 3927 29715 61216
1667 61596 61232 620 342 27274 3069 11492 61223 58889 2600 7057 993 2099 10025 37110 61223 11411 24207 1299 241 55126 4004 1557 1336 41734 27943 61223 337 3385 61263 1331 5786 27943 6427 24576 61223 1303 1947 12869 2548 3385 61263 1331 61223 1557 734 13520 27943 1557 3495 7593 15720 337 464 5266 343 421 10915 1557 1676 47625 27943 93 217 47962 61223 682 61715 2351 61265 241 29292 9319 11192 3332 265 61223 722 14363 5168 61223 722 13690 464 195 25375 315 9044 195 1676 47625 27943 93 217 47962 61223 682 61715 2351 647
1696 12926 61243 2719 414 1151 61223 2032 38680 61223 195 1975 61270 8273 3566 1975 61270 8273 3566 61223 549 12926 61243 2719 414 1151 61223 2032 38680 61223 16026 459 7927 922 195 1975 61270 8273 3566 61223 21251 15720 24577 2410 543 61316 14586 61223 4076 337 241 260 421 3832 4240 23718 3332 61223 241 24576 17824 382 13367 1507 4004 337 61223 241 48879 61223 34863 54609 26911 12813 5748 61223 17067 34863 24403 61243 18946 33026 1975 4903 9319 4319 15725 61275 414 61202 35230 5358 61216
2438 50278 1689 61223 14213 37038 45821 12100 26863 337 549 21073 893 554 3498 26863 61223 1151 61223 4076 40305 7629 13899 26217 60462 61223 1151 61223 2032 13899 26217 60462 29715 24576 1814 5168 2662 3832 4240 61223 18979 35063 554 9826 55827 61223 337 2032 12078 21251 15720 24576 1814 61240 2190 1910 9077 14586 61223 18979 925 61569 61763 61567 337 1034 61816 61763 61567 61223 29715 24576 17824 382 29188 1814 61240 2190 1910 39437 61216
1008 39519 195 996 421 546 21768 10624 922 28324 23184 922 61223 241 45839 7638 10963 241 41143 42733 21059 342 22031 21059 342 28676 61223 993 34215 5748 61238 414 318 30423 1913 61423 19845 18603 993 34215 948 440 993 3052 459 61223 241 1151 17847 4076 996 25404 61268 771 5168 1347 36219 2249 4920 61325 319 49207 61216 7163 61268 61216 7163 61268 61216 41752 93 61272 6773 45153 769 28338 25270 3566 54499 1474 43523 414 14719 27407 241 45153 61216
7189 61228 9752 22031 61223 12403 21292 5608 21251 15720 13899 600 54158 965 14586 61223 337 195 1151 9265 430 37225 1347 195 34109 8612 61223 195 9283 922 25698 13565 3064 331 4747 546 922 4933 195 8035 32344 922 61223 195 22222 10150 20447 22814 21357 2190 61513 60103 61223 6152 51425 7046 4810 2249 13053 22814 2468 2912 266 26712 337 13053 19822 61223 241 33921 195 16898 33856 61223 195 9283 922 25698 13565 13053 5388 61349 16898 33856 61223 195 27917 19106 20069 48398 4240 40850 61223 12403 5760 37759 3306 34863 14660 1303 50565 421 2912 370 936 241 33921 195 27917 19106 33476 440 12078 34863 14660 19085 4976 936 241 33921 61216
6387 31428 1846 7629 61223 2032 1732 11568 2014 12570 61238 464 25129 61223 31002 47100 3306 61275 414 21796 9077 4240 40850 10001 22621 1681 61223 549 12926 61243 2719 414 1151 61223 2032 2468 10791 2097 2349 61580 61567 337 346 426 2912 22031 1928 771 843 13025 1732 893 421 296 549 266 61263 1331 9044 40850 61223 549 11411 42504 19085 19676 5608 414 1034 61665 61665 337 36984 37424 6812 61423 61223 11411 16284 32808 13758 34227 61238 50083 1303 2157 266 1303 2157 266 4061 337 549 817 659 3832 3251 2468 13106 30063 61272 61223 464 20115 12869 2548 241 7421 61275 44768 61223 241 18050 50769 241 33921 195 22222 61223 2032 12078 549 11411 421 34227 61238 50083 61223 2032 12078 549 21251 15720 241 33921 195 549 61294 459 1474 3832 9077 14586 2468 13106 19282 1881 922 61216
925 4751 9077 6144 731 382 5073 61398 20385 61535 61816 61567 56499 464 4225 2825 61263 1532 61279 1658 61223 2831 17233 30423 14740 61223 2831 17233 30423 14740 61223 29292 27731 39556 382 440 30423 1913 337 44584 27731 30423 1913 337 44584 27731 30423 1913 16055 61470 61665 61567 61816 61567 61600 195 734 993 318 61468 195 27218 12625 3385 61263 54439 30423 1913 16055 61470 61665 61567 61816 61567 61816 61600 195 500 993 836 61468 20447 1474 18551 6674 12644 42593 6395 7640 61223 414 41970 30633 1299 241 5760 32423 4004 73 8787 3494 40644 27218 61310 3498 42593 6395 7640 61223 241 41143 33476 440 3385 40670 6611 241 925 61627 61591 61665 61600 1804 2906
1008 843 4004 195 22222 61223 2032 1470 42918 61644 42918 61241 6144 4315 61232 61313 13473 61223 3385 17177 6395 6144 241 1661 35589 4460 4975 5358 1470 42918 61241 8433 217 61223 40305 2249 60760 1814 3996 1982 1910 61238 22644 61223 241 1151 17847 4076 414 1151 17847 61223 2032 3927 19041 46611 1303 23381 296 543 39052 18467 61513 4315 61232 2157 2912 2020 61223 1151 16665 22644 61223 24335 464 18972 30975 93 61596 61265 337 93 61567 61265 52 3001 22644 61223 24335 1303 2157 459 6611 938 12798 931 93 61239 647
1696 12926 61243 2719 414 1151 61223 2032 57809 61238 44053 543 2070 61240 337 996 61241 2470 1482 3306 549 11411 6611 34227 61238 50083 61223 3385 290 21288 58680 5273 19344 931 2121 58271 250 20437 61223 49749 61238 2121 24537 241 32074 4240 11192 3332 265 464 2157 421 241 32074 4240 11192 3332 265 61216
14842 20301 3306 61238 44949 61232 3238 24948 14660 4566 217 4747 5388 61349 4706 1046 61627 61591 61665 61600 40644 337 4706 1046 61627 61591 61665 61600 40644 337 4706 73 8787 3494 40644 337 4706 73 8787 3494 1804 2906
925 61569 61763 61567 2349 42419 61535 61627 61535 61627 61591 61665 61921 63153 61567 61665 1544 1059 61627 61929 61816 61535 61627 61796 61627 61796 61627 61796 61627 61796 61627 61796 61627 61796 61627 61796 61627 61796 61627 61796 61627 61591 61816 61535 61627 61796 61627 61796 61627 61796 61627 61591 61816 61535 61627 61796 61627 61796 61627 61796 61627 61796 61627 61591 61816 61535 61627 61796 61627 61796 61627 61796 61627 61591 61569 61535 61627 61796 61627 61796 61627 61591 61569 61535 61627 61796 61627 61591 61569 61535 61627 61796 61627 61591 61569 61535 61627 61796 61627 61591 61569 61535 61627 61796 61627 61591 61569 61535 61627 61591 61569 61535 61627 61796 61627 61591 61569 61535 61627 61796 61627 61591 61569 61535 61627 61796 61627 61591 61569 61535 61627 61796 61627 61591 61569 61535 61627 61591 61569 61535 61627 61796 61627 61591 61569 61535 61627 61591 61569 61535 61627
939 2719 948 4286 241 830 26073 315 30423 1913 61216
1008 41143 6648 52158 5748 464 61235 61541 2719 7629 61223 2032 3385 61263 43564 1545 3238 195 1151 9265 430 37225 61223 17067 3385 40670 6611 2121 26863 61223 17067 3385 459 6611 61223 549 24576 18979 241 22531 24011 61223 3385 40670 6611 241 22531 195 10439 363 61216
21248 3001 16684 14660 24140 61223 42593 6395 3306 414 27431 53574 30423 1913 61423 61223 241 1151 17847 241 1151 17847 61223 2032 549 11411 6611 7136 843 32113 24576 1328 22278 61243 61223 4706 42593 6395 7640 39556 382 440 30423 1913 61223 549 29783 14660 13053 5388 61349 38219 1331 4088 22278 61243 61216
1667 61816 5141 241 31666 322 46879 931 5554 965 61333 61223 16741 13671 18632 30633 1299 337 9621 43893 61240 549 34863 45450 388 4933 241 1303 33994 965 12615 61223 722 1557 1303 33994 965 9077 4240 4108 24756 931 93 3332 24756 931 61265 549 5490 554 61333 3306 61238 5554 965 61333 61223 1303 1947 534 6611 241 722 52454 26595 24198 61423 39556 382 440 13095 6498 61383 10702 9319 9077 8612 61228 61263 6834 61316 1180 382 5388 61349 61216
1008 993 17315 21905 195 331 1947 459 1881 922 61223 331 1846 23224 33544 61223 6427 331 1947 459 39932 61275 6674 12644 61275 61223 11411 7927 922 45331 600 343 922 1046 61627 61591 61665 61600 40644 51695 61223 11411 7927 922 1975 61270 37414 337 6243 459 1881 922 61223 549 843 61270 6245 342 1732 8737 9750 2468 5486 4933 195 331 1947 459 370 7927 922 337 331 1947 459 7927 922 61216
1008 46516 61238 17847 61223 17067 21251 15720 4256 13106 19282 33544 4706 16748 30643 4061 61223 2146 4463 3306 1470 42918 61241 3498 36903 13025 32733 1732 3418 363 290 936 241 5760 4975 6395 10127 53574 1303 2548 2058 61223 241 6152 12683 25698 13565 3064 658 5490 34380 61216
2603 1474 3832 23646 24403 36219 6611 24576 17824 382 546 61238 731 382 5073 61398 61223 60979 61333 331 51536 931 61223 52463 3498 195 2450 50807 459 33856 28265 5168 61223 241 18050 50769 241 18050 61223 2032 27218 36886 61223 4076 27218 36886 61223 4256 5082 534 6611 2312 61316 337 549 817 659 948 61238 61223 34863 14660 19085 4976 936 61223 241 39519 195 22222 61223 2032 12078 4256 5082 534 6611 6025 5266 61223 722 13690 1732 3418 363 290 6611 6025 5266 61216
3030 7421 61275 25002 543 3385 61333 16647 296 296 543 11713 4061 6427 241 930 14097 4061 13565 241 7751 10377 61423 48061 549 1447 965 6498 61238 2840 2097 61223 2032 787 62188 61816 19212 1975 21067 4286 61223 1661 771 4286 61223 24670 620 37110 388 465 337 549 1447 965 6498 61238 2840 2097 61216
2438 50278 1689 8368 24047 39183 61275 61223 10150 195 217 61310 26804 954 731 382 5073 61398 6674 2099 440 6674 2099 440 337 1470 42918 61644 21315 30584 337 1470 546 21768 30584 13913 1447 29392 61223 8368 53716 24047 39183 954 4706 13695 61223 10150 195 217 61310 26804 954 414 58271 27600 61232 53574 53366 61223 16898 20607 5608 337 1433 1533 7524 5608 44949 61232 3238 61216
925 7751 8853 922 61223 16026 459 7927 922 73 8787 3494 40644 1046 61535 61593 61223 11411 7927 922 4652 61398 1331 6674 12644 26863 61223 11411 6611 24140 4286 51911 38837 337 731 1180 4976 19952 37225 61223 21251 15720 296 31493 14586 337 24576 17824 382 931 922 337 6010 554 9319 10428 1533 266 6812 922 61223 17067 21251 15720 241 3069 19282 5135 61216
52949 549 50278 24724 26863 61223 241 1151 17847 4076 4260 44176 4225 421 3385 61263 1331 61294 1533 7282 8620 936 61223 44584 546 61238 24222 37356 61223 29552 12926 45066 5608 241 20385 32649 61574 61665 61223 4818 17356 61423 61223 1544 290 421 61240 61223 53791 620 6208 61223 38746 4061 61223 21634 290 61333 61223 21634 290 61333 61223 1544 266 315 337 1002 2651 421 61240 61223 51747 9750 241 20385 32649 61567 61223 53791 620 6208 61223 38746 4061 61223 38746 4061 61223 21634 290 6208 337 1544 61252 7481 55585 61216
7391 61243 8035 10791 3832 52 3001 1151 61223 2032 8368 11411 3566 35213 19697 13053 22814 938 37388 61223 669 61223 337 22719 440 26612 61223 241 18050 61223 2032 1276 35664 2020 61268 10552 414 42914 546 4286 61223 414 6152 12683 1276 35664 2020 61268 61216
35753 659 61223 414 41970 47195 1299 241 464 9814 459 61272 1331 61275 464 11983 6208 337 241 41865 6208 61223 464 9814 459 61272 19508 1299 241 1545 1479 61223 337 993 17315 1913 61333 8031 61252 954 61223 4256 5082 7977 61349 296 56902 20149 8194 56785 554 33709 61216
1696 12926 61243 2719 414 1151 61223 2032 241 13095 265 2470 549 21251 15720 2410 543 61316 14586 337 2034 1184 1658 922 61223 3001 2030 5748 922 61223 925 61569 61763 61567 61223 1034 61816 61763 61567 337 54105 12813 5748 414 21880 4880 1299 1557 464 6783 61398 43893 61240 61223 195 9283 922 4225 21288 370 15720 61216
1321 7456 2121 34432 4305 61423 45331 600 20182 34863 37242 954 722 948 50396 61513 241 22120 382 53644 843 543 93 315 2150 5082 15186 342 61265 337 241 18050 61223 2032 12078 549 34863 14660 3385 19474 936 61216
7771 965 55993 4319 35393 28324 3832 18603 21251 15720 26402 61355 14586 241 38109 5358 61282 1303 4975 32620 29699 5608 241 11524 9728 61228 61763 61240 61252 5358 1303 4975 32620 29699 5608 21292 5608 241 778 61332 27256 61223 1347 11716 61272 1331 61238 1299 58889 722 52454 26595 4023 12869 11307 61223 1347 11716 61268 13272 61249 49060 7640 61223 722 464 4260 2190 2301 2157 61275 45450 543 10825 14893 61270 4663 241 38109 5358 93 5490 1474 61238 54499 15550 296 8762 61398 51570 817 61223 41865 61272 19508 1299 14893 61270 4663 922 61265 241 37279 27256 61223 1347 11716 771 13272 61325 49060 290 61216
11111 2070 9814 6812 61223 56081 61241 5608 241 19602 322 644 9621 19602 290 61223 13565 51273 1331 342 61223 10150 241 8737 954 241 39519 195 216 4705 60325 644 31475 61240 463 3161 4583 4076 12078 20564 195 617 7481 61349 337 195 617 7481 5608 14149 8372 6427 241 43434 954 241 5760 4092 61279 19120 93 61263 61275 61216
3030 47962 61223 57809 61238 464 967 343 1881 549 34863 7136 893 61316 388 2121 21634 290 61333 241 38109 1689 93 34199 15212 61223 2032 38348 5585 21251 15720 464 61228 7272 61407 315 2190 61223 337 16684 14660 241 58618 1660 414 30781 5486 659 61265 337 61223 24140 61223 464 61228 7272 61407 315 2190 61223 464 61228 7272 61407 315 2190 61216
1008 73 8787 3494 40644 54876 3206 421 8728 61223 12613 61247 337 140 50556 61260 140 11701 241 830 9325 49097 61223 241 18050 50769 241 18050 61223 2032 241 31666 322 3385 18237 29392 1489 343 73 8787 3494 40644 1557 266 1768 3306 370 15720 61223 241 1151 17847 4076 28338 1303 61313 19138 61263 4225 771 3064 15237 61407 8194 4706 13695 61223 10150 3385 18237 290 954 296 12869 39184 19120 61216
2603 1846 1660 61238 787 19106 61228 61671 4090 217 817 61232 61263 93 61245 8787 3494 1804 8335 61282 26524 35791 47 3947 43817 377 209 18966 64 41564 14895 64 9663 12225 18259 93 61245 8787 3494 1804 8335
1321 7272 617 6245 14401 830 965 4031 3052 31042 61383 4319 61223 36381 1538 45810 61238 7866 290 2097 61223 1303 33994 965 28955 61223 731 61541 1750 61310 14401 1975 61270 4319 337 731 61541 1750 61310 4319 43893 33709 61223 24403 61243 18946 5486 18492 61238 1299 4706 549 2150 5082 15186 342 20622 15805 47983 61223 464 50278 1689 12813 5748 549 11411 6611 1975 61270 3498 41268 337 9621 43893 61383 241 31666 322 46879 931 37606 61270 3251 3346 31042 61383 5585 61223 18632 30633 1299 337 5554 421 61541 3498 993 54147 61223 17067 20564 22953 45810 658 10025 14255 2150 6476 14586 61223 241 41143 20823 61275 464 20447 1127 6208 1303 1947 10825 61223 44949 61241 13290 45486 337 9621 993 421 337 24140 28676 4706 9621 45486 61216
2127 11411 61513 241 2034 1982 61223 2032 414 22531 46373 2747 4240 195 2470 217 61223 4514 421 9191 1881 11411 6611 17516 24589 2825 4514 421 9191 1881 61223 10150 24589 33026 4514 217 2020 61216
941 3566 549 9201 61238 61223 1034 61627 34832 61223 38814 546 241 1072 25095 48359 6773 10963 61223 51371 15558 4319 21796 9077 8612 337 38837 61162 659 343 61223 2032 3927 7136 342 1450 61243 1557 26612 296 15704 1689 61223 722 13690 241 18050 61223 2032 3927 549 19041 46611 61216
1321 7635 2912 51553 337 61313 2599 61223 4076 29291 250 4225 26804 9750 414 8113 3098 12193 925 2695 61252 3451 12625 21634 2651 1658 922 337 787 19106 61228 61627 58009 5074 3142 61275 15751 421 12052 4663 922 61223 4076 337 4260 61223 4076 3069 266 1768 3306 370 15720 337 61313 2599 90 15682 337 61313 2599 61216
1008 195 10439 363 26176 10963 2575 44462 45148 4023 21561 9325 2599 25678 12869 2548 4706 3385 18237 29392 21059 4092 21449 20823 61275 61223 17067 20564 25678 370 936 4706 3385 600 459 414 546 16085 1881 21059 4092 21449 20823 61275 61223 17067 20564 25678 370 936 241 45839 26176 10963 61216
1008 644 61228 61275 39352 6208 1008 61216 61569 4025 18632 30633 1299 1415 61279 36543 37970 61223 17067 1303 1947 58680 23963 5554 421 61541 3498 993 54147 61223 731 1180 4976 19952 2719 7629 61223 2032 38027 46879 465 1347 11716 343 241 3069 843 363 45968 7163 61268 61216 7163 61268 61216
1696 3418 8737 948 61223 12403 44949 61232 3238 241 57535 61275 51226 5109 1732 893 59401 296 2526 43644 30783 2099 61275 925 61535 61627 61596 61816 61600 925 61574 61223 2032 50332 2249 24403 36219 954 32808 13758 60103 93 61596 61232 965 39053 659 61232 61228 1180 1768 19997 15970 93 1180 1768 19997 118 647
3030 47962 61223 2831 17233 2121 331 554 2599 61423 1583 61241 337 4023 21561 61279 11157 29715 4023 21561 3451 12625 1470 42918 61241 4240 4023 21561 3451 3306 61216 3030 47962 61223 4023 51578 29699 9826 1583 217 337 26504 6812 140 8131 52 996 45690 61228 250 140 8131 11088 843 266 1345 24403 36219 2249 20069 48398 13758 993 2099 13097 23997 61513 993 2099 10025 4319 4706 1732 3418 363 322 1881 61223 195 22222 10150 1732 3418 363 290 954 549 61294 1533 7282 8620 2097 61216
1008 993 17315 21905 296 296 12486 17956 61275 61223 17067 7046 4810 15720 4706 7136 843 32113 241 1046 421 546 620 61223 414 1474 4628 61241 5608 4706 13899 600 54158 17607 31122 459 7136 843 32113 296 1046 421 546 343 620 61223 24948 14660 993 1768 4976 936 414 2526 52057 61423 61223 17067 549 20564 57706 4976 936 2121 17414 8028 17607 6674 9485 93 217 61303 11576 61243 61223 331 426 690 388 8762 465 61223 195 382 465 993 2099 10025 5585 61265 337 36984 993 1768 4976 5836 195 382 931 260 421 3832 3251 6427 2354 967 993 5592 3832 3251 1557 34109 8612 61223 50658 30633 1299 2354 967 61216
2438 50278 1689 52864 4319 337 56807 21905 73 8787 3494 40644 13317 23054 61241 414 53082 23054 1881 5760 1689 4758 250 8762 931 61223 996 37212 61228 57001 993 5592 3832 18603 464 731 1180 4976 19952 363 9044 5760 4092 61279 1085 19249 36803 29715 7046 954 5935 993 5592 27585 61275 61216
1008 21634 290 61238 20564 658 7272 33249 5608 5273 19344 931 61223 17067 20564 658 7272 33249 61349 241 21634 290 61238 61223 722 5554 20651 1928 61270 13290 58271 250 20437 20564 658 7272 33249 61349 61223 10150 38680 61223 241 48879 61223 3069 5082 534 421 8396 241 9621 21676 61423 61223 337 3385 18614 2121 9621 722 61644 382 1533 266 7640 61223 10150 3385 7635 4933 414 7421 61275 29409 61216
1034 61816 61763 61567 61228 61593 61235 61591 1257 10700 11492 342 241 18050 61223 2032 241 1433 61243 11165 26612 19212 1257 10700 11492 217 61223 241 1151 17847 4076 2312 7203 290 241 2526 22808 61216
1008 54608 34688 13290 4023 322 4460 4061 61223 27262 4758 5608 241 1046 61627 61591 61665 61600 40644 4023 61563 266 21561 43563 363 61223 20564 27262 363 936 241 1489 15550 2683 6025 15731 61223 195 17786 45234 61223 14954 20564 27262 363 936 241 1489 15550 2683 6025 15731 61216
1667 61591 843 4004 195 1303 12926 45066 4240 16898 33856 464 12813 36083 337 9131 13928 8273 33709 61223 19085 19676 4240 414 6594 61245 61223 1347 11716 343 48061 1072 2335 13738 61301 7163 61268 61216 7163 61268 61216 41752 61223 1347 11716 343 801 1442 61256 93 2898 61332 49060 7640 647
1696 12926 61243 2719 414 1151 61223 2032 6243 459 6611 414 29449 61223 17067 414 23573 61223 337 549 2840 3566 61223 2032 41540 61263 382 46259 1931 620 2070 61223 2526 2032 61228 250 61223 2032 61228 250 61223 2526 414 17786 61223 20893 27754 61268 61223 3385 21952 45154 617 954 61223 2032 2030 1447 61228 250 241 18517 2097 61216
941 3566 549 9201 61238 61223 4706 25678 10825 48159 44060 61383 1002 465 1768 1585 61240 61223 4076 731 382 5073 61398 17414 996 25404 343 61223 549 9201 61238 731 45691 2662 2249 6427 731 1180 4976 19952 45242 2312 61238 9814 4061 61223 4076 731 45691 17840 27396 61383 16898 20607 3251 830 20437 61223 8368 549 21251 3566 1299 241 46516 61238 17847 61223 2032 241 46516 61238 17847 549 965 31042 1732 4976 19952 2719 4933 195 22222 61223 2032 241 46516 61238 17847 61223 2032 731 45691 17840 16898 20607 3251 830 2912 217 61216
7771 965 6498 61238 549 4747 1474 3832 3251 1557 43214 37414 1303 61313 19138 61263 61228 5490 52158 5748 1667 61763 61238 421 61263 61228 61596 61232 922 543 14323 61680 93 61763 61574 62188 61265 3385 40670 2249 414 33185 9501 4880 28955 241 33921 195 1814 39210 1881 922 61216
1321 19693 24621 967 3238 61238 38348 5585 331 426 690 388 382 12869 2548 414 464 9814 459 61272 19508 241 30534 1985 61383 1331 61275 722 465 1768 1768 1768 61423 61223 2526 9621 6674 12644 61223 4076 337 342 6929 993 40670 6611 61223 549 12926 61243 2719 414 1151 61223 2032 12078 1732 8737 421 296 38348 5585 61275 61223 17067 1732 4305 58680 241 1489 15550 47394 993 47394 61216
201 61574 2695 61349 61238 59508 36886 241 55126 4004 1347 36219 6611 2831 2020 7046 954 61513 93 2335 61325 12285 61223 54723 61325 46607 14213 12078 20564 61223 38814 2121 24537 20564 1975 61270 37414 337 1975 4903 9319 5585 6427 41865 2097 731 1180 4976 19952 37225 61223 722 13690 464 25129 61275 61223 17067 549 11411 421 61216
3030 2108 996 217 3238 93 217 47962 61223 938 771 3306 61265 241 46516 61238 17847 414 21880 4880 1299 61223 337 16684 14660 34398 61316 8194 4706 13695 61223 10150 731 363 3098 421 33963 414 17786 16026 554 11165 61223 241 38637 37038 9025 6611 12100 1474 4628 61241 5608 12813 5748 61223 337 34863 14660 34398 61316 14586 4706 13695 61223 10150 731 363 3098 421 33963 9621 31701 4319 61216
1008 20385 32649 61574 61665 61600 37643 830 9325 363 25698 13053 22814 5690 56670 32620 546 21768 1127 18467 61513 1814 61240 2190 1910 4319 61223 18979 296 771 382 546 620 2912 61241 61223 722 549 24576 61216
1667 61567 4207 61349 61238 54333 23646 10055 1982 6611 61223 10150 42593 6395 3306 28246 843 965 1658 7978 12869 2548 21676 337 1732 893 421 296 5065 14265 996 18958 459 2825 1184 61223 10055 1982 61333 2548 39897 26218 5585 2121 787 19106 1768 1667 61665 61316 2058 965 38665 27885 19997 337 658 7272 5486 2249 8396 1557 5592 954 337 658 7272 5486 954 1863 1732 8667 61272 1557 5592 954 61223 2032 2121 61228 1345 46879 931 19222 9776 61241 13290 19222 922 61240 936 61223 8368 19041 967 61275 28621 954 996 37212 61228 250 382 546 61238 1814 39210 1881 61223 2032 12078 549 464 30976 421 61223 2032 12078 549 658 7272 9043 5486 6611 337 658 7272 33249 61349 11900
22880 195 1913 421 2121 9141 414 19110 2020 61223 28457 1658 6611 61223 337 195 8500 6611 12442 931 2121 17786 12442 61279 61223 337 12078 195 8500 6611 61216
1544 2099 17956 1347 20634 3451 8612 93 61232 61300 61240 421 4776 1557 421 1846 7629 93 61232 61300 61240 421 4776 669 61223 731 382 5073 61398 36525 7629 241 18050 61223 2032 61282
1008 33921 195 52727 25253 922 337 464 38110 13562 38348 18603 61223 3385 21952 464 1689 2157 954 6427 9131 18946 5486 4933 61223 16684 14660 24576 15237 61407 8194 61223 18979 464 1689 2157 954 61223 722 13690 241 18050 61223 2032 3385 549 4225 21288 370 12850 2548 241 1489 15550 61216
4326 388 1470 543 3451 3306 1470 543 3451 7640 3750 61310 5109 342 922 39337 140 8131 1153 24912 34863 14660 56807 315 936 296 993 17315 315 9044 61223 241 31666 322 33476 440 1732 8737 9750 319 61763 61535 61567 61216
1008 39519 195 1686 25095 48359 10142 10963 27885 19997 16757 26863 1303 1947 18551 6427 24047 250 4976 342 296 658 18972 388 61513 61223 337 2121 35393 10563 26863 1732 13785 543 58188 4260 5554 421 1910 61238 61223 11411 24207 1299 241 49749 61423 24198 61423 61223 414 41970 3206 922 1299 241 49749 61423 24198 61423 61223 414 41970 30633 1299 241 1557 617 21449 24198 61423 61216
1008 5760 2470 5760 2470 61303 4061 61223 1303 2157 61272 43564 1299 414 1470 42918 61241 4240 11192 3332 265 140 50556 61260 140 11701 61223 414 41970 47195 1299 414 1470 42918 61241 4240 11192 3332 265 61223 25002 421 1303 61333 7593 954 2146 322 18324 1689 337 28677 19941 19120 45331 61303 250 8762 116 13192 61229 61216
925 28780 26712 52 3001 1276 4571 61216
1008 61228 7282 954 61240 61423 61223 241 22531 24011 241 31666 322 12100 1474 4628 61241 4240 1470 948 16441 18401 7421 10791 26582 241 22531 24011 61223 3001 16684 14660 331 426 690 388 23224 217 414 1489 61223 2032 4754 337 24576 56902 20149 5608 60971 61223 337 61223 14954 7682 43356 465 19212 24577 331 1846 23224 217 61223 16684 14660 2468 217 1184 967 217 16372 23748 61223 241 18050 50769 241 18050 44768 61223 2032 241 18024 195 10439 363 61223 2032 3001 16684 14660 331 1947 459 217 61216
1696 12926 61243 2719 414 1151 61223 2032 241 49749 61423 37424 6812 61423 3927 549 19041 46611 28621 954 61223 2032 12078 464 2157 459 6611 61223 1151 3001 2121 61228 1345 13695 61223 2032 12078 21251 15720 337 44167 1913 6611 1975 2912 2157 61263 5608 3750 3996 61216
1667 61921 61238 554 61333 1881 11900 6367 620 250 382 342 61263 118 93 61671 61235 2014 342 61228 61593 61235 382 342 61263 61223 20578 13577 46724 1321 61252 948 217 817 61263 1321 61567 8980 769 20578 13577 61355 9826 2871 61593 61810 2939 1034 1750 426 5074 2871 382 217 817 965 61263 61223 925 322 382 543 61263 2526 61355 9826 1433 363 370 2871 61593 61810 61309 338 11524 620 250 61263 2526 61355 9826 2526 61355 9826 260 363 61272 1913 2871 61593 61810 61311 61223 195 13095 6498 61383 45331 600 18378 1303 554 6881 4663 93 61239 19832 61228 23419 61314 61223 58 19832 61228 23419 61314 3598 769 2575 44462 33995 2526 61355 9826 2526 22808 93 61239 19832 61228 23419 61314 3598 769 1338 7481 9826 2526 61355 9826 2526 22808 337 2871 61593 61810 61223 1347 18033 554 6144 1347 20634 3451 6144 61223 1347 18033 554 6144 1347 18033 554 6144 1347 6539 6144 1667 61567 61580 61627 61627 1667 61567 61593 61810 61680 769 1347 61316 893 6395 6144 1347 18033 554 6144 1347 18033 554 6144 1347 6539 6144 1347 6539 61223 1347 20634 3451 6144 1347 20634 3451 6144 1667 61567 61580 61627 1667 61567 61580 61627 61680 93 61239 19832 61228 17176 61314 61228 17176 61314 3598 769 1347 18033 554 6144 1347 18033 554 6144 1347 18033 554 6144 1470 543 3451 6144 331 426 5074 61243 61680 93 61239 19832 61228 61593 61627 61627 61591 3598 647
925 26073 35393 13899 22031 2312 2470 61303 250 8762 61223 17067 20564 13053 5388 61349 241 45473 13053 19822 731 61541 1750 61310 4240 40850 61223 17067 20564 17156 4976 936 241 1002 2014 4685 37643 337 7364 56532 1450 61240 61223 20564 24324 936 337 549 21073 893 554 5608 993 17315 17945 61223 17067 20564 13053 5388 61349 241 33921 195 7046 954 5935 731 1180 4976 19952 363 33544 61223 20564 1347 9043 33249 61349 61223 4076 337 241 1347 9043 1910 6208 722 465 617 922 61216
20385 61535 61816 61567 61816 62005 241 28338 39157 27754 61243 38701 61238 241 1489 15550 880 32667 250 8762 61228 61240 2190 1910 18603 61282
1544 549 12926 61243 2719 414 1151 61223 2032 731 24537 16665 35383 5748 61238 2840 19822 61223 1151 61223 2032 2301 15345 45331 600 3238 61223 195 731 382 5073 61398 922 61223 1347 61272 2157 459 7927 922 1299 61216
939 2719 5748 61238 722 965 6783 217 6647 5608 33921 195 9131 948 61407 14586 6427 658 893 4758 14586 55827 922 61216
1008 33921 195 5760 37759 60510 61223 50658 3206 922 1299 241 37924 58189 140 50556 61260 140 11701 61223 241 31666 322 13053 19822 24576 42033 3251 16898 20607 3251 2468 45717 10825 61223 464 50278 1689 4225 2825 61263 16684 14660 10379 29834 13053 19822 24140 1660 61223 4076 25698 13565 13053 22814 24140 4286 1732 4976 22808 29449 61223 464 14423 27800 61275 296 13803 61275 73 8787 3494 40644 241 33401 73 8787 3494 61228 2906
1008 843 4004 195 22222 4260 41708 241 4514 421 9191 6208 34863 20447 22814 1257 5073 4319 1470 42918 61644 50032 61240 241 45473 24589 3306 4023 61563 266 21561 43563 2599 337 24589 3306 45618 8762 50461 61223 337 4260 996 421 546 21768 39337 26890 13082 421 61223 17067 3385 21880 4880 2121 1470 11095 8054 1127 18467 61513 4315 61232 2157 2912 2020 61223 17067 3385 40670 6611 2121 1470 42918 61241 5608 337 1470 50032 61240 61223 17067 34863 20447 22814 195 1768 7481 1450 29699 13758 1928 7481 1450 61513 61216
6264 61263 2108 4758 6144 996 25404 61268 549 16684 14660 25678 6476 195 318 14615 28738 61223 195 9283 922 1732 3418 363 290 7629 2526 27274 938 61644 61563 4975 61279 61223 722 549 16684 14660 25678 6476 3498 722 965 6783 217 6647 3498 37924 7640 61216
35382 1046 61627 61591 61665 61600 40644 4023 12869 11307 61223 7563 1985 24207 195 296 31493 8194 1975 61270 8273 3566 337 1975 61270 8273 3832 14586 1975 61270 37414 922 61223 21251 15720 1814 61303 4880 8273 3832 14586 337 1814 61235 1180 543 370 27800 922 1545 965 14586 1545 343 922 241 45450 543 370 6208 6427 61223 4076 45450 543 2097 14893 61270 4663 337 296 8762 19106 61223 296 8762 61398 61223 296 8762 61398 61223 296 8762 61398 61223 45450 543 2097 61223 2410 543 61316 8346 5608 45450 543 10825 337 45450 543 10825 61223 17067 11411 6611 2410 543 61316 8346 19697 337 45450 543 61316 9118 61216
1321 2058 2034 3996 4514 61241 1532 61252 61228 61627 61252 382 217 817 61263 93 9164 61207 61314 61265 93 217 47962 61223 2032 1732 13785 543 58188 4023 322 8054 61243 61223 22719 61383 14568 617 9750 241 658 59033 1660 769 722 13690 241 18050 61223 2032 3927 16684 14660 3385 61316 6476 61216
1046 690 61279 1085 342 936 61223 4076 3069 893 554 4880 1299 414 7682 1507 4004 61223 3001 4260 6010 7421 61238 33185 9501 4880 14401 337 33185 9501 4880 14401 19617 4319 61223 2032 12078 549 11411 6611 61216
1667 61580 382 5168 15186 5608 12813 5748 4023 12869 11307 337 4225 1585 965 8612 6427 4225 1585 10556 61228 10025 14255 2150 6476 8612 731 3178 3098 61310 1482 6611 61223 722 12403 12813 5748 61223 17067 7046 4810 6611 10915 2190 421 2014 33963 4023 12869 11307 93 7052 61332 2121 7739 2980 23288 9360 337 17067 7046 4810 6611 4023 12869 459 4061 241 44610 4023 12869 11307 93 2980 61335 13539 2121 118 734 11958 61223 25215 46607 14213 12193 45450 543 1881 922 337 45450 543 1881 922 3385 1331 54160 11318 61332 2121 10812 61249 8980 61223 4063 46607 241 18050 50769 241 18050 50769 61223 2032 27318 29292 19656 29292 19656 52210 6783 337 1975 4903 17618 6144 52210 6783 6427 731 42189 61316 8346 3498 58619 7640 73 8787 3494 40644 21251 15720 3385 1331 49060 7640 61223 241 18050 50769 1347 36219 16284 731 42189 8667 73 8787 3494 40644 61228 10025 12869 11307 61216
1008 843 4004 195 28677 21768 61355 14586 1545 382 342 465 388 36439 11411 6611 18721 2034 459 331 1184 342 1085 1184 1658 61282 61228 13442 928 3978 50 1571 27710 110 61223 722 13690 1470 2905 2912 61235 388 56061 6204 12904 4160 3978 10385 93 38964 769 35063 554 6144 1470 2905 2912 61235 388 56061 4023 322 8054 61243 93 61961 61593 769 35063 554 6144 464 464 600 1982 61223 4076 241 7563 23287 5585 61423 151 8646 93 61293 8646 61265 52 37884 363 61243 15287 61275 6144 23012 217 817 1184 61263 93 61293 11701 647
1321 7628 61275 2121 24537 61223 17067 40305 6611 28922 1447 61238 50083 61223 40305 2249 60760 61223 4076 23054 954 1661 382 26565 47983 5608 337 930 14097 20607 5608 43893 61240 4706 43356 931 73 8787 3494 40644 337 17067 40305 6611 24140 28676 61223 17067 34863 14660 3385 61333 4976 936 241 5760 32423 4004 61216
1008 15618 322 26176 10963 61223 925 61569 61763 61567 61228 61593 61235 61591 3598 3385 57887 421 61223 2032 925 61569 61763 61567 61228 56499 61591 3598 337 1814 61235 1180 543 2097 29715 1661 382 43644 25270 7035 15333 61223 52463 3498 195 993 2099 10025 5585 922 61228 61644 61241 61279 1085 61241 61216
1008 33921 195 35342 61223 2354 27318 40230 61223 549 11411 44045 414 23718 3332 61223 8355 534 2249 241 18050 61223 10150 331 4747 546 922 4933 337 3385 61333 7593 954 61223 2032 38680 61223 17067 20564 658 8433 2020 3306 61223 549 11411 421 241 1545 1479 61223 722 13690 549 11411 421 24140 1660 61223 337 3385 1533 4747 954 61223 2032 12078 549 11411 421 24140 4286 61223 6427 4706 24537 61216
22880 1347 25184 1913 6611 3001 61223 4076 25698 464 1660 61313 37015 3385 1447 2599 414 996 24724 61228 57001 12442 21693 61223 1557 421 1846 18492 61238 1299 241 18050 61223 2032 12078 4225 21288 370 15720 241 18050 61223 2032 12078 1347 25184 1913 6611 3001 61216
1696 12926 61243 2719 414 1151 61223 2032 996 37212 61228 57001 4566 32869 20564 24047 250 4976 936 4706 464 1689 2157 1881 6427 1557 3495 7593 51554 241 296 8762 61398 61223 549 13565 19085 4976 342 47472 27731 2034 459 3385 1447 8762 931 61223 241 6152 12683 12078 549 20564 19085 4976 936 61216
1321 4975 1085 29699 6144 722 61303 2157 7251 939 690 61263 16684 14660 60405 4758 8194 2333 61535 61593 61223 26847 16684 14660 331 426 690 388 29699 8194 61223 337 3927 16684 14660 549 5490 16999 7977 61216
2871 2514 61333 731 382 5073 61398 22120 382 53644 620 61223 23012 1533 8346 3306 337 22120 382 53644 61275 34863 24694 40656 61223 3001 51747 9750 241 49243 61263 3498 24198 61423 61223 241 18050 50769 241 18050 61223 2032 12078 34863 24694 40656 61216
3030 22799 42504 2450 6208 7986 3306 337 993 1447 19895 14586 7563 1658 922 61223 195 12442 36439 61223 241 12442 21693 61223 241 41143 20385 426 2912 61241 15000 21059 4092 61223 241 6152 12683 25698 13565 3385 61270 817 534 4933 241 54849 4092 965 13758 13127 1982 4706 925 3434 61241 61263 337 2349 690 5109 315 266 61216
925 27218 12625 25678 10825 41268 337 41268 337 195 27218 12625 43356 931 24222 1127 5585 296 8762 61398 93 61293 18805 61265 241 31070 617 140 50556 61260 140 11701 3385 3196 1345 421 13899 26565 49529 93 217 47962 61223 39306 61228 2906 8335 93 61263 61275 61216 682 52 853 647
1008 5760 2470 5760 30063 61272 61223 61162 58211 6144 2312 22808 12857 61232 10556 61238 31002 26712 13579 1658 73 8787 3494 40644 4225 771 241 44610 39150 266 1303 61313 19138 1658 17414 37845 15186 4319 370 39932 440 1303 61313 19138 1658 296 31493 15345 61223 241 6152 12683 4225 771 31002 47100 250 1303 61313 19138 61263 73 8787 3494 1804 2906
6387 241 787 61671 61567 61223 4076 61055 60121 61223 195 1913 3306 61238 4706 4562 61310 61223 3064 16130 61238 61216
9170 20149 1985 44045 787 61671 61569 464 20149 61270 20385 290 61333 58055 61316 20191 61268 241 1046 61627 61591 61665 61600 40644 337 24694 1985 2249 658 61423 370 3306 8665 241 1046 61627 61591 61665 61600 1804 2906
1008 33921 195 1328 25095 48359 61223 55200 45575 1881 61223 18632 30633 1299 241 1661 363 61223 464 9814 459 421 241 31666 322 29292 27731 414 4460 459 61223 2032 3001 13565 464 61228 7272 61407 315 2190 61223 2032 3001 41940 2249 61223 2032 241 1072 7220 61275 6243 315 549 21073 893 554 936 241 31666 322 35063 554 3251 331 4460 3996 61216
47226 2070 61383 1583 426 5074 61243 38219 31093 61223 33462 61333 464 1689 2157 61333 18721 26402 38471 48159 44060 61383 93 217 47962 61223 13899 26217 21504 217 2121 21634 290 61333 241 4514 843 659 61513 1198 39556 31406 38219 49321 1433 3560 14096 2121 4514 1447 61270 659 61232 241 38109 1689 769 2032 61228 250 61223 38814 546 12078 24948 14660 331 2099 382 61407 936 61223 10150 549 7978 35892 414 1507 4004 337 549 1732 315 1660 49815 5836 61223 10150 549 1732 315 1660 49815 1881 61216
35382 24403 61243 18946 32113 73 8787 3494 40644 32733 40436 290 936 26402 46259 53192 41296 5748 464 25678 370 9044 1470 42918 61644 21315 27744 3769 1910 18603 337 36984 1470 17520 5109 388 27744 19845 18603 61223 195 27917 19106 25678 10825 1470 42918 61241 3498 19845 18603 61223 17067 34863 14660 25678 370 936 61216
7704 18033 36558 195 12613 61247 61223 241 39519 195 19602 12625 318 31475 61240 318 2333 61593 2333 61567 61627 1667 61627 2058 9576 15550 337 331 25184 936 61680 1347 6020 1947 9750 93 61263 382 5630 61238 6674 12644 40850 61265 93 61263 61275 61216
2603 1431 382 61294 337 5687 1184 61263 61223 731 33476 440 669 61223 669 61223 1732 342 1450 61243 717 659 342 14518 61243 6144 2333 61535 61593 337 1059 1947 342 61216
1008 31666 322 73 8787 3494 40644 296 31493 3498 38625 11307 61223 22588 61333 3306 61238 241 1046 61627 61591 61665 61600 40644 296 31493 18615 1331 61275 1661 382 15503 22299 3332 337 54608 34688 13290 2526 15503 4023 322 4460 4061 61223 21251 15720 32808 8194 41424 61223 10150 28617 52523 2014 33963 41898 2150 15503 18691 1689 241 45473 51911 42033 3251 37823 14755 16647 41898 2150 15503 18691 931 93 61600 61240 61270 426 5074 769 4076 31428 5388 5608 54608 34688 45148 2526 26565 2146 4463 3306 61216
22880 46752 15720 4256 1913 954 3001 61223 337 46752 15720 658 18972 954 2450 30063 61223 10150 1433 27801 954 12442 931 32781 731 9500 36439 61223 2526 12078 549 19041 3098 61243 464 2157 4286 61216
7391 13565 12100 47394 61223 2032 1557 44949 549 7136 21880 4880 241 2349 690 61263 61223 464 39122 61223 10150 42915 954 61223 2032 12078 7136 8737 421 296 7563 3178 61223 6427 2032 549 13565 61223 3927 13317 1257 8346 414 12308 893 61223 2450 1447 12078 20564 241 4751 61223 6427 20564 61223 2032 12078 20564 61223 7046 4810 6611 20069 48398 6144 3385 21426 61223 2032 12078 20564 61223 337 2032 12078 549 20564 61216
1544 3001 41940 2249 61223 2032 2121 36984 29449 1347 25184 1913 954 16550 4286 617 50241 6427 57926 1507 8433 61272 1557 459 543 1881 337 195 15347 1881 414 195 21426 346 11790 61223 722 13690 16372 23748 195 12571 922 61223 195 9283 922 8368 11411 3566 13301 17960 922 61223 241 18050 50769 241 18050 61223 2032 12078 549 11411 6611 13301 17960 61216
3030 16441 24765 18244 61243 331 720 18862 5168 43323 3498 37424 6812 61423 241 1661 363 61223 464 50278 1689 241 41143 36984 59245 6647 3498 6243 28332 61423 61223 941 266 948 1881 44583 2014 343 8728 8728 2097 61223 2032 3001 13565 3064 15594 61238 61216
27280 931 4256 5082 534 6611 12442 931 241 195 5748 4628 337 464 15345 61243 4240 1415 617 61223 722 658 29834 658 6020 1947 58680 12442 931 414 12442 931 414 195 370 8853 4810 61223 722 549 241 1538 13025 2896 2548 61216
6648 52158 620 61223 50658 46250 1299 241 658 51057 61316 1474 370 39932 61275 1470 543 3451 322 61223 16684 14660 21095 5388 241 5760 4975 3098 266 19120 61223 31701 4319 337 2146 32620 620 10556 4286 61223 241 893 6395 14401 241 5760 659 1085 61235 61316 6427 35383 25783 195 18972 30975 241 13152 2912 15503 658 543 61223 241 6152 12683 241 893 6395 6144 414 51057 2912 61279 61223 549 11411 7629 2450 15555 2014 29699 3251 4315 61232 2157 2912 217 61223 337 549 843 61270 6245 342 241 21880 4880 1299 241 195 10439 1184 195 10439 1184 61223 337 549 843 61270 6245 342 241 2468 13106 19282 2097 61216
1008 59804 13695 61223 2032 1489 2719 6611 1814 61235 1180 543 2097 12813 5748 61223 12078 8552 1982 6611 658 25597 922 6243 459 3832 14586 337 331 25184 265 3832 14586 28205 6812 922 61216
941 3566 549 9201 61238 61223 8368 549 24948 25678 8665 44584 37212 2146 322 18324 931 337 2146 322 18324 931 414 938 554 11165 61223 414 41970 30633 1299 414 938 554 11165 61223 337 16684 14660 3385 1331 414 414 19508 1814 39210 1881 61423 61223 722 13690 658 4092 2070 33773 1184 2249 195 21426 5608 5760 1689 4758 61243 5608 51513 61223 17067 3385 61316 12869 2548 241 5760 2470 61303 4061 61223 722 13690 241 18050 61223 2032 12078 549 34863 14660 3385 61263 1331 61216
1321 4571 61272 5608 337 1489 266 2905 61235 936 93 15616 61314 61265 1347 61316 3560 1846 6611 61223 10150 23054 954 5760 388 426 61513 61263 61223 17067 34863 14660 23054 936 241 5760 2470 5760 4092 61279 4061 61216
1008 45473 13695 61223 10150 27733 27885 7593 2249 61223 10150 549 24403 61243 18946 33026 56098 296 549 2514 61532 3566 543 948 1660 241 20385 61407 4240 1002 426 61232 20437 61223 20447 1474 18551 25678 15725 21796 9077 3251 52210 25380 1660 931 61223 20447 1474 18551 25678 15725 47568 61223 414 41970 30633 1299 7751 8853 922 61223 722 13690 4706 464 20115 370 23184 61275 61223 722 13690 4706 8028 3832 18603 61223 241 18050 50769 241 18050 61223 10150 20447 22814 24140 4286 13053 22814 56098 296 549 2514 61532 3566 543 5130 1660 61216
2603 9141 16665 17167 61350 26402 1474 61333 195 2146 965 1474 13367 195 2146 965 1474 13367 61223 2121 61228 1345 1433 3560 1331 61279 61223 464 50278 1689 61223 4076 2146 965 1474 931 1557 2526 1474 61223 464 51812 414 26889 11974 6208 61223 2032 731 24537 4225 2020 61243 241 1489 15550 61216
925 26073 7682 48159 44060 61383 2030 5748 61238 2121 13095 19508 73 8787 3494 40644 549 464 2070 11568 6427 549 731 11492 421 61223 2526 337 549 731 11492 421 61216
201 61591 151 48659 13317 3064 61272 31093 43883 9752 61243 464 13803 61275 5013 61816 61596 61569 5875 61275 53919 5080 201 62005 61816 61596 61569 11411 61268 55908 61223 2032 549 11411 2249 14825 370 5836 4706 3051 9776 388 61287 337 201 61272 18050 44768 61223 14213 3064 36167 61407 9826 37424 6812 61223 24140 61223 151 48659 16684 14660 331 2108 1768 3306 3056 201 1533 20115 12688 1299 61223 2032 11451 61272 2108 28774 18691 546 1709
46483 30637 61238 1338 11568 23646 23054 421 4023 21561 3451 3306 61223 195 9191 2190 421 29699 5608 4706 5760 2470 61303 290 4061 61223 195 9191 2190 421 29699 5608 414 45331 600 343 61423 73 8787 3494 40644 4706 13695 61223 10150 1303 61333 7593 954 7986 3306 722 465 61310 771 936 61223 241 38637 12078 19041 3098 61243 25678 8665 21750 2840 931 4706 39345 1881 45486 61223 241 6152 12683 12078 34863 14660 2312 459 14363 23224 936 61223 241 6152 12683 12078 34863 3385 24912 954 61216
3030 61366 48291 7524 6144 195 27594 16684 26153 1447 8665 241 1489 15550 57926 260 18615 241 549 617 2896 61223 2032 61228 250 61223 2526 43008 14423 7629 61223 2032 3750 8853 1768 16684 14660 260 315 61272 3251 6427 1814 39210 1881 61223 241 6152 12683 414 2662 1489 1689 1910 61238 1814 39210 2097 16684 14660 1347 20634 3451 8194 61216
1008 1151 6010 17847 61223 14954 1170 11790 331 5358 50565 51747 9750 414 22918 19110 3196 61423 61223 414 41970 1910 61238 1299 414 8113 5130 61275 21634 290 61238 61223 414 21880 4880 1299 241 13095 6498 61275 25270 39750 61223 241 6152 12683 25698 13565 13053 22814 61216
1008 21045 3832 4240 11192 3332 265 464 1689 61303 931 61223 996 217 421 61240 337 549 440 39183 3832 5608 993 948 3052 31042 61383 9077 5608 4023 61563 266 21561 43563 2599 2121 21231 421 4260 32808 5608 23274 440 26565 33426 1474 61223 17067 7046 4810 6611 44167 1913 954 21676 61366 2097 337 21676 61366 2097 658 465 8667 10825 61216
2929 30637 61383 61223 549 12926 61243 2719 414 35764 1180 2190 38625 1982 61223 60979 2249 90 7583 61228 5490 2470 61303 4061 61223 17067 24948 14660 731 1180 4976 19952 363 936 241 18050 61223 2032 12078 20564 195 31773 421 5168 922 22222 61223 2032 12403 1931 620 2070 61240 20564 195 731 1180 4976 19952 363 936 61216
35382 13695 61223 10150 4256 5082 61313 37015 8753 57869 9077 13758 28265 3560 61223 1557 421 1846 17051 1557 1153 25518 2312 30301 61235 13025 993 4254 8667 465 21449 5760 61477 1750 7640 61223 20564 56807 315 936 12100 1474 4628 61241 5608 1489 61241 6395 4061 61223 17067 1732 3418 363 290 6611 1732 3418 363 322 2097 29449 61216
21248 3385 21880 5608 996 61270 2599 7978 15720 1557 36984 29449 61223 12078 46752 15720 1347 25184 45416 136 1507 8433 61272 20215 319 61275 769 10150 1347 25184 45416 8035 10791 2097 61223 337 12078 549 34863 14660 3385 2020 11974 936 61216
2438 50278 1689 12078 49643 6611 11411 61513 25285 61513 60103 241 5760 32423 4004 61223 3750 617 61310 9826 6427 8113 426 659 1127 28186 4023 322 4460 6812 6427 722 965 6783 217 6647 9826 5760 1689 4758 6812 16684 464 967 343 954 61223 10150 464 967 343 954 4315 61232 61313 13473 61223 26847 414 41970 1910 61238 414 195 10439 363 61223 414 41970 1910 61275 1299 414 4256 3052 617 61223 4076 1667 61263 25375 265 3832 9826 61680 4315 817 2014 61333 61216
2438 50278 1689 1059 1451 266 16684 24403 11716 954 32808 13758 60103 331 49489 2058 195 15231 388 3566 61223 722 13690 16898 33856 2468 342 19676 3498 59352 61223 17067 34863 14660 13053 5388 61349 241 44610 16898 20607 3498 59352 61223 17067 34863 14660 31002 47100 3306 241 45473 16372 5551 61383 195 31970 10624 922 337 31970 10624 922 28205 6812 922 61223 722 13690 195 2354 922 61223 17067 34863 14660 31002 47100 3306 241 45473 16372 5551 61383 195 2354 1910 5585 922 61223 722 13690 241 18050 44768 61223 17067 34863 14660 31002 47100 3306 241 33921 195 2354 922 24198 922 61216
35382 722 61303 2157 266 4061 8728 54876 3206 421 61223 2032 73 8787 3494 40644 1732 25678 370 6208 140 50556 61260 140 11701 61228 27040 61247 464 20115 370 9044 60405 4758 3251 938 61644 61563 4975 1085 29699 3251 28081 11095 1658 414 44584 13367 53366 61216
52949 13695 61223 4706 13695 61223 10150 731 45691 2108 954 3385 21426 61223 8368 4225 266 3566 4260 12403 938 2905 61240 195 1470 42918 61241 14586 938 554 61513 620 922 61223 17067 8368 19041 967 61275 1732 3418 363 1660 61216
21454 24765 24636 11642 61398 1002 61383 61263 61228 61596 61232 620 61310 61310 61252 658 30976 61268 331 5065 3566 35063 554 13194 195 382 5358 61223 3385 61270 817 2020 56141 241 1046 61627 61591 61665 61600 40644 549 534 6647 3498 13579 1658 61423 61216
1544 16684 14660 61223 3927 7136 843 5486 7629 195 30423 1913 922 61236 52 2990 61216
35382 1814 3996 1982 1910 440 61228 363 2070 33773 29699 3251 2990 61263 1658 7459 948 217 13594 414 20376 954 22799 24207 58459 20437 61223 414 41970 47195 1299 241 416 2146 948 47194 56299 54333 4663 647 500 27943 61223 500 41734 27943 61223 1676 11980 61312 27943 337 11549 6427 24576 61216
21248 12613 61247 3664 61241 6783 61263 35392 1450 61243 12100 2146 4463 7640 61223 16684 61223 24140 61223 993 1768 7593 954 61223 2032 3001 16684 14660 195 265 2014 12570 61216
9153 21634 290 61333 337 2121 21634 290 61333 1557 266 1985 6611 549 21073 893 554 5608 337 549 21073 893 554 5608 38110 936 59072 290 73 8787 3494 40644 1557 43214 9025 6611 549 21073 893 554 5608 38110 936 59072 290 61223 38814 546 549 21073 893 554 9826 60462 61223 40633 549 21073 893 554 217 12193 58619 60510 73 8787 3494 40644 241 7704 18222 4818 17356 61423 61223 2526 549 21073 893 554 9826 60462 61223 40633 1303 61333 42190 7629 61223 2526 549 13565 19085 4976 217 61216
1008 1151 6010 17847 61223 2032 993 47440 21251 15720 45331 600 421 30734 61223 11411 24207 48037 37212 45331 600 421 931 61223 17067 1303 61333 7593 15720 241 38219 1331 61275 464 11983 6208 61223 12078 34863 1814 61303 4880 43718 1347 9043 1910 9044 61223 241 38637 12078 549 4225 21288 370 15720 61216
1008 1151 17847 61223 14954 12403 3769 382 4880 36886 20564 8028 10556 195 5082 15186 61349 938 34740 1482 922 61223 12078 20564 1732 4976 5388 61349 195 4254 3178 965 8991 3142 922 2312 61383 1658 922 61223 17067 20564 3385 315 13057 61349 241 18050 17847 61223 14954 12078 20564 8028 10556 61223 2526 12078 549 20564 3385 315 13057 61349 61216
11737 3996 1982 1910 61238 4706 1975 21067 61228 322 61423 265 1127 9077 3251 7563 23287 5585 93 217 47962 61223 3385 5627 33249 5608 241 2871 61240 61270 382 546 382 546 61263 1532 61383 769 731 382 5073 61398 5135 61228 5019 61228 620 25380 61232 3238 414 73 8787 3494 40644 1732 3418 363 290 2249 993 49060 7640 58889 29449 61223 17067 549 658 4092 2070 370 15720 61223 464 50278 1689 12078 1732 3418 363 290 6611 61223 10150 25678 12869 2548 414 29449 61223 17067 20564 3385 2020 58211 61349 241 13095 6498 61383 11192 3332 265 61216
6387 787 61671 61567 61223 4076 241 43434 343 61223 38027 32287 1881 16684 13053 22814 20069 48398 13758 9592 2190 61223 40633 8355 9196 3064 3385 18237 290 954 3186 7163 343 8762 41752 61223 40633 8355 534 2249 3385 18237 290 954 195 27917 19106 2312 30293 61272 3251 27885 16647 61216
1321 61252 342 337 2034 1184 61263 549 34863 1814 61303 4880 43718 2030 61241 1768 5608 5554 61270 931 93 61303 2719 5748 61238 2030 61241 1447 26565 1415 3996 6427 39556 382 61238 1928 61279 25380 61232 30267 1415 3996 61265 337 21209 382 342 465 388 61316 93 5490 16999 1985 18492 61238 1170 426 2912 27274 346 426 342 465 388 61316 6427 39556 382 440 1928 61279 25380 61232 17607 346 363 342 465 322 1345 647
